0.000915463917525773	27	0.00103092783505155	35
0.00234226804123711	52	0.0022680412371134	53
0.00494020618556701	77	0.00474226804123711	80
0.00711752577319588	102	0.00680412371134021	138
0.00854845360824742	126	0.00804123711340206	190
0.0101443298969072	154	0.00948453608247423	265
0.0115134020618557	182	0.0103092783505155	340
0.0123835051546392	203	0.011340206185567	395
0.0132989690721649	225	0.0119587628865979	448
0.0146680412371134	251	0.0134020618556701	515
0.0159216494845361	277	0.0142268041237113	588
0.0169113402061856	300	0.0152577319587629	638
0.0180907216494845	322	0.0164948453608247	675
0.0188453608247423	327	0.0164948453608247	715
0.0198061855670103	353	0.0181443298969072	770
0.0213443298969072	377	0.0189690721649485	820
0.0228948453608247	382	0.0206185567010309	820
0.0163546391752577	394	0.0216494845360825	820
0.0252701030927835	402	0.022680412371134	870
0.0261855670103093	426	0.0235051546391753	925
0.00177319587628866	443	0.0245360824742268	970
0.00525773195876289	459	0.025360824742268	1000
0.0045979381443299	470	0.0270103092783505	1028
0.00390515463917526	487	0.0274226804123711	1058
