-0.000474583406971015	27
0.000952220716740322	52
0.00355015886107022	77
0.00572747844869909	102
0.00715840628375063	126
0.00875428257241041	154
0.0101233547373589	182
0.0109934578301424	203
0.0119089217476681	225
0.0132779939126166	251
0.0145316021600393	277
0.0155212928816888	300
0.0167006743249877	322
0.0174553135002455	327
0.0184161382425135	353
0.0199542825724104	377
0.0215047980363279	382
0.0149645918507609	394
0.0238800557682867	402
0.0247955196858125	426
0.000383148551791872	443
0.0038676846342661	459
0.00320789081983311	470
0.00251510731467847	487
