#GAMMA2	FORCE2
0	0
0	0
0	0
0	0
0	0
0	0
0	0
0	0
6.028e-09	1.1721e-05
1.2123e-07	0.00024069
6.8898e-07	0.0013802
1.8076e-06	0.0036455
2.5118e-06	0.0051002
1.0196e-06	0.0021339
-4.0398e-06	-0.0080605
-1.2224e-05	-0.02463
-2.089e-05	-0.042249
-2.6074e-05	-0.052885
-2.3836e-05	-0.048529
-1.1169e-05	-0.023048
1.3348e-05	0.026478
4.8693e-05	0.098036
9.0685e-05	0.18321
0.00013212	0.26741
0.00016439	0.3332
0.0001802	0.36568
0.00017603	0.35761
0.00015297	0.31116
0.00011566	0.23565
7.0319e-05	0.1437
2.3323e-05	0.048278
-1.9522e-05	-0.03883
-5.3646e-05	-0.10831
-7.6325e-05	-0.1546
-8.6752e-05	-0.17601
-8.5773e-05	-0.17423
-7.606e-05	-0.15465
-6.2461e-05	-0.12707
-5.1082e-05	-0.10386
-4.7006e-05	-0.095409
-5.223e-05	-0.10583
-6.5082e-05	-0.1318
-8.0879e-05	-0.16387
-9.3291e-05	-0.1892
-9.6215e-05	-0.19538
-8.5633e-05	-0.17419
-6.0664e-05	-0.12379
-2.3513e-05	-0.048584
2.1405e-05	0.042494
6.8372e-05	0.13786
0.00011097	0.22449
0.00014295	0.28967
0.00015949	0.3236
0.00015844	0.32182
0.00014071	0.28615
0.00011014	0.22429
7.276e-05	0.14848
3.5705e-05	0.073184
5.6148e-06	0.011905
-1.3016e-05	-0.026171
-1.9195e-05	-0.038952
-1.5795e-05	-0.032195
-8.1969e-06	-0.016798
-1.8286e-06	-0.0038009
-3.7864e-07	-0.00073474
-5.3911e-06	-0.010776
-1.64e-05	-0.033019
-3.1107e-05	-0.062832
-4.5828e-05	-0.092757
-5.6326e-05	-0.1142
-5.8507e-05	-0.11883
-4.8816e-05	-0.099428
-2.5305e-05	-0.051984
1.0467e-05	0.020429
5.2324e-05	0.10536
9.0645e-05	0.18333
0.00011577	0.23467
0.00012179	0.24731
0.00010858	0.22085
8.1212e-05	0.16551
4.776e-05	0.097635
1.6689e-05	0.034438
-5.4981e-06	-0.010826
-1.5486e-05	-0.031362
-1.2604e-05	-0.02577
2.5092e-06	0.0046709
2.8119e-05	0.056473
6.032e-05	0.12176
9.2745e-05	0.18765
0.00011833	0.2398
0.00013174	0.26729
0.00013039	0.26486
0.00011407	0.23203
8.3442e-05	0.17015
3.9104e-05	0.080415
-1.7775e-05	-0.03481
-8.4883e-05	-0.17086
-0.00015903	-0.32126
-0.0002364	-0.4783
-0.00031207	-0.63201
-0.00037957	-0.76926
-0.00043147	-0.87501
-0.00046126	-0.93597
-0.0004652	-0.94451
-0.00044267	-0.89931
-0.00039469	-0.80242
-0.0003222	-0.65576
-0.00022605	-0.46105
-0.00010828	-0.2224
2.7371e-05	0.052648
0.00017614	0.35443
0.00033232	0.67137
0.00048812	0.98776
0.00063309	1.2824
0.0007553	1.531
0.00084375	1.7114
0.00089031	1.8068
0.00089089	1.8089
0.00084615	1.719
0.00076227	1.5494
0.00065087	1.3237
0.00052671	1.0718
0.00040343	0.82138
0.0002895	0.58987
0.00018733	0.38224
9.5074e-05	0.1948
9.0071e-06	0.020004
-7.5069e-05	-0.15067
-0.00016071	-0.32446
-0.00024929	-0.50422
-0.00033876	-0.68587
-0.00042383	-0.85871
-0.00049759	-1.0087
-0.00055328	-1.1222
-0.00058488	-1.1869
-0.00058742	-1.1927
-0.00055874	-1.1351
-0.00050292	-1.0222
-0.00043256	-0.87953
-0.00036747	-0.74706
-0.00032924	-0.66872
-0.00033399	-0.67741
-0.00038607	-0.7822
-0.00047574	-0.96365
-0.00058188	-1.179
-0.00067794	-1.3745
-0.0007385	-1.4984
-0.00074425	-1.5113
-0.00068452	-1.3914
-0.00055769	-1.1353
-0.00037026	-0.75597
-0.00013562	-0.28043
0.00012743	0.25316
0.00039687	0.80022
0.00065121	1.317
0.00087372	1.7695
0.0010549	2.1206
0.0011912	2.1918
0.0012829	2.2398
0.001331	2.2651
0.0013358	2.2654
0.0012979	2.1893
0.0012192	2.0303
0.0011037	1.7965
0.00095792	1.5011
0.00078955	1.1598
0.00060469	0.7848
0.0004063	0.38235
0.00019389	-0.048523
-3.5471e-05	-0.51373
-0.00028473	-1.0193
-0.00055137	-1.5604
-0.00080979	-1.9925
-0.0010356	-2.1103
-0.0012252	-2.2092
-0.0013774	-2.2887
-0.0014913	-2.3482
-0.0015669	-2.3878
-0.001604	-2.4074
-0.0016023	-2.3986
-0.0015606	-2.3147
-0.0014776	-2.147
-0.0013534	-1.8957
-0.0011905	-1.5659
-0.00099326	-1.1661
-0.00076505	-0.70346
-0.00050747	-0.18118
-0.00022143	0.39891
8.9891e-05	1.0304
0.00041014	1.6807
0.00070436	1.9374
0.0009626	2.0721
0.0011865	2.1889
0.0013769	2.2882
0.0015331	2.3698
0.0016531	2.4325
0.0017333	2.4745
0.0017688	2.4932
0.0017506	2.4566
0.0016692	2.2927
0.0015218	1.9948
0.0013135	1.5731
0.0010554	1.0501
0.00076166	0.45445
0.00044668	-0.18464
0.00012449	-0.83865
-0.00019083	-1.4791
-0.00047592	-1.8185
-0.00071608	-1.9438
-0.00091445	-2.0473
-0.0010764	-2.1318
-0.001208	-2.2005
-0.0013151	-2.2565
-0.0014025	-2.3021
-0.001473	-2.3389
-0.0015285	-2.3679
-0.0015703	-2.3897
-0.0015994	-2.4049
-0.0016166	-2.414
-0.0016223	-2.417
-0.0016168	-2.4069
-0.0016005	-2.374
-0.0015733	-2.319
-0.0015345	-2.2405
-0.0014848	-2.1399
-0.001429	-2.0266
-0.0013778	-1.9224
-0.0013482	-1.8617
-0.0013599	-1.8843
-0.0014201	-2.0056
-0.0015253	-2.2183
-0.0016626	-2.4372
-0.0018179	-2.518
-0.0019834	-2.6042
-0.0021506	-2.6913
-0.0023105	-2.7746
-0.0024527	-2.8488
-0.002562	-2.906
-0.0026172	-2.9351
-0.0025907	-2.8805
-0.0024552	-2.608
-0.0021931	-2.0785
-0.0017998	-1.2827
-0.0012881	-0.24605
-0.00071323	0.92035
-0.00014045	1.4958
0.00041279	1.7841
0.00095349	2.0658
0.0014822	2.3413
0.0019898	2.6058
0.0024563	2.8491
0.002853	3.0562
0.0031337	3.2032
0.0032303	3.2564
0.003068	2.9328
0.0026046	1.998
0.0018911	0.55378
0.0010302	-1.0306
0.00011014	-1.5096
-0.00085187	-2.0105
-0.0018464	-2.5284
-0.0028569	-3.0547
-0.0038586	-3.5766
-0.0048201	-4.0778
-0.0057053	-4.5394
-0.0064768	-4.942
-0.0070942	-5.2645
-0.0075062	-5.4804
-0.0076541	-5.5628
-0.0074817	-5.2199
-0.0069653	-4.1783
-0.0061649	-2.5582
-0.0052035	-1.1439
-0.0041689	-0.60527
-0.0030794	-0.038008
-0.001946	0.55218
-0.00077771	1.1606
0.00041794	1.7833
0.0016347	2.417
0.0028675	3.059
0.0041118	3.7072
0.0053642	4.3595
0.0066113	5.0092
0.0078173	5.6377
0.00895	5.973
0.010002	6.0778
0.010984	6.1756
0.011904	6.2673
0.012766	6.3531
0.01357	6.4332
0.014309	6.5068
0.014973	6.5731
0.015549	6.6305
0.016021	6.6776
0.016371	6.7126
0.016564	6.7319
0.016539	6.65
0.016236	6.0417
0.015647	4.8496
0.014855	3.246
0.013984	2.2421
0.013107	1.7848
0.01225	1.3386
0.011445	0.91874
0.01072	0.54077
0.010106	0.21988
0.009631	-0.028142
0.0093322	-0.18481
0.0092448	-0.23013
0.0093955	0.070795
0.0097805	0.84785
0.010355	2.0109
0.011044	3.4072
0.01176	4.2189
0.012457	4.582
0.013116	4.9255
0.013721	5.2412
0.01426	5.5221
0.01472	5.7621
0.01509	5.9556
0.015363	6.0983
0.015531	6.1864
0.015587	6.2173
0.015518	6.08
0.015316	5.6732
0.014983	5.0001
0.014529	4.0806
0.013968	2.9442
0.013332	1.9009
0.012665	1.5535
0.011965	1.1895
0.011225	0.80406
0.010432	0.39134
0.0095908	-0.04663
0.008721	-0.49958
0.0078404	-0.78682
0.0069503	-0.8672
0.0060366	-0.9497
0.0050848	-1.0356
0.0040815	-1.1262
0.0030125	-1.2227
0.0018313	-1.3292
0.00046424	-1.4525
-0.0011464	-2.0969
-0.002976	-3.0659
-0.0049383	-4.1057
-0.0069444	-5.1691
-0.0089085	-5.9679
-0.010776	-6.1539
-0.012534	-6.3291
-0.014179	-6.493
-0.015704	-6.6449
-0.017105	-6.7845
-0.018378	-6.9113
-0.019517	-7.0249
-0.020519	-7.1248
-0.02138	-7.2107
-0.022099	-7.2824
-0.022675	-7.3398
-0.023107	-7.383
-0.023396	-7.4119
-0.02353	-7.4255
-0.023484	-7.3351
-0.023234	-6.8308
-0.022778	-5.9089
-0.022146	-4.6304
-0.021405	-3.1794
-0.020646	-2.7836
-0.019902	-2.3962
-0.019196	-2.0279
-0.018545	-1.6886
-0.017965	-1.3863
-0.017468	-1.127
-0.017061	-0.91424
-0.016745	-0.74942
-0.016521	-0.63227
-0.016386	-0.56145
-0.016336	-0.53484
-0.016365	-0.58268
-0.016459	-0.77273
-0.016593	-1.044
-0.016731	-1.3247
-0.016834	-1.5348
-0.016864	-1.599
-0.016794	-1.459
-0.016609	-1.0841
-0.016322	-0.52913
-0.015963	-0.34249
-0.015541	-0.12286
-0.015063	0.070685
-0.014539	0.11801
-0.013969	0.16948
-0.013357	0.2247
-0.012711	0.283
-0.012041	0.3435
-0.011356	0.40536
-0.010663	0.46796
-0.0099639	0.53108
-0.009258	0.59484
-0.0085407	0.65961
-0.0078063	0.72592
-0.0070487	0.79432
-0.0062621	0.87081
-0.0054413	0.95248
-0.0045817	1.038
-0.0036795	1.1278
-0.0027327	1.222
-0.0017424	1.3205
-0.00071297	1.423
0.00034914	1.5287
0.0014367	1.6369
0.0025439	1.7471
0.0036664	1.8588
0.0048012	1.9718
0.0059447	2.0856
0.007099	2.2005
0.0082835	2.3292
0.0095071	2.9776
0.010746	3.6343
0.011969	4.2828
0.013147	4.9077
0.014253	5.4947
0.015265	6.0314
0.016161	6.5071
0.016928	6.7675
0.017569	6.8315
0.018095	6.884
0.018513	6.9257
0.018828	6.9571
0.019043	6.9787
0.019161	6.9905
0.019179	6.9897
0.019088	6.8071
0.018863	6.3548
0.018472	5.564
0.017881	4.3677
0.017116	2.8181
0.016244	2.3251
0.015265	1.8159
0.014164	1.2431
0.01295	0.61129
0.011661	-0.060067
0.010333	-0.53727
0.0089811	-0.65933
0.007593	-0.78466
0.0061544	-0.91454
0.0046523	-1.0501
0.0030756	-1.1925
0.0014147	-1.3524
-0.00033806	-1.5268
-0.002189	-1.7109
-0.0041434	-1.9054
-0.0062058	-2.1105
-0.0084006	-2.3288
-0.010809	-2.5684
-0.013497	-2.8356
-0.016444	-3.6493
-0.01955	-5.2955
-0.022654	-6.9413
-0.025609	-7.6294
-0.028346	-7.9021
-0.030836	-8.1503
-0.033058	-8.3718
-0.034996	-8.388
-0.03665	-8.3746
-0.038024	-8.3635
-0.039123	-8.3546
-0.039937	-8.348
-0.040423	-8.344
-0.040513	-8.3095
-0.040148	-7.5761
-0.039367	-5.9981
-0.038287	-4.0369
-0.037021	-3.3784
-0.035596	-2.6372
-0.034034	-1.8241
-0.032387	-0.96641
-0.030708	-0.72529
-0.02901	-0.57201
-0.027298	-0.41737
-0.025577	-0.26193
-0.023857	-0.10652
-0.022149	0.063316
-0.020468	0.2307
-0.018828	0.39402
-0.017241	0.55204
-0.015718	0.70374
-0.014267	0.84819
-0.012898	0.98458
-0.011619	1.1121
-0.010437	1.2298
-0.0093627	1.3369
-0.008407	1.4321
-0.0075893	1.5137
-0.0069463	1.5779
-0.0065274	1.6199
-0.0063842	1.6352
-0.0065437	1.3848
-0.0069655	0.71389
-0.0075707	-0.25192
-0.008262	-1.3569
-0.0089429	-1.74
-0.0095738	-1.7971
-0.010144	-1.8486
-0.010635	-1.8931
-0.01103	-1.9288
-0.011306	-1.9539
-0.011447	-1.9668
-0.011434	-1.9371
-0.011257	-1.6573
-0.010927	-1.1313
-0.010473	-0.40715
-0.0099492	0.43007
-0.0094243	1.2701
-0.0089539	1.4018
-0.008545	1.4388
-0.0081881	1.471
-0.0078727	1.4996
-0.0075865	1.5254
-0.007316	1.5499
-0.0070465	1.5742
-0.0067632	1.5998
-0.0064518	1.6279
-0.0060987	1.6625
-0.0056909	1.703
-0.0052153	1.7503
-0.004659	1.8056
-0.004009	1.8702
-0.003253	1.9453
-0.0023805	2.032
-0.001383	2.1312
-0.00025448	2.2434
0.0010085	2.369
0.0024073	2.5081
0.0039417	2.6607
0.0056087	2.8265
0.0074076	3.0054
0.0093795	3.2015
0.011568	3.7243
0.013953	4.9878
0.016419	6.2949
0.01885	7.5839
0.02115	7.9612
0.02329	8.1744
0.025263	8.371
0.027066	8.4522
0.028703	8.4389
0.030188	8.4269
0.03153	8.416
0.03274	8.4062
0.033823	8.3975
0.034784	8.3897
0.035621	8.3829
0.036331	8.3772
0.036909	8.3725
0.037348	8.3689
0.037641	8.3666
0.03778	8.3654
0.037762	8.3217
0.037588	7.9725
0.037286	7.3604
0.036892	6.5636
0.036436	5.6383
0.035929	4.6107
0.035371	3.9757
0.034736	3.6452
0.034018	3.2717
0.033223	2.8576
0.032356	2.4064
0.031424	1.9217
0.030436	1.4072
0.0294	0.87682
0.028337	0.7808
0.02725	0.68267
0.026137	0.58219
0.024995	0.47902
0.023818	0.37273
0.022599	0.26275
0.021332	0.1483
0.020005	0.018328
0.01861	-0.12051
0.017135	-0.26717
0.015573	-0.42262
0.013913	-0.58779
0.012146	-0.76357
0.010264	-0.95074
0.0082609	-1.15
0.0061303	-1.362
0.0038673	-1.5871
0.0014685	-1.8258
-0.0010687	-2.0782
-0.0037457	-2.3445
-0.0065617	-2.6247
-0.0095043	-2.9175
-0.012543	-3.2199
-0.015646	-3.5287
-0.018783	-3.8411
-0.021928	-4.1541
-0.025055	-4.4655
-0.028143	-4.7729
-0.031175	-4.8308
-0.034147	-5.6393
-0.037008	-6.8485
-0.039713	-7.9919
-0.042307	-8.3288
-0.044823	-8.3084
-0.047266	-8.2886
-0.049638	-8.2694
-0.051941	-8.2508
-0.054177	-8.2327
-0.056348	-8.2151
-0.058452	-8.1981
-0.060489	-8.1816
-0.062456	-8.1657
-0.06435	-8.1503
-0.066166	-8.1356
-0.067901	-8.1216
-0.069552	-8.1082
-0.071115	-8.0956
-0.072589	-8.0836
-0.073969	-8.0724
-0.075252	-8.0621
-0.076435	-8.0525
-0.077513	-8.0438
-0.078481	-8.0359
-0.079336	-8.029
-0.080076	-8.023
-0.080699	-8.018
-0.081204	-8.0139
-0.081593	-8.0107
-0.081865	-8.0085
-0.082021	-8.0073
-0.082062	-8.0082
-0.081987	-7.8586
-0.081808	-7.4966
-0.08155	-6.974
-0.081248	-6.3617
-0.08094	-5.7367
-0.080661	-5.1687
-0.080424	-4.6871
-0.080201	-4.2347
-0.079929	-3.7561
-0.079537	-3.5528
-0.078995	-3.2713
-0.078289	-2.9045
-0.07741	-2.4475
-0.076355	-1.899
-0.075146	-1.2697
-0.073829	-0.5841
-0.072446	-0.40816
-0.071007	-0.27823
-0.069511	-0.14312
-0.067956	-0.002767
-0.066343	0.1429
-0.06467	0.30039
-0.062939	0.47265
-0.06115	0.65065
-0.059305	0.83432
-0.057403	1.0236
-0.055444	1.2185
-0.05343	1.4189
-0.051361	1.6248
-0.049239	1.836
-0.047066	2.0523
-0.044845	2.2734
-0.042581	2.4987
-0.040279	2.7278
-0.037943	2.9603
-0.03558	3.1955
-0.033195	3.4329
-0.030794	3.6719
-0.028386	3.9116
-0.025992	4.15
-0.023634	4.3848
-0.021332	4.614
-0.019104	4.8358
-0.01697	5.0485
-0.014942	5.2041
-0.013031	5.1887
-0.011234	5.1741
-0.0095469	5.1605
-0.0079668	5.1477
-0.0064915	5.1357
-0.0051191	5.1246
-0.0038484	5.1143
-0.0026783	5.1049
-0.0016078	5.0962
-0.00063519	5.0883
0.00024154	5.0812
0.0010248	5.0749
0.0017171	5.0693
0.0023208	5.0644
0.0028379	5.0602
0.0032703	5.0567
0.0036195	5.0539
0.0038873	5.0517
0.0040751	5.0502
0.0041848	5.0493
0.0042186	5.0588
0.0041789	4.9912
0.0040741	4.8245
0.0039199	4.5785
0.0037373	4.2867
0.0035488	3.9852
0.0033755	3.7077
0.003231	3.4761
0.0031164	3.2924
0.0030206	3.139
0.0029227	2.9827
0.0027957	2.7802
0.0026114	2.4865
0.0023497	2.0692
0.0020291	1.7082
0.0016741	1.6761
0.0012861	1.6411
0.00086536	1.6032
0.00041326	1.5624
-6.8498e-05	1.5189
-0.00057827	1.4729
-0.001115	1.4244
-0.0016782	1.3736
-0.0022682	1.3203
-0.0028853	1.2646
-0.0035301	1.2064
-0.0042029	1.1456
-0.0049034	1.0824
-0.0056304	1.0168
-0.0063817	0.94892
-0.0071553	0.87907
-0.0079498	0.80733
-0.0087649	0.73373
-0.0096012	0.65821
-0.010459	0.58076
-0.011337	0.50147
-0.012233	0.4206
-0.01314	0.33233
-0.014053	0.24149
-0.014961	0.15108
-0.015854	0.062124
-0.016723	-0.024402
-0.017558	-0.10758
-0.018352	-0.18658
-0.019095	-0.26068
-0.019784	-0.32925
-0.02041	-0.3917
-0.020966	-0.4471
-0.021435	-0.4939
-0.021796	-0.52995
-0.022022	-0.55266
-0.022087	-0.55857
-0.021963	-0.36405
-0.021643	0.14532
-0.021156	0.92213
-0.020572	1.8544
-0.01997	2.7752
-0.01941	2.8259
-0.018897	2.8722
-0.01843	2.9145
-0.018007	2.9527
-0.01763	2.9868
-0.017302	3.0165
-0.017025	3.0415
-0.016805	3.0615
-0.01665	3.0755
-0.016579	3.0821
-0.016622	3.0218
-0.016814	2.7171
-0.01718	2.1359
-0.017713	1.2857
-0.018349	0.26877
-0.019011	-0.28079
-0.019662	-0.33965
-0.020307	-0.39788
-0.020949	-0.45583
-0.02159	-0.51379
-0.022234	-0.57323
-0.022882	-0.63767
-0.023532	-0.70244
-0.024185	-0.76745
-0.024839	-0.83248
-0.025489	-0.89722
-0.026133	-0.96135
-0.026767	-1.0245
-0.027389	-1.0864
-0.027994	-1.1467
-0.028581	-1.2051
-0.029147	-1.2615
-0.029691	-1.3157
-0.030211	-1.3675
-0.030705	-1.4167
-0.031174	-1.4633
-0.031616	-1.5074
-0.032032	-1.5488
-0.032424	-1.5879
-0.032794	-1.6247
-0.033144	-1.6596
-0.033477	-1.6927
-0.033795	-1.7244
-0.034101	-1.7549
-0.0344	-1.7847
-0.034698	-1.8143
-0.035001	-1.8445
-0.035318	-1.876
-0.03566	-1.91
-0.036037	-1.9475
-0.036461	-1.9897
-0.036944	-2.0377
-0.037499	-2.0929
-0.038137	-2.1562
-0.038866	-2.2287
-0.039695	-2.3111
-0.040627	-2.4038
-0.041665	-2.5071
-0.042808	-2.6207
-0.044046	-2.7438
-0.045359	-2.8745
-0.046729	-3.0108
-0.048135	-3.1507
-0.049558	-3.2924
-0.05098	-3.434
-0.052383	-3.5737
-0.053751	-3.7099
-0.055069	-3.8412
-0.056322	-3.966
-0.057498	-4.0831
-0.058587	-4.1916
-0.059579	-4.2905
-0.060469	-4.3792
-0.061251	-4.4572
-0.061921	-4.524
-0.062476	-4.5774
-0.062915	-4.5738
-0.06324	-4.5712
-0.063454	-4.5695
-0.063558	-4.5686
-0.063554	-4.5497
-0.063446	-4.3787
-0.06325	-4.0662
-0.06299	-3.6516
-0.06269	-3.1722
-0.062366	-2.6538
-0.062026	-2.1108
-0.061674	-1.5473
-0.061307	-1.2206
-0.060904	-1.1843
-0.060457	-1.1439
-0.059968	-1.0998
-0.059442	-1.0524
-0.058882	-1.0018
-0.058293	-0.94866
-0.057679	-0.89316
-0.057042	-0.83572
-0.056388	-0.77667
-0.055721	-0.71635
-0.055042	-0.65506
-0.054355	-0.59307
-0.053663	-0.53057
-0.052967	-0.46767
-0.052267	-0.40443
-0.051562	-0.34078
-0.050851	-0.27659
-0.050133	-0.2117
-0.049404	-0.14588
-0.048662	-0.078899
-0.047904	-0.010483
-0.047128	0.05965
-0.046329	0.13701
-0.045504	0.21905
-0.044651	0.30399
-0.043763	0.39232
-0.042836	0.48456
-0.041864	0.58129
-0.04084	0.68312
-0.039759	0.79068
-0.038614	0.90464
-0.037397	1.0257
-0.036103	1.1544
-0.034724	1.2916
-0.033256	1.4376
-0.031693	1.5931
-0.030034	1.7582
-0.028275	1.9332
-0.026416	2.1181
-0.024459	2.3128
-0.022407	2.5169
-0.020265	2.7301
-0.018038	2.9517
-0.015735	3.1809
-0.013366	3.4167
-0.010955	3.6566
-0.0085295	3.8981
-0.0061139	4.1386
-0.0037319	4.3758
-0.0014054	4.6074
0.00084513	4.8316
0.0030004	5.0462
0.005045	5.0423
0.0069763	5.0267
0.008794	5.012
0.010497	4.9982
0.012085	4.9853
0.013556	4.9734
0.014908	4.9625
0.016141	4.9525
0.017254	4.9435
0.018249	4.9354
0.019126	4.9283
0.019887	4.9222
0.020531	4.917
0.021061	4.9127
0.021475	4.9093
0.02177	4.9069
0.021929	4.9056
0.021925	4.8701
0.02173	4.5616
0.021335	3.9333
0.02076	3.0157
0.020074	1.9201
0.019364	1.5294
0.018658	1.4656
0.017956	1.4022
0.017253	1.3388
0.016549	1.2752
0.01584	1.2112
0.015126	1.1466
0.014404	1.0815
0.013675	1.0156
0.012937	0.94897
0.01219	0.88145
0.01143	0.81289
0.010658	0.74311
0.0098692	0.67191
0.0090623	0.59905
0.0082347	0.52432
0.007384	0.44751
0.0065089	0.36849
0.0056086	0.2872
0.004683	0.19824
0.0037323	0.10363
0.002757	0.0065712
0.0017577	-0.092881
0.00073495	-0.19467
-0.00031049	-0.29872
-0.0013773	-0.40489
-0.0024634	-0.513
-0.003566	-0.62274
-0.0046817	-0.73379
-0.0058066	-0.84576
-0.0069368	-0.95828
-0.0080689	-1.071
-0.0091996	-1.1835
-0.010326	-1.2957
-0.011447	-1.4073
-0.01256	-1.5181
-0.013666	-1.6282
-0.014763	-1.7374
-0.015852	-1.8459
-0.016932	-1.9534
-0.018002	-2.0599
-0.01906	-2.1651
-0.020102	-2.269
-0.021128	-2.3711
-0.022134	-2.4713
-0.023118	-2.5693
-0.024079	-2.665
-0.025016	-2.7582
-0.025928	-2.8491
-0.026815	-2.9374
-0.027675	-3.0231
-0.028508	-3.106
-0.029312	-3.186
-0.030084	-3.2629
-0.030821	-3.3363
-0.031521	-3.4061
-0.032182	-3.4719
-0.032799	-3.5334
-0.03337	-3.5902
-0.03389	-3.6421
-0.034354	-3.6884
-0.034758	-3.7287
-0.035097	-3.7625
-0.035364	-3.7891
-0.035543	-3.807
-0.035616	-3.8145
-0.035562	-3.7303
-0.035365	-3.4168
-0.035025	-2.8749
-0.034559	-2.1319
-0.034006	-1.2483
-0.033434	-0.47399
-0.032896	-0.42534
-0.032393	-0.3799
-0.031922	-0.33726
-0.031476	-0.29697
-0.031051	-0.25853
-0.03064	-0.22143
-0.030238	-0.1851
-0.029838	-0.149
-0.029435	-0.11265
-0.029026	-0.075631
-0.028604	-0.037612
-0.028169	0.0016739
-0.027718	0.042462
-0.027247	0.084986
-0.026754	0.12947
-0.026237	0.17613
-0.025695	0.22508
-0.025127	0.27636
-0.024534	0.32985
-0.02392	0.38528
-0.023289	0.44224
-0.022647	0.50023
-0.022	0.55867
-0.021355	0.61695
-0.020719	0.67446
-0.020097	0.73058
-0.019499	0.78469
-0.018929	0.83619
-0.018397	0.88925
-0.017908	0.93795
-0.017475	0.98115
-0.017116	1.017
-0.016855	1.0431
-0.016717	1.0569
-0.016728	1.0256
-0.016905	0.74536
-0.017243	0.20662
-0.017714	-0.54358
-0.018253	-1.4055
-0.018789	-2.2638
-0.019267	-2.3166
-0.01968	-2.3539
-0.020031	-2.3857
-0.020323	-2.4122
-0.020559	-2.4335
-0.020739	-2.4499
-0.020866	-2.4614
-0.02094	-2.4681
-0.020964	-2.4787
-0.020939	-2.4394
-0.020869	-2.328
-0.02076	-2.1548
-0.020618	-1.9284
-0.020447	-1.6548
-0.02025	-1.3398
-0.020032	-0.99172
-0.019802	-0.6235
-0.01957	-0.2534
-0.019352	0.09614
-0.019162	0.40133
-0.019013	0.64
-0.018917	0.79409
-0.018882	0.85099
-0.018912	0.80396
-0.019008	0.65201
-0.019167	0.39927
-0.019383	0.054127
-0.01965	-0.37169
-0.019958	-0.86408
-0.020298	-1.4077
-0.020658	-1.9829
-0.021004	-2.4736
-0.021309	-2.5012
-0.021576	-2.5254
-0.021813	-2.5468
-0.022025	-2.566
-0.022221	-2.5836
-0.022403	-2.6001
-0.022576	-2.6158
-0.022741	-2.6307
-0.022899	-2.6449
-0.023048	-2.6584
-0.023187	-2.671
-0.023314	-2.6825
-0.023425	-2.6925
-0.023516	-2.7007
-0.023582	-2.7068
-0.023619	-2.7101
-0.023613	-2.6965
-0.023547	-2.5923
-0.023403	-2.362
-0.023166	-1.9846
-0.022833	-1.4538
-0.022412	-0.78145
-0.021933	-0.016211
-0.021456	0.62865
-0.021023	0.66781
-0.020634	0.70303
-0.020282	0.73482
-0.019962	0.76374
-0.019668	0.79032
-0.019394	0.81507
-0.019136	0.83842
-0.018888	0.86077
-0.018648	0.88248
-0.018412	0.90385
-0.018175	0.92521
-0.017935	0.94687
-0.017688	0.96915
-0.017431	0.99236
-0.017161	1.0168
-0.016873	1.0428
-0.016565	1.0718
-0.016233	1.1048
-0.015875	1.1405
-0.015486	1.1791
-0.015064	1.2211
-0.014608	1.2665
-0.014115	1.3155
-0.013585	1.3682
-0.01302	1.4245
-0.01242	1.4841
-0.011788	1.547
-0.011125	1.6129
-0.010436	1.6815
-0.0097233	1.7524
-0.0089899	1.8254
-0.0082401	1.9001
-0.0074783	1.9759
-0.0067095	2.0524
-0.0059388	2.1291
-0.0051716	2.2055
-0.0044129	2.2811
-0.0036678	2.3552
-0.0029414	2.4276
-0.0022386	2.4976
-0.0015647	2.5647
-0.00092501	2.6284
-0.00032508	2.6882
0.00022964	2.7434
0.00073382	2.7937
0.0011813	2.8383
0.0015609	2.8762
0.001856	2.9057
0.0020469	2.9248
0.0021135	2.9328
0.0020382	2.8147
0.0018162	2.462
0.0014639	1.9003
0.0010161	1.1852
0.00052	0.39222
3.2311e-05	-0.38841
-0.00039533	-0.43857
-0.00075451	-0.47108
-0.0010471	-0.49757
-0.0012747	-0.51819
-0.001439	-0.53309
-0.0015419	-0.54244
-0.0015841	-0.54632
-0.0015645	-0.51587
-0.0014825	-0.38573
-0.0013425	-0.16265
-0.0011526	0.14031
-0.00092323	0.50663
-0.0006653	0.91878
-0.00038924	1.3601
-0.0001042	1.8159
0.00018233	2.2742
0.00046457	2.7257
0.00073277	2.8066
0.00098303	2.8292
0.0012184	2.8504
0.0014421	2.8707
0.0016576	2.8901
0.0018681	2.9091
0.0020762	2.9279
0.0022839	2.9483
0.0024921	2.969
0.0027005	2.9898
0.0029078	3.0104
0.0031117	3.0307
0.003309	3.0504
0.0034962	3.069
0.0036685	3.0862
0.0038208	3.1014
0.0039441	3.1137
0.0040212	3.1214
0.0040277	3.1126
0.0039366	2.9687
0.0037296	2.6395
0.003403	2.1191
0.0029702	1.4283
0.002474	0.63521
0.001979	-0.15698
0.0015362	-0.24634
0.0011513	-0.28116
0.00081755	-0.31135
0.00052858	-0.3375
0.00027822	-0.36014
6.0503e-05	-0.37984
-0.0001304	-0.3971
-0.00030024	-0.41246
-0.00045465	-0.42642
-0.00059893	-0.43946
-0.00073789	-0.45202
-0.00087566	-0.46446
-0.0010157	-0.4771
-0.0011608	-0.4902
-0.0013135	-0.50398
-0.0014757	-0.51863
-0.0016494	-0.5343
-0.001836	-0.55115
-0.0020369	-0.56928
-0.0022529	-0.58877
-0.0024845	-0.60967
-0.0027318	-0.63199
-0.0029949	-0.65574
-0.0032736	-0.68089
-0.0035673	-0.70741
-0.003876	-0.73528
-0.0041996	-0.76449
-0.0045381	-0.79505
-0.0048917	-0.82698
-0.0052607	-0.86028
-0.0056453	-0.895
-0.0060457	-0.93116
-0.0064621	-0.96875
-0.0068946	-1.0078
-0.007343	-1.0483
-0.0078073	-1.0902
-0.0082872	-1.1335
-0.0087822	-1.1782
-0.0092921	-1.2243
-0.0098167	-1.2716
-0.010356	-1.3203
-0.01091	-1.3703
-0.011479	-1.4218
-0.012066	-1.4747
-0.01267	-1.5295
-0.013294	-1.5916
-0.013939	-1.6558
-0.014606	-1.7223
-0.015297	-1.791
-0.016012	-1.8622
-0.016752	-1.9358
-0.017516	-2.0118
-0.018303	-2.0901
-0.01911	-2.1704
-0.019934	-2.2524
-0.02077	-2.3357
-0.021613	-2.4195
-0.022455	-2.5033
-0.023289	-2.5864
-0.024108	-2.668
-0.024904	-2.7473
-0.02567	-2.8236
-0.026399	-2.8961
-0.027082	-2.9642
-0.027714	-3.0272
-0.02829	-3.0845
-0.028801	-3.1355
-0.029236	-3.1789
-0.029581	-3.2133
-0.029817	-3.237
-0.029928	-3.2481
-0.029896	-3.1938
-0.029714	-2.9054
-0.029393	-2.3929
-0.02896	-1.7021
-0.028458	-0.8999
-0.027943	-0.075858
-0.027474	0.11687
-0.027065	0.15388
-0.026711	0.18587
-0.026409	0.21322
-0.026153	0.23636
-0.025939	0.25574
-0.025762	0.27178
-0.025616	0.28493
-0.025498	0.29564
-0.025402	0.30434
-0.025323	0.31148
-0.025256	0.31751
-0.025197	0.32291
-0.025139	0.32815
-0.025076	0.33377
-0.025004	0.34032
-0.024914	0.34838
-0.024802	0.35854
-0.024659	0.37139
-0.024479	0.38757
-0.024256	0.40773
-0.02398	0.43256
-0.023644	0.46284
-0.023238	0.49941
-0.022753	0.54317
-0.022178	0.595
-0.021505	0.65566
-0.020728	0.72577
-0.019842	0.8057
-0.018845	0.89562
-0.017738	0.99547
-0.016525	1.1049
-0.015211	1.2235
-0.013804	1.3505
-0.012314	1.4937
-0.010754	1.649
-0.009137	1.8098
-0.00748	1.9748
-0.0057989	2.1421
-0.0041103	2.3102
-0.0024304	2.4774
-0.00077524	2.6422
0.00084001	2.8031
0.0024008	2.9585
0.0038937	3.1072
0.0053064	3.2479
0.0066279	3.3796
0.0078486	3.5012
0.0089592	3.6119
0.0099463	3.7103
0.010791	3.7945
0.01147	3.8624
0.011963	3.9116
0.012248	3.9402
0.012311	3.9399
0.012143	3.6762
0.011764	3.0719
0.011223	2.2098
0.010602	1.2167
0.0099818	0.59306
0.0094056	0.54098
0.0088717	0.49272
0.0083754	0.44785
0.0079117	0.40594
0.0074761	0.36658
0.007064	0.32933
0.0066711	0.29382
0.006293	0.25966
0.0059258	0.22649
0.0055656	0.19395
0.0052085	0.16169
0.0048508	0.12939
0.0044888	0.096692
0.0041185	0.063264
0.0037363	0.028754
0.0033382	-0.0071828
0.0029205	-0.044892
0.0024794	-0.08471
0.0020112	-0.12697
0.0015122	-0.172
0.00097851	-0.22017
0.00040581	-0.27186
-0.00021012	-0.32745
-0.00087368	-0.38733
-0.0015895	-0.45193
-0.0023625	-0.52169
-0.0031976	-0.59706
-0.0041005	-0.67854
-0.0050771	-0.77326
-0.0061341	-0.87839
-0.007278	-0.99217
-0.0085154	-1.1152
-0.0098518	-1.2482
-0.011291	-1.3913
-0.012835	-1.5449
-0.014484	-1.7089
-0.016235	-1.8832
-0.018087	-2.0674
-0.020033	-2.261
-0.022066	-2.4633
-0.024165	-2.6722
-0.026305	-2.8852
-0.028461	-3.0999
-0.030611	-3.3139
-0.032731	-3.525
-0.034803	-3.7313
-0.036805	-3.9307
-0.038722	-4.1216
-0.040535	-4.3023
-0.042232	-4.4713
-0.0438	-4.6275
-0.045229	-4.717
-0.046516	-4.7066
-0.047665	-4.6973
-0.04868	-4.6891
-0.049565	-4.6819
-0.050322	-4.6758
-0.050955	-4.6706
-0.051464	-4.6665
-0.051853	-4.6634
-0.052122	-4.6612
-0.052272	-4.66
-0.052304	-4.6601
-0.052221	-4.5287
-0.052034	-4.2306
-0.051763	-3.7985
-0.051427	-3.2621
-0.051039	-2.643
-0.050609	-1.9556
-0.050142	-1.3209
-0.049632	-1.2748
-0.049069	-1.2241
-0.048457	-1.1688
-0.047798	-1.1093
-0.047094	-1.0457
-0.046346	-0.97831
-0.045559	-0.90721
-0.044733	-0.83268
-0.043872	-0.7549
-0.042976	-0.67406
-0.042049	-0.59031
-0.04109	-0.50378
-0.040102	-0.41457
-0.039086	-0.32279
-0.038042	-0.22851
-0.036971	-0.13181
-0.035874	-0.032784
-0.034752	0.076612
-0.033605	0.19078
-0.032434	0.30737
-0.031238	0.42634
-0.030019	0.54765
-0.028777	0.67128
-0.027512	0.7972
-0.026224	0.92538
-0.024914	1.0558
-0.023581	1.1884
-0.022227	1.3232
-0.020853	1.46
-0.019458	1.5988
-0.018046	1.7394
-0.016617	1.8816
-0.015175	2.0251
-0.013723	2.1697
-0.012264	2.3149
-0.010803	2.4603
-0.0093456	2.6054
-0.0078968	2.7497
-0.006463	2.8924
-0.0050509	3.033
-0.0036673	3.1708
-0.0023196	3.305
-0.0010149	3.4349
0.00023917	3.5598
0.0014357	3.679
0.0025679	3.7918
0.0036294	3.8975
0.0046142	3.9956
0.0055169	4.0856
0.0063326	4.1669
0.0070573	4.2391
0.0076873	4.302
0.008219	4.355
0.0086441	4.3974
0.0089469	4.4277
0.0091067	4.4438
0.0091	4.4137
0.0089084	4.1103
0.0085349	3.5156
0.0080065	2.6727
0.0073817	1.6742
0.0067419	1.0872
0.0061289	1.0318
0.0055421	0.97877
0.0049782	0.92783
0.0044345	0.8787
0.003908	0.83113
0.0033962	0.78489
0.0028965	0.73974
0.0024064	0.69547
0.0019237	0.65186
0.0014456	0.60868
0.00096969	0.56569
0.00049353	0.52269
1.4743e-05	0.47945
-0.00046879	0.43578
-0.00095899	0.39151
-0.0014576	0.34649
-0.0019659	0.30058
-0.0024853	0.25369
-0.0030164	0.20572
-0.0035602	0.15662
-0.0041175	0.1063
-0.0046888	0.054712
-0.0052746	0.0018143
-0.005875	-0.052402
-0.0064899	-0.10792
-0.0071187	-0.16471
-0.0077607	-0.22464
-0.0084146	-0.28972
-0.0090784	-0.35579
-0.0097503	-0.42267
-0.010428	-0.49013
-0.01111	-0.55798
-0.011793	-0.62599
-0.012476	-0.69399
-0.013157	-0.76179
-0.013834	-0.82921
-0.014506	-0.89609
-0.01517	-0.96225
-0.015826	-1.0275
-0.016472	-1.0918
-0.017105	-1.1549
-0.017726	-1.2167
-0.018332	-1.277
-0.018923	-1.3359
-0.019497	-1.393
-0.020053	-1.4484
-0.02059	-1.5018
-0.021104	-1.5531
-0.021593	-1.6018
-0.022055	-1.6478
-0.022486	-1.6908
-0.022884	-1.7304
-0.023245	-1.7664
-0.023567	-1.7984
-0.023847	-1.8264
-0.024083	-1.85
-0.024271	-1.8687
-0.024401	-1.8817
-0.024461	-1.8878
-0.024437	-1.8491
-0.02432	-1.6626
-0.024109	-1.3268
-0.023816	-0.86056
-0.023464	-0.29755
-0.023078	0.3194
-0.022687	0.94478
-0.022319	1.4492
-0.022	1.478
-0.02173	1.5025
-0.021504	1.523
-0.021315	1.54
-0.02116	1.5541
-0.02103	1.5658
-0.020921	1.5757
-0.020824	1.5845
-0.020733	1.5927
-0.02064	1.6011
-0.020539	1.6102
-0.020423	1.6207
-0.020286	1.633
-0.020125	1.6475
-0.019938	1.6644
-0.019722	1.6838
-0.019478	1.7059
-0.019207	1.7303
-0.018909	1.7572
-0.018587	1.7863
-0.018241	1.8175
-0.017876	1.8505
-0.017494	1.885
-0.017098	1.9207
-0.016695	1.9571
-0.016289	1.9938
-0.015885	2.0303
-0.015489	2.066
-0.015107	2.1005
-0.014744	2.1334
-0.014405	2.164
-0.014096	2.192
-0.013829	2.2161
-0.01362	2.235
-0.013489	2.247
-0.013455	2.2493
-0.013536	2.1221
-0.013736	1.8038
-0.014043	1.3146
-0.014429	0.69856
-0.014856	0.016482
-0.015281	-0.66353
-0.015656	-1.0922
-0.015955	-1.1192
-0.01618	-1.1396
-0.016337	-1.1539
-0.016432	-1.1626
-0.016472	-1.1662
-0.01646	-1.1512
-0.016405	-1.0641
-0.016319	-0.92578
-0.016215	-0.75936
-0.016108	-0.5893
-0.016014	-0.43805
-0.015943	-0.32351
-0.015901	-0.25722
-0.015893	-0.24363
-0.015916	-0.28031
-0.015966	-0.35904
-0.016034	-0.46749
-0.016111	-0.59129
-0.016189	-0.71606
-0.01626	-0.82934
-0.016318	-0.92191
-0.016359	-0.98869
-0.016384	-1.0288
-0.016394	-1.045
-0.016393	-1.0433
-0.016386	-1.0314
-0.016377	-1.0178
-0.016373	-1.0106
-0.016377	-1.0165
-0.016392	-1.0404
-0.016419	-1.0842
-0.016459	-1.1473
-0.016509	-1.1695
-0.016571	-1.1751
-0.016648	-1.1821
-0.016742	-1.1905
-0.016854	-1.2006
-0.016984	-1.2124
-0.017132	-1.2257
-0.017295	-1.2404
-0.017472	-1.2563
-0.017658	-1.2732
-0.017853	-1.2907
-0.018051	-1.3086
-0.01825	-1.3266
-0.018446	-1.3444
-0.018637	-1.3616
-0.018818	-1.378
-0.018987	-1.3932
-0.019137	-1.4068
-0.019262	-1.4181
-0.01935	-1.4261
-0.019391	-1.4298
-0.019375	-1.4037
-0.0193	-1.2847
-0.019171	-1.0783
-0.019001	-0.80669
-0.01881	-0.50115
-0.018619	-0.19609
-0.018449	0.076579
-0.018314	0.29237
-0.018224	0.43756
-0.018179	0.51065
-0.018172	0.52189
-0.018192	0.49082
-0.018222	0.44263
-0.018246	0.40352
-0.01825	0.39616
-0.018225	0.43576
-0.018168	0.52764
-0.01808	0.66667
-0.017973	0.83858
-0.017857	1.0229
-0.017749	1.1967
-0.017661	1.3384
-0.017603	1.4313
-0.017582	1.4658
-0.017598	1.44
-0.017649	1.3592
-0.017728	1.2339
-0.017826	1.0775
-0.017934	0.90374
-0.018046	0.72505
-0.018155	0.55124
-0.018256	0.38898
-0.018348	0.24197
-0.018429	0.11176
-0.018499	-0.0010016
-0.018558	-0.095336
-0.018604	-0.16904
-0.018635	-0.21836
-0.018647	-0.23829
-0.018638	-0.22346
-0.018604	-0.16929
-0.018543	-0.07324
-0.018457	0.0644
-0.018347	0.24011
-0.018217	0.44732
-0.018073	0.67684
-0.017923	0.91735
-0.017774	1.1561
-0.017636	1.3776
-0.017523	1.558
-0.017449	1.6772
-0.01742	1.7246
-0.017436	1.6993
-0.017493	1.6089
-0.017581	1.4685
-0.017688	1.2975
-0.017802	1.1149
-0.017915	0.9345
-0.018022	0.76263
-0.018125	0.59892
-0.018225	0.43802
-0.018329	0.27219
-0.018441	0.094075
-0.018563	-0.10105
-0.018696	-0.31365
-0.018837	-0.53923
-0.01898	-0.7686
-0.019118	-0.9891
-0.019241	-1.1865
-0.019341	-1.3473
-0.019412	-1.4317
-0.019451	-1.4353
-0.019462	-1.4365
-0.019447	-1.4125
-0.019408	-1.3504
-0.019349	-1.2565
-0.019276	-1.1394
-0.019194	-1.0087
-0.01911	-0.87425
-0.01903	-0.7459
-0.018959	-0.63237
-0.018902	-0.54066
-0.018861	-0.4753
-0.018838	-0.4379
-0.018831	-0.42716
-0.018839	-0.4395
-0.018858	-0.46995
-0.018885	-0.51317
-0.018917	-0.56432
-0.018952	-0.61958
-0.018987	-0.67633
-0.019023	-0.73311
-0.019058	-0.78929
-0.019093	-0.84461
-0.019126	-0.89866
-0.019159	-0.95055
-0.019189	-0.99871
-0.019215	-1.0411
-0.019237	-1.0752
-0.019252	-1.0991
-0.019259	-1.111
-0.019258	-1.1104
-0.019251	-1.0979
-0.019237	-1.0757
-0.019218	-1.0467
-0.019198	-1.0145
-0.019178	-0.98268
-0.019161	-0.95465
-0.019148	-0.9332
-0.019139	-0.92008
-0.019137	-0.91556
-0.019138	-0.91832
-0.019143	-0.9255
-0.019148	-0.93306
-0.01915	-0.93637
-0.019146	-0.93075
-0.019134	-0.9119
-0.019112	-0.87613
-0.019077	-0.82041
-0.019028	-0.74262
-0.018965	-0.642
-0.018888	-0.51989
-0.018801	-0.38044
-0.018708	-0.23087
-0.018614	-0.080951
-0.018527	0.058307
-0.018453	0.17635
-0.018398	0.26461
-0.018366	0.31738
-0.018357	0.33194
-0.018372	0.3082
-0.01841	0.24806
-0.018468	0.15487
-0.018544	0.033107
-0.018635	-0.11186
-0.018737	-0.27398
-0.018845	-0.4467
-0.018955	-0.62302
-0.019063	-0.79547
-0.019163	-0.95617
-0.019251	-1.097
-0.019321	-1.2103
-0.019371	-1.2893
-0.019396	-1.3298
-0.019396	-1.3298
-0.01937	-1.29
-0.019322	-1.2132
-0.019254	-1.1037
-0.019168	-0.96648
-0.019068	-0.80681
-0.018957	-0.63036
-0.01884	-0.443
-0.01872	-0.25087
-0.018601	-0.060336
-0.018487	0.12209
-0.018382	0.28994
-0.01829	0.4372
-0.018214	0.55876
-0.018157	0.65093
-0.018119	0.71178
-0.018101	0.74123
-0.018101	0.74087
-0.018118	0.71373
-0.018149	0.66391
-0.018192	0.59614
-0.018243	0.5154
-0.018298	0.42649
-0.018356	0.33379
-0.018414	0.24117
-0.01847	0.15224
-0.018521	0.07053
-0.018565	-0.00030844
-0.0186	-0.056577
-0.018624	-0.094831
-0.018635	-0.11239
-0.018632	-0.10788
-0.018615	-0.081556
-0.018586	-0.03552
-0.018547	0.026525
-0.018501	0.0998
-0.018452	0.17922
-0.018401	0.26005
-0.018352	0.3383
-0.018307	0.41075
-0.018267	0.47493
-0.018233	0.5291
-0.018206	0.5723
-0.018186	0.60452
-0.018172	0.62679
-0.018163	0.64094
-0.018158	0.64911
-0.018156	0.65297
-0.018156	0.65321
-0.018158	0.64952
-0.018163	0.641
-0.018172	0.62683
-0.018185	0.60682
-0.018201	0.58169
-0.018219	0.55308
-0.018237	0.52313
-0.018255	0.49408
-0.018272	0.46778
-0.018286	0.44556
-0.018297	0.42812
-0.018304	0.41557
-0.018309	0.40758
-0.018312	0.4036
-0.018312	0.40299
-0.018311	0.40506
-0.018308	0.409
-0.018305	0.41402
-0.018302	0.41947
-0.018298	0.42507
-0.018295	0.43115
-0.01829	0.43876
-0.018283	0.44973
-0.018272	0.46647
-0.018257	0.49154
-0.018234	0.527
-0.018205	0.57381
-0.018169	0.63145
-0.018127	0.698
-0.018082	0.7705
-0.018035	0.84571
-0.017988	0.92085
-0.017942	0.99398
-0.017899	1.064
-0.017857	1.1301
-0.017819	1.1915
-0.017785	1.2454
-0.01776	1.2859
-0.017746	1.3091
-0.017743	1.314
-0.01775	1.302
-0.017766	1.2762
-0.017789	1.241
-0.017814	1.201
-0.017839	1.1603
-0.017863	1.1217
-0.017887	1.0836
-0.017914	1.0397
-0.017952	0.98016
-0.018006	0.89373
-0.018084	0.77002
-0.018189	0.60229
-0.018322	0.38937
-0.018481	0.13659
-0.018656	-0.14457
-0.01884	-0.43769
-0.019018	-0.72337
-0.019179	-0.98143
-0.019311	-1.193
-0.019404	-1.3426
-0.019452	-1.4193
-0.019451	-1.4183
-0.019402	-1.3407
-0.019309	-1.1936
-0.019181	-0.98879
-0.019026	-0.74183
-0.018856	-0.46993
-0.018681	-0.19024
-0.018511	0.081943
-0.018354	0.33436
-0.018214	0.55847
-0.018095	0.74942
-0.017997	0.90539
-0.017922	1.0266
-0.017867	1.114
-0.017833	1.1688
-0.017819	1.1912
-0.017826	1.1812
-0.017853	1.1383
-0.017901	1.062
-0.01797	0.9522
-0.018059	0.80961
-0.018168	0.63591
-0.018294	0.4341
-0.018435	0.20879
-0.018587	-0.03389
-0.018745	-0.2864
-0.018903	-0.54011
-0.019057	-0.7858
-0.0192	-1.0143
-0.019326	-1.2171
-0.019432	-1.3868
-0.019514	-1.4409
-0.019574	-1.4464
-0.019617	-1.4503
-0.019642	-1.4525
-0.019647	-1.4522
-0.019628	-1.4222
-0.019581	-1.347
-0.019504	-1.2241
-0.019398	-1.0557
-0.019268	-0.84829
-0.019121	-0.61252
-0.018964	-0.36132
-0.018806	-0.10864
-0.018655	0.13201
-0.01852	0.34871
-0.018406	0.53206
-0.018316	0.67563
-0.018254	0.77588
-0.018219	0.83167
-0.018212	0.84354
-0.018231	0.81301
-0.018276	0.74187
-0.018345	0.63176
-0.018438	0.48392
-0.018553	0.29942
-0.018691	0.079678
-0.018849	-0.17272
-0.019025	-0.45333
-0.019214	-0.75533
-0.01941	-1.0694
-0.019607	-1.384
-0.019793	-1.4661
-0.019964	-1.4815
-0.020119	-1.4955
-0.020258	-1.5081
-0.020379	-1.519
-0.020481	-1.5283
-0.020564	-1.5358
-0.020627	-1.5414
-0.020664	-1.5449
-0.020672	-1.5441
-0.020642	-1.4964
-0.020568	-1.3796
-0.02045	-1.1915
-0.020291	-0.93672
-0.020096	-0.62588
-0.019876	-0.27471
-0.019643	0.097582
-0.01941	0.47012
-0.01919	0.82222
-0.018995	1.1353
-0.018833	1.3943
-0.018712	1.5887
-0.018636	1.7122
-0.018608	1.757
-0.018631	1.7215
-0.018698	1.6147
-0.018799	1.4529
-0.018923	1.2555
-0.019058	1.04
-0.019195	0.82049
-0.019329	0.60622
-0.019457	0.40201
-0.019577	0.20902
-0.019691	0.026219
-0.0198	-0.14802
-0.019904	-0.31458
-0.020003	-0.47267
-0.020095	-0.6193
-0.020176	-0.7495
-0.020243	-0.85681
-0.020291	-0.93419
-0.020316	-0.97485
-0.020315	-0.97325
-0.020285	-0.92588
-0.020226	-0.83189
-0.020139	-0.69335
-0.020028	-0.51523
-0.019896	-0.30496
-0.01975	-0.071569
-0.019595	0.17539
-0.019438	0.42693
-0.019283	0.6754
-0.019133	0.91491
-0.018992	1.1413
-0.01886	1.3514
-0.018748	1.5318
-0.018666	1.6638
-0.018621	1.7364
-0.018614	1.7475
-0.018642	1.7029
-0.018698	1.6149
-0.01877	1.4995
-0.018848	1.3744
-0.018922	1.2561
-0.018983	1.1582
-0.019025	1.0906
-0.019045	1.0577
