0.00 3.717e-04 -8.621e-05
0.00 3.717e-04 -8.621e-05
0.18 7.435e-04 -1.724e-04
0.17 1.115e-03 -1.724e-04
0.18 7.435e-04 -8.621e-05
0.41 5.576e-04 0.000e+00
0.61 1.301e-03 8.621e-05
0.78 1.673e-03 1.724e-04
0.99 1.487e-03 3.448e-04
1.19 2.045e-03 6.034e-04
1.41 2.602e-03 7.759e-04
1.59 3.346e-03 9.483e-04
1.77 3.717e-03 1.034e-03
1.62 3.532e-03 9.483e-04
2.04 4.647e-03 1.207e-03
2.24 4.833e-03 1.466e-03
2.17 5.576e-03 1.207e-03
1.49 4.833e-03 1.121e-03
1.50 4.647e-03 1.207e-03
1.58 4.647e-03 1.121e-03
1.84 4.275e-03 1.293e-03
2.04 4.833e-03 1.293e-03
2.21 5.204e-03 1.466e-03
2.41 5.019e-03 1.638e-03
2.61 5.204e-03 1.897e-03
2.80 5.948e-03 1.810e-03
1.57 5.019e-03 1.552e-03
1.84 5.204e-03 1.724e-03
2.02 5.576e-03 1.724e-03
2.23 5.576e-03 1.810e-03
2.41 5.948e-03 1.983e-03
2.60 5.762e-03 1.983e-03
2.83 6.691e-03 1.983e-03
3.02 7.063e-03 2.155e-03
3.20 7.249e-03 2.500e-03
3.41 7.807e-03 2.500e-03
3.63 8.178e-03 2.672e-03
3.78 7.993e-03 3.103e-03
4.00 8.736e-03 3.190e-03
4.20 8.922e-03 3.362e-03
4.39 9.108e-03 3.707e-03
4.58 9.665e-03 3.621e-03
4.82 1.004e-02 3.879e-03
5.00 1.078e-02 3.966e-03
5.23 1.078e-02 4.224e-03
5.42 1.171e-02 4.224e-03
5.57 1.190e-02 4.397e-03
5.81 1.227e-02 4.741e-03
5.99 1.283e-02 4.828e-03
5.72 1.301e-02 5.000e-03
5.47 1.264e-02 4.741e-03
4.93 1.301e-02 4.655e-03
4.50 1.264e-02 4.655e-03
3.93 1.245e-02 4.397e-03
3.50 1.152e-02 4.310e-03
2.99 1.078e-02 4.224e-03
2.47 1.004e-02 3.879e-03
1.99 9.851e-03 3.621e-03
1.48 8.736e-03 3.190e-03
0.96 6.877e-03 2.845e-03
0.49 5.019e-03 2.328e-03
0.33 4.461e-03 2.069e-03
-0.07 6.691e-03 4.828e-03
0.69 3.903e-03 2.069e-03
0.78 4.089e-03 2.241e-03
0.74 3.903e-03 2.155e-03
0.99 4.461e-03 2.328e-03
1.25 5.019e-03 2.500e-03
1.53 5.948e-03 2.500e-03
-0.08 5.019e-03 3.448e-03
0.45 3.532e-03 2.328e-03
0.35 3.903e-03 2.241e-03
0.69 4.647e-03 2.328e-03
0.98 5.204e-03 2.500e-03
1.28 6.134e-03 2.672e-03
1.50 5.948e-03 2.931e-03
1.73 6.320e-03 3.103e-03
2.05 7.435e-03 3.276e-03
2.26 7.807e-03 3.448e-03
2.51 7.993e-03 3.707e-03
2.72 8.736e-03 3.707e-03
3.07 6.134e-03 4.052e-03
3.06 5.948e-03 4.052e-03
3.05 5.576e-03 4.138e-03
3.45 6.134e-03 4.310e-03
3.75 7.249e-03 4.310e-03
4.00 6.691e-03 4.741e-03
4.24 7.621e-03 4.828e-03
4.41 7.435e-03 4.914e-03
4.63 7.621e-03 4.914e-03
4.79 8.364e-03 5.000e-03
5.02 8.736e-03 5.172e-03
5.22 9.108e-03 5.345e-03
5.45 9.665e-03 5.345e-03
5.62 9.665e-03 5.517e-03
5.82 9.851e-03 5.603e-03
6.02 1.115e-02 5.431e-03
6.20 1.134e-02 5.776e-03
6.42 1.171e-02 5.948e-03
6.63 1.208e-02 6.121e-03
6.82 1.227e-02 6.552e-03
6.85 1.264e-02 6.638e-03
7.00 1.357e-02 6.724e-03
7.08 1.375e-02 6.897e-03
7.18 1.413e-02 7.069e-03
6.97 1.506e-02 6.724e-03
6.05 1.413e-02 6.810e-03
5.38 1.338e-02 6.638e-03
5.85 1.338e-02 6.810e-03
6.04 1.394e-02 6.810e-03
6.23 1.375e-02 6.897e-03
6.35 1.431e-02 6.810e-03
6.58 1.468e-02 6.897e-03
6.27 1.450e-02 6.724e-03
6.24 1.431e-02 6.724e-03
6.18 1.468e-02 6.810e-03
6.14 1.487e-02 6.638e-03
5.42 1.413e-02 6.638e-03
4.88 1.338e-02 6.552e-03
4.49 1.338e-02 6.293e-03
3.84 1.264e-02 6.121e-03
3.51 1.245e-02 5.948e-03
2.92 1.134e-02 5.603e-03
2.52 1.097e-02 5.431e-03
1.97 9.480e-03 5.172e-03
1.48 8.178e-03 4.828e-03
1.00 7.063e-03 4.397e-03
0.38 4.461e-03 3.621e-03
0.15 2.045e-03 2.759e-03
0.16 2.045e-03 2.759e-03
1.09 3.346e-03 3.190e-03
1.04 2.974e-03 3.276e-03
1.54 4.461e-03 3.362e-03
2.03 5.576e-03 3.879e-03
2.53 6.506e-03 4.224e-03
3.01 7.621e-03 4.569e-03
3.47 8.736e-03 4.828e-03
4.02 9.851e-03 5.172e-03
4.47 1.115e-02 5.259e-03
5.04 1.171e-02 5.690e-03
5.25 1.208e-02 5.948e-03
5.54 1.208e-02 6.207e-03
5.77 1.320e-02 6.121e-03
6.08 1.375e-02 6.379e-03
6.29 1.357e-02 6.638e-03
6.52 1.450e-02 6.552e-03
6.77 1.487e-02 6.724e-03
7.03 1.524e-02 7.069e-03
7.18 1.561e-02 7.241e-03
7.40 1.617e-02 7.414e-03
7.46 1.710e-02 7.500e-03
7.60 1.691e-02 7.672e-03
7.72 1.766e-02 7.845e-03
7.55 1.766e-02 7.931e-03
7.83 1.859e-02 8.017e-03
7.93 1.914e-02 8.017e-03
7.86 1.933e-02 8.190e-03
7.76 1.896e-02 8.448e-03
8.07 1.952e-02 8.448e-03
8.13 1.970e-02 8.534e-03
8.23 2.045e-02 8.707e-03
8.08 2.119e-02 8.707e-03
8.33 2.082e-02 8.966e-03
8.29 2.175e-02 8.966e-03
8.27 2.212e-02 9.052e-03
8.72 2.230e-02 9.483e-03
8.81 2.416e-02 9.569e-03
8.96 2.472e-02 9.828e-03
9.13 2.584e-02 1.000e-02
8.70 2.602e-02 1.034e-02
9.26 2.695e-02 1.060e-02
9.45 2.807e-02 1.112e-02
9.62 2.993e-02 1.138e-02
9.79 3.160e-02 1.181e-02
9.96 3.346e-02 1.207e-02
10.04 3.494e-02 1.250e-02
9.76 3.810e-02 1.319e-02
9.68 3.885e-02 1.353e-02
10.05 4.145e-02 1.405e-02
9.88 4.331e-02 1.448e-02
10.29 4.461e-02 1.500e-02
9.98 4.517e-02 1.491e-02
10.47 4.703e-02 1.534e-02
10.30 4.814e-02 1.569e-02
10.58 4.963e-02 1.595e-02
10.33 5.093e-02 1.647e-02
10.13 5.260e-02 1.647e-02
10.03 5.279e-02 1.647e-02
9.93 5.297e-02 1.672e-02
9.91 5.335e-02 1.664e-02
10.53 5.409e-02 1.716e-02
10.40 5.483e-02 1.698e-02
10.37 5.465e-02 1.733e-02
10.06 6.784e-02 1.819e-02
9.62 7.007e-02 1.819e-02
9.49 7.156e-02 1.819e-02
9.32 7.286e-02 1.836e-02
9.26 7.286e-02 1.862e-02
9.99 7.565e-02 1.879e-02
6.24 5.000e-02 1.543e-02
6.13 5.260e-02 1.595e-02
6.32 5.576e-02 1.543e-02
5.99 5.390e-02 1.560e-02
5.98 5.428e-02 1.569e-02
5.53 5.390e-02 1.569e-02
4.61 5.260e-02 1.560e-02
3.90 5.242e-02 1.509e-02
3.37 5.149e-02 1.500e-02
2.88 5.056e-02 1.466e-02
2.49 4.926e-02 1.448e-02
1.92 4.814e-02 1.362e-02
1.47 4.517e-02 1.345e-02
0.95 4.238e-02 1.276e-02
0.68 4.052e-02 1.216e-02
0.11 3.513e-02 1.069e-02
-0.01 3.364e-02 1.026e-02
