CH_000	Def_Angle_1_14
-15	7.32600732600733e-06
-15	7.32600732600733e-06
10	7.32600732600733e-06
25	7.32600732600733e-06
65	7.32600732600733e-06
85	2.93040293040293e-05
105	8.79120879120879e-05
135	0.000197802197802198
145	0.000256410256410256
165	0.000358974358974359
190	0.000461538461538462
200	0.000512820512820513
225	0.000622710622710623
245	0.000732600732600733
255	0.000791208791208791
270	0.000908424908424908
285	0.00103296703296703
290	0.00109157509157509
310	0.00121611721611722
325	0.00134065934065934
330	0.00140659340659341
341	0.00148717948717949
300	0.00149450549450549
275	0.00149450549450549
250	0.00149450549450549
215	0.00148717948717949
190	0.00142124542124542
185	0.00136996336996337
155	0.00127106227106227
130	0.00116483516483517
110	0.00112087912087912
95	0.00104029304029304
50	0.000937728937728938
45	0.000901098901098901
35	0.000857142857142857
10	0.000761904761904762
5	0.000725274725274725
-20	0.000637362637362637
-40	0.000538461538461538
-65	0.00043956043956044
-75	0.000388278388278388
-100	0.000278388278388278
-150	0.000161172161172161
-150	9.52380952380952e-05
-190	-1.46520146520147e-05
-210	-7.32600732600733e-05
-240	-0.000183150183150183
-265	-0.0003003663003663
-295	-0.000417582417582418
-305	-0.000468864468864469
-330	-0.000582417582417583
-361	-0.0006996336996337
-386	-0.000769230769230769
-411	-0.000882783882783883
-436	-0.00100732600732601
-446	-0.00106959706959707
-481	-0.00118315018315018
-526	-0.0012967032967033
-531	-0.00135164835164835
-556	-0.00148717948717949
-546	-0.00152380952380952
-526	-0.00152014652014652
-451	-0.00152014652014652
-376	-0.00152380952380952
-356	-0.00151648351648352
-300	-0.00141391941391941
-260	-0.0012967032967033
-235	-0.00124542124542125
-195	-0.00113553113553114
-160	-0.00101831501831502
-130	-0.00095970695970696
-100	-0.00084981684981685
-70	-0.00073992673992674
-50	-0.000681318681318681
-20	-0.000567765567765568
0	-0.000468864468864469
10	-0.000380952380952381
30	-0.000340659340659341
45	-0.000263736263736264
45	-0.000190476190476191
50	-0.000168498168498169
60	-0.000128205128205128
75	-4.76190476190476e-05
80	-3.66300366300366e-06
100	8.42490842490843e-05
125	0.000168498168498169
130	0.000223443223443223
155	0.000326007326007326
175	0.000424908424908425
175	0.00047985347985348
190	0.00058974358974359
205	0.0006996336996337
220	0.000754578754578755
245	0.000868131868131868
250	0.000985347985347985
255	0.0010952380952381
295	0.00115750915750916
305	0.00126739926739927
330	0.00139194139194139
336	0.00145421245421245
336	0.00152014652014652
290	0.00151282051282051
280	0.00152014652014652
230	0.00151648351648352
210	0.00148351648351648
185	0.00143223443223443
170	0.00132234432234432
140	0.00121611721611722
135	0.00117582417582418
115	0.00107326007326007
90	0.000985347985347985
75	0.000948717948717949
55	0.000875457875457875
55	0.000783882783882784
15	0.0006996336996337
15	0.000648351648351648
10	0.000567765567765568
-15	0.000487179487179487
-35	0.000428571428571429
-45	0.000326007326007326
-70	0.000223443223443223
-90	0.000164835164835165
-115	5.4945054945055e-05
-140	-6.22710622710623e-05
-145	-0.000120879120879121
-175	-0.000241758241758242
-190	-0.000347985347985348
-220	-0.00041025641025641
-230	-0.000509157509157509
-255	-0.00063003663003663
-300	-0.000750915750915751
-310	-0.000802197802197803
-356	-0.00091941391941392
-401	-0.00103663003663004
-396	-0.0010952380952381
-441	-0.00121245421245421
-481	-0.00132234432234432
-501	-0.00138095238095238
-536	-0.0014981684981685
-566	-0.00153479853479854
-496	-0.00152747252747253
-431	-0.00152747252747253
-361	-0.00152747252747253
-336	-0.0014981684981685
-295	-0.00138827838827839
-250	-0.00127106227106227
-215	-0.00121245421245421
-215	-0.00110622710622711
-145	-0.000985347985347985
-110	-0.000875457875457876
-90	-0.000816849816849817
-60	-0.000706959706959707
-30	-0.000597069597069597
10	-0.000545787545787546
10	-0.000443223443223443
10	-0.000362637362637363
20	-0.000311355311355311
35	-0.000230769230769231
50	-0.000157509157509158
45	-0.000142857142857143
75	-4.76190476190476e-05
120	0.000164835164835165
130	0.000282051282051282
165	0.000531135531135531
220	0.000794871794871795
240	0.000926739926739927
285	0.00120512820512821
260	0.00148351648351648
366	0.00162271062271062
411	0.0019010989010989
461	0.0022014652014652
506	0.00235531135531136
521	0.00265567765567766
581	0.00294871794871795
656	0.00324175824175824
696	0.00338095238095238
686	0.00346153846153846
526	0.00346153846153846
451	0.00341758241758242
346	0.00314652014652015
265	0.00286813186813187
230	0.00273626373626374
175	0.00247985347985348
125	0.00221611721611722
100	0.0020989010989011
75	0.00185714285714286
50	0.00160805860805861
35	0.00147619047619048
15	0.00121978021978022
-10	0.000978021978021978
0	0.000846153846153846
-75	0.000575091575091575
-105	0.000304029304029304
-135	1.83150183150183e-05
-170	-0.000120879120879121
-225	-0.000399267399267399
-290	-0.000677655677655678
-330	-0.000824175824175824
-416	-0.0011025641025641
-501	-0.00137362637362637
-551	-0.00152014652014652
-641	-0.0017985347985348
-706	-0.00208424908424908
-741	-0.00222344322344322
-811	-0.00250915750915751
-881	-0.00279487179487179
-896	-0.00293406593406593
-931	-0.00321978021978022
-981	-0.00341758241758242
-966	-0.00342490842490842
-806	-0.00342490842490842
-656	-0.00321245421245421
-586	-0.00307326007326007
-456	-0.00280952380952381
-341	-0.00254578754578755
-235	-0.00227472527472527
-190	-0.00214285714285714
-125	-0.00185714285714286
-80	-0.00157142857142857
-60	-0.00142490842490843
-25	-0.00112087912087912
10	-0.000879120879120879
20	-0.000761904761904762
40	-0.000542124542124542
65	-0.0003003663003663
70	-0.000212454212454212
80	-0.000153846153846154
110	8.79120879120879e-05
120	0.000212454212454212
145	0.000476190476190476
180	0.000747252747252747
195	0.000886446886446887
225	0.00117216117216117
255	0.00145787545787546
265	0.0015970695970696
310	0.00188644688644689
351	0.00217948717948718
401	0.00246886446886447
441	0.00260805860805861
506	0.0028974358974359
591	0.00318681318681319
641	0.00332600732600733
671	0.00347252747252747
546	0.00347619047619048
471	0.00347252747252747
346	0.00323443223443223
260	0.00296336996336996
230	0.00283150183150183
170	0.00257875457875458
120	0.00231135531135531
100	0.00219047619047619
70	0.00194505494505494
50	0.0017032967032967
40	0.00157142857142857
20	0.0013003663003663
5	0.00104029304029304
0	0.000908424908424908
-20	0.000626373626373626
-50	0.000355311355311355
-80	7.69230769230769e-05
-100	-5.86080586080586e-05
-140	-0.000347985347985348
-190	-0.000633699633699634
-220	-0.000772893772893773
-270	-0.00105128205128205
-336	-0.00131868131868132
-371	-0.00146886446886447
-441	-0.00175457875457875
-521	-0.00204395604395604
-566	-0.00218681318681319
-651	-0.00246886446886447
-741	-0.00275091575091575
-786	-0.00289010989010989
-876	-0.00316849816849817
-956	-0.00343223443223443
-946	-0.00344688644688645
-821	-0.00344688644688645
-666	-0.0033003663003663
-531	-0.00301098901098901
-466	-0.00287545787545788
-346	-0.0025970695970696
-240	-0.00232234432234432
-195	-0.00218681318681319
-125	-0.0019010989010989
-80	-0.00162271062271062
-60	-0.00147619047619048
-25	-0.00111721611721612
-5	-0.000978021978021978
20	-0.000750915750915751
30	-0.000633699633699634
50	-0.000399267399267399
65	-0.00017948717948718
65	-0.000172161172161172
100	0.000113553113553114
155	0.000666666666666667
215	0.00123443223443223
245	0.00152014652014652
330	0.00217216117216117
386	0.00246153846153846
526	0.00302930402930403
721	0.00358608058608059
811	0.00387179487179487
976	0.00449084249084249
1117	0.00514285714285714
1187	0.00546520146520146
1297	0.00606959706959707
1342	0.00635897435897436
1432	0.00698168498168498
1462	0.00743223443223443
1282	0.00743956043956044
1107	0.00733699633699634
801	0.00678021978021978
541	0.00622344322344322
431	0.00594505494505495
245	0.0053956043956044
130	0.00488278388278388
95	0.00462637362637363
45	0.00412454212454213
10	0.00356776556776557
0	0.00328937728937729
-15	0.0026959706959707
-25	0.00207326007326007
-30	0.00176556776556777
-45	0.00114285714285714
-85	0.000556776556776557
-105	0.000263736263736264
-165	-0.00032967032967033
-250	-0.000901098901098901
-361	-0.00146520146520147
-431	-0.00174358974358974
-581	-0.00231868131868132
-751	-0.00288278388278388
-841	-0.00316117216117216
-1012	-0.00371794871794872
-1142	-0.0042967032967033
-1197	-0.00458974358974359
-1307	-0.00518315018315018
-1412	-0.00577655677655678
-1457	-0.00606959706959707
-1547	-0.00667032967032967
-1622	-0.00727106227106227
-1587	-0.00738827838827839
-1372	-0.00738461538461538
-1047	-0.007
-906	-0.00670695970695971
-671	-0.00613919413919414
-466	-0.00555311355311355
-371	-0.00526373626373626
-215	-0.00468864468864469
-120	-0.00412087912087912
-65	-0.00355677655677656
-45	-0.00325641025641026
-30	-0.00265567765567766
-20	-0.00204761904761905
-5	-0.00174725274725275
10	-0.00117582417582418
45	-0.000663003663003663
60	-0.000391941391941392
60	-0.000208791208791209
90	0.000201465201465201
110	0.000457875457875458
145	0.00102197802197802
190	0.0016007326007326
215	0.00187912087912088
275	0.00245054945054945
351	0.00303296703296703
396	0.00332234432234432
501	0.0039047619047619
621	0.00448717948717949
686	0.00478754578754579
826	0.00536996336996337
981	0.00596336996336996
1142	0.00655677655677656
1227	0.00686080586080586
1367	0.00742490842490843
1292	0.00746886446886447
1107	0.00745421245421245
796	0.00696336996336996
536	0.00640659340659341
426	0.00612820512820513
245	0.00557875457875458
130	0.00507326007326007
90	0.00482417582417582
45	0.00431868131868132
15	0.00374725274725275
10	0.00346153846153846
-5	0.00287545787545788
-20	0.00226007326007326
-20	0.00194505494505495
-30	0.00132234432234432
-50	0.000714285714285714
-75	0.000117216117216117
-85	-0.000186813186813187
-125	-0.000783882783882784
-170	-0.00136263736263736
-200	-0.00165567765567766
-260	-0.00223443223443223
-351	-0.00280952380952381
-401	-0.00308791208791209
-516	-0.00366300366300366
-641	-0.00424175824175824
-711	-0.00452747252747253
-851	-0.00510622710622711
-1012	-0.00567765567765568
-1097	-0.00596336996336996
-1272	-0.00654212454212454
-1452	-0.00712087912087912
-1507	-0.00737728937728938
-1407	-0.0073992673992674
-1057	-0.00717216117216117
-921	-0.00688644688644689
-676	-0.00630769230769231
-466	-0.00572893772893773
-285	-0.00515384615384615
-215	-0.00485714285714286
-120	-0.00429304029304029
-70	-0.00372893772893773
-55	-0.00342857142857143
-35	-0.00282783882783883
-20	-0.00222344322344322
-15	-0.00191941391941392
5	-0.00133333333333333
30	-0.000791208791208791
45	-0.000538461538461538
55	-0.000183150183150183
85	0.000311355311355311
120	0.000882783882783883
210	0.00207692307692308
356	0.00327106227106227
456	0.00387545787545788
701	0.00510622710622711
1012	0.00632967032967033
1372	0.00756410256410257
1522	0.00819047619047619
1743	0.00947619047619047
1898	0.0108205128205128
1958	0.0114761904761905
2043	0.0128095238095238
2108	0.0141172161172161
2108	0.0147692307692308
2088	0.0157802197802198
1763	0.0157326007326007
1422	0.0152124542124542
946	0.014025641025641
616	0.0128021978021978
481	0.0121904761904762
260	0.010956043956044
120	0.00974725274725275
75	0.00916849816849817
25	0.00797435897435897
5	0.00670695970695971
-5	0.00608058608058608
-30	0.00477655677655678
-65	0.00348717948717949
-80	0.00284249084249084
-105	0.00155311355311355
-150	0.000274725274725275
-225	-0.000989010989010989
-275	-0.0016007326007326
-391	-0.00285714285714286
-571	-0.00407326007326007
-686	-0.00467032967032967
-961	-0.00587179487179487
-1287	-0.00708058608058608
-1437	-0.0076959706959707
-1622	-0.00897069597069597
-1758	-0.0102600732600733
-1813	-0.0109047619047619
-1898	-0.0121721611721612
-1893	-0.0133736263736264
-1843	-0.013989010989011
-1793	-0.0152234432234432
-1728	-0.0154249084249084
-1437	-0.0152967032967033
-951	-0.0141062271062271
-626	-0.0129194139194139
-376	-0.0117142857142857
-280	-0.0111428571428571
-140	-0.00994139194139194
-65	-0.00876923076923077
-40	-0.00813919413919414
-15	-0.00684249084249084
-10	-0.0055018315018315
0	-0.00486446886446886
15	-0.00361172161172161
45	-0.00243223443223443
60	-0.00183882783882784
100	-0.000688644688644689
105	-0.000285714285714286
120	1.46520146520146e-05
160	0.00126739926739927
205	0.00254212454212454
235	0.00316483516483516
315	0.00443956043956044
401	0.00572161172161172
531	0.00698901098901099
606	0.00763369963369963
776	0.00894505494505495
971	0.0102234432234432
1072	0.0108498168498169
1287	0.0121318681318681
1507	0.0134212454212454
1607	0.0140549450549451
1763	0.0153479853479853
1763	0.015996336996337
1647	0.016003663003663
1112	0.0150695970695971
771	0.0138608058608059
636	0.0132344322344322
411	0.011974358974359
245	0.0107179487179487
180	0.0100915750915751
85	0.00889010989010989
30	0.00768864468864469
10	0.00641391941391941
5	0.00578388278388278
-10	0.0044981684981685
-35	0.00318315018315018
-50	0.00254578754578755
-75	0.00125641025641026
-100	-2.56410256410257e-05
-110	-0.00067032967032967
-140	-0.00193040293040293
-165	-0.0031978021978022
-185	-0.00382051282051282
-255	-0.00504761904761905
-361	-0.00626739926739927
-426	-0.00686813186813187
-571	-0.0080952380952381
-736	-0.00934432234432234
-831	-0.00995970695970696
-1032	-0.0112051282051282
-1242	-0.0124432234432234
-1437	-0.0136849816849817
-1522	-0.0143003663003663
-1637	-0.0153919413919414
-1462	-0.0154065934065934
-1207	-0.014970695970696
-841	-0.0137838827838828
-586	-0.0125897435897436
-486	-0.011992673992674
-310	-0.0108095238095238
-180	-0.00961904761904762
-125	-0.00903296703296703
-60	-0.00778388278388278
-35	-0.00647985347985348
-25	-0.00582051282051282
-15	-0.00450915750915751
5	-0.00327838827838828
15	-0.00267765567765568
35	-0.00147619047619048
65	-0.000333333333333333
65	-0.000186813186813187
80	6.22710622710623e-05
95	0.000641025641025641
110	0.00123443223443223
115	0.00153479853479853
130	0.00213553113553114
145	0.00275091575091575
155	0.00305860805860806
180	0.00366666666666667
210	0.00427472527472527
230	0.00456776556776557
265	0.00518315018315018
310	0.0057985347985348
336	0.00609157509157509
386	0.0066996336996337
446	0.00732234432234432
486	0.00782051282051282
481	0.00782051282051282
305	0.00774725274725275
195	0.00718315018315018
160	0.00690476190476191
100	0.00636263736263736
55	0.00580586080586081
45	0.00552014652014652
30	0.00494139194139194
20	0.00434798534798535
10	0.00404029304029304
0	0.00344688644688645
-10	0.00284615384615385
-20	0.00253846153846154
-35	0.00191575091575092
-45	0.00130769230769231
-55	0.001
-70	0.000391941391941392
-80	-0.000223443223443223
-85	-0.000523809523809524
-100	-0.00112454212454212
-105	-0.00174725274725275
-110	-0.00235531135531136
-115	-0.00266300366300366
-135	-0.00327106227106227
-145	-0.00388644688644689
-155	-0.00417948717948718
-175	-0.00478388278388278
-210	-0.00536630036630037
-230	-0.00565567765567766
-275	-0.00623076923076923
-320	-0.00681684981684982
-346	-0.00710989010989011
-376	-0.00753113553113553
-280	-0.00753113553113553
-220	-0.00746520146520146
-150	-0.00689010989010989
-100	-0.0063040293040293
-85	-0.006
-65	-0.00538461538461539
-55	-0.00476190476190476
-50	-0.00414652014652015
-45	-0.00383882783882784
-30	-0.00323076923076923
-20	-0.00263736263736264
-10	-0.00233699633699634
5	-0.00178021978021978
15	-0.00121611721611722
25	-0.000945054945054945
40	-0.000373626373626374
40	-0.000146520146520147
55	0.00032967032967033
120	0.00278388278388278
255	0.00527472527472527
366	0.00653479853479854
666	0.00912820512820513
1047	0.0116996336996337
1262	0.012985347985348
1642	0.0155531135531136
1868	0.0181501831501831
1928	0.0195201465201465
1938	0.0224395604395604
2003	0.0251172161172161
1923	0.0265054945054945
1928	0.0291501831501832
1973	0.0319047619047619
1868	0.0333406593406593
1713	0.0333406593406593
806	0.0314798534798535
461	0.028985347985348
361	0.0276666666666667
220	0.024959706959707
130	0.0222564102564103
90	0.020952380952381
35	0.0183369963369963
0	0.0156923076923077
-15	0.0143663003663004
-35	0.0116776556776557
-55	0.008996336996337
-60	0.00766666666666667
-75	0.004996336996337
-100	0.00237362637362637
-110	0.00106227106227106
-150	-0.00153846153846154
-220	-0.00410989010989011
-295	-0.00536263736263736
-516	-0.00783150183150183
-816	-0.0103296703296703
-1187	-0.0127728937728938
-1367	-0.014003663003663
-1678	-0.0164358974358974
-1898	-0.0188974358974359
-1953	-0.0201282051282051
-1993	-0.0225677655677656
-2098	-0.0249157509157509
-1983	-0.0261538461538461
-1723	-0.027985347985348
-951	-0.0261391941391941
-961	-0.0261391941391941
-966	-0.0261318681318681
-971	-0.0261391941391941
-971	-0.0261318681318681
-971	-0.0261318681318681
-971	-0.0261391941391941
-971	-0.0261318681318681
-971	-0.0261318681318681
-971	-0.0261318681318681
-971	-0.0261318681318681
-971	-0.0261318681318681
-976	-0.0261318681318681
-976	-0.0261318681318681
-976	-0.0261318681318681
-971	-0.0261318681318681
-971	-0.0261318681318681
-971	-0.0261318681318681
-971	-0.0261282051282051
-976	-0.0261318681318681
-971	-0.0261318681318681
-971	-0.0261318681318681
-971	-0.0261318681318681
-971	-0.0261318681318681
-971	-0.0261318681318681
-971	-0.0261318681318681
-971	-0.0261318681318681
-971	-0.0261318681318681
-971	-0.0261318681318681
-971	-0.0261318681318681
-971	-0.0261318681318681
-971	-0.0261318681318681
-971	-0.0261318681318681
-971	-0.0261318681318681
-971	-0.0261318681318681
-971	-0.0261318681318681
-971	-0.0261318681318681
-971	-0.0261245421245421
-971	-0.0261318681318681
-971	-0.0261318681318681
-971	-0.0261318681318681
-971	-0.0261318681318681
-971	-0.0261245421245421
-971	-0.0261318681318681
-971	-0.0261245421245421
-971	-0.0261318681318681
-971	-0.0261318681318681
-971	-0.0261245421245421
-971	-0.0261245421245421
-971	-0.0261245421245421
-971	-0.0261245421245421
-971	-0.0261208791208791
-966	-0.0261208791208791
-971	-0.0261208791208791
-971	-0.0261208791208791
-966	-0.0261208791208791
-966	-0.0261208791208791
-971	-0.0261172161172161
-971	-0.0261208791208791
-971	-0.0261208791208791
-966	-0.0261208791208791
-971	-0.0261208791208791
-966	-0.0261208791208791
-966	-0.0261208791208791
-966	-0.0261208791208791
-966	-0.0261208791208791
-966	-0.0261208791208791
-621	-0.0245604395604396
-285	-0.0215604395604396
-30	-0.0155421245421245
5	-0.00927106227106227
25	-0.00612820512820513
15	-0.00507692307692308
10	-0.00505860805860806
10	-0.00505128205128205
10	-0.00506227106227106
10	-0.00505494505494506
10	-0.00506227106227106
10	-0.00505860805860806
10	-0.00506227106227106
10	-0.00506227106227106
10	-0.00505128205128205
10	-0.00505860805860806
10	-0.00505860805860806
10	-0.00505860805860806
5	-0.00505860805860806
10	-0.00506227106227106
5	-0.00506227106227106
5	-0.00505860805860806
0	-0.00202564102564103
0	-0.0010952380952381
0	-0.000857142857142857
