CH_000	Def_Angle_1_14
5	1.46520146520147e-05
5	1.46520146520147e-05
5	1.46520146520147e-05
5	2.1978021978022e-05
5	1.46520146520147e-05
5	1.46520146520147e-05
35	1.46520146520147e-05
95	5.12820512820513e-05
125	8.05860805860806e-05
175	0.000161172161172161
205	0.000197802197802198
240	0.000285714285714286
280	0.000373626373626374
300	0.000417582417582418
341	0.000534798534798535
361	0.000608058608058608
396	0.00073992673992674
431	0.000864468864468865
446	0.000930402930402931
476	0.00106959706959707
496	0.00113553113553114
526	0.00126007326007326
556	0.00139194139194139
571	0.00145787545787546
601	0.00158241758241758
596	0.00161904761904762
546	0.00161904761904762
456	0.00162637362637363
416	0.00161904761904762
341	0.00161904761904762
275	0.00161904761904762
250	0.0015970695970696
210	0.00150915750915751
190	0.00145787545787546
145	0.00134065934065934
125	0.0012967032967033
90	0.00119413919413919
75	0.00115018315018315
35	0.00105494505494506
10	0.000974358974358974
-5	0.000937728937728938
-30	0.000879120879120879
-40	0.00084981684981685
-65	0.000798534798534799
-95	0.000732600732600733
-115	0.000688644688644689
-165	0.000586080586080586
-215	0.000476190476190476
-240	0.000417582417582418
-290	0.000307692307692308
-310	0.000249084249084249
-361	0.000124542124542125
-401	7.32600732600733e-06
-421	-5.86080586080586e-05
-456	-0.000175824175824176
-491	-0.0003003663003663
-506	-0.000366300366300366
-536	-0.000483516483516484
-556	-0.000542124542124542
-581	-0.000666666666666667
-611	-0.000791208791208791
-626	-0.000857142857142857
-656	-0.000974358974358974
-681	-0.00109157509157509
-671	-0.00110622710622711
-606	-0.00110622710622711
-561	-0.00110622710622711
-486	-0.00110622710622711
-416	-0.00109157509157509
-381	-0.00106227106227106
-315	-0.000945054945054945
-250	-0.000835164835164835
-220	-0.000776556776556777
-165	-0.000659340659340659
-140	-0.000608058608058608
-90	-0.000505494505494506
-40	-0.000402930402930403
-25	-0.000366300366300366
-5	-0.0003003663003663
15	-0.000256410256410256
30	-0.000227106227106227
50	-0.000161172161172161
80	-8.05860805860806e-05
100	-3.66300366300366e-05
100	0
115	2.1978021978022e-05
145	0.00010989010989011
175	0.000197802197802198
190	0.000256410256410256
215	0.000358974358974359
240	0.000454212454212454
255	0.000512820512820513
280	0.000608058608058608
295	0.000659340659340659
325	0.000776556776556777
356	0.000893772893772894
376	0.00095970695970696
411	0.00108424908424908
446	0.00120879120879121
461	0.00126739926739927
496	0.00139194139194139
516	0.00145054945054945
556	0.00157509157509158
596	0.00168498168498169
591	0.00170695970695971
531	0.00170695970695971
446	0.00171428571428571
406	0.00171428571428571
336	0.00170695970695971
275	0.00164835164835165
250	0.00158974358974359
215	0.00148717948717949
195	0.00143589743589744
160	0.00133333333333333
130	0.00123076923076923
115	0.00117948717948718
85	0.00108424908424908
55	0.001003663003663
40	0.000952380952380952
10	0.000864468864468865
0	0.000827838827838828
-25	0.000761904761904762
-45	0.000695970695970696
-55	0.000673992673992674
-75	0.000608058608058608
-110	0.000534798534798535
-130	0.000483516483516484
-175	0.000373626373626374
-215	0.000256410256410256
-235	0.000190476190476191
-275	7.32600732600733e-05
-295	1.46520146520147e-05
-336	-0.000102564102564103
-371	-0.00021978021978022
-391	-0.000285714285714286
-426	-0.00041025641025641
-466	-0.000527472527472527
-486	-0.000586080586080586
-531	-0.000703296703296703
-546	-0.000769230769230769
-586	-0.000886446886446887
-631	-0.001003663003663
-651	-0.00106959706959707
-651	-0.00110622710622711
-571	-0.00110622710622711
-531	-0.00110622710622711
-456	-0.00110622710622711
-416	-0.00110622710622711
-351	-0.00102564102564103
-285	-0.000908424908424908
-255	-0.00084981684981685
-200	-0.00073992673992674
-150	-0.000622710622710623
-125	-0.000571428571428572
-75	-0.000461538461538462
-35	-0.000366300366300366
-20	-0.00032967032967033
0	-0.000278388278388278
10	-0.000256410256410256
30	-0.000190476190476191
55	-0.000131868131868132
70	-8.79120879120879e-05
100	0
105	2.93040293040293e-05
140	0.000117216117216117
205	0.000358974358974359
235	0.000483516483516484
295	0.000725274725274725
371	0.001003663003663
416	0.00115750915750916
506	0.00145787545787546
606	0.00172893772893773
651	0.00186813186813187
736	0.00216849816849817
776	0.00232967032967033
861	0.00264468864468864
936	0.00295970695970696
971	0.00311355311355311
1047	0.00343589743589744
1082	0.00368498168498169
1067	0.00369230769230769
876	0.00369230769230769
786	0.00369230769230769
621	0.00345054945054945
481	0.00315750915750916
411	0.00301098901098901
290	0.00272527472527473
210	0.00244688644688645
180	0.00231501831501832
125	0.00205128205128205
100	0.00191941391941392
60	0.00166300366300366
15	0.00140659340659341
-10	0.0013040293040293
-50	0.00111355311355311
-95	0.000923076923076923
-130	0.000798534798534799
-205	0.00052014652014652
-275	0.000227106227106227
-315	7.32600732600733e-05
-391	-0.000227106227106227
-436	-0.000380952380952381
-526	-0.000673992673992674
-621	-0.00095970695970696
-666	-0.00110622710622711
-746	-0.00139194139194139
-816	-0.00169230769230769
-851	-0.00186813186813187
-916	-0.00217582417582418
-951	-0.00232967032967033
-1012	-0.00263736263736264
-1067	-0.00294505494505495
-1072	-0.00304761904761905
-986	-0.00305494505494506
-901	-0.00305494505494506
-741	-0.00287179487179487
-601	-0.0026007326007326
-531	-0.00246153846153846
-411	-0.00218315018315018
-300	-0.0018974358974359
-250	-0.00175091575091575
-170	-0.00147252747252747
-100	-0.00119413919413919
-70	-0.00104761904761905
-20	-0.000791208791208791
-5	-0.000695970695970696
30	-0.00052014652014652
80	-0.000307692307692308
105	-0.000190476190476191
120	-5.12820512820513e-05
160	8.05860805860806e-05
190	0.000205128205128205
235	0.000476190476190476
255	0.000615384615384615
300	0.000893772893772894
351	0.00120879120879121
381	0.00136263736263736
441	0.00167032967032967
516	0.00196336996336996
556	0.00211721611721612
646	0.00241758241758242
691	0.00257875457875458
786	0.00287179487179487
886	0.00317216117216117
936	0.00333333333333333
1037	0.00364102564102564
1032	0.00373626373626374
946	0.00373626373626374
756	0.00371428571428571
596	0.00345054945054945
526	0.0033040293040293
391	0.00301831501831502
330	0.00287179487179487
240	0.00258608058608059
180	0.00232234432234432
155	0.00218315018315018
110	0.00190476190476191
75	0.00164102564102564
50	0.0015018315018315
10	0.00125274725274725
-10	0.00115018315018315
-50	0.000967032967032967
-90	0.000761904761904762
-125	0.000637362637362637
-190	0.000351648351648352
-240	5.12820512820513e-05
-265	-0.000102564102564103
-325	-0.000402930402930403
-396	-0.000703296703296703
-436	-0.00084981684981685
-511	-0.00115018315018315
-551	-0.00128937728937729
-631	-0.00158974358974359
-711	-0.00189010989010989
-751	-0.00203663003663004
-841	-0.00233699633699634
-931	-0.00264468864468864
-971	-0.0027985347985348
-1042	-0.00306227106227106
-1027	-0.00306959706959707
-886	-0.00306959706959707
-726	-0.00287912087912088
-656	-0.00273992673992674
-516	-0.00246153846153846
-396	-0.00217582417582418
-341	-0.00203663003663004
-245	-0.00175091575091575
-205	-0.00161172161172161
-135	-0.00132600732600733
-75	-0.00104761904761905
-45	-0.000901098901098901
-5	-0.000681318681318681
30	-0.000512820512820513
45	-0.000417582417582418
95	-0.000190476190476191
115	-4.3956043956044e-05
125	-1.46520146520147e-05
220	0.000490842490842491
265	0.000769230769230769
361	0.00136996336996337
491	0.00197802197802198
576	0.00228571428571429
761	0.00289377289377289
966	0.00349450549450549
1072	0.00378754578754579
1227	0.00438827838827839
1297	0.00471062271062271
1407	0.00532600732600733
1507	0.00596336996336996
1552	0.0063003663003663
1642	0.00693772893772894
1728	0.00758241758241758
1718	0.0078021978021978
1537	0.00781684981684982
1347	0.00777289377289377
1027	0.0072014652014652
761	0.00661538461538461
641	0.00632234432234432
446	0.00573626373626374
295	0.00512820512820513
240	0.00481318681318681
150	0.00423443223443223
85	0.00364102564102564
65	0.00334065934065934
20	0.00274725274725275
0	0.00247619047619048
-45	0.00197802197802198
-105	0.00147985347985348
-145	0.00117216117216117
-220	0.000564102564102564
-305	-5.12820512820513e-05
-361	-0.000366300366300366
-486	-0.000967032967032967
-556	-0.00126007326007326
-701	-0.00186080586080586
-856	-0.00246153846153846
-946	-0.00276923076923077
-1097	-0.00336996336996337
-1212	-0.00398534798534799
-1272	-0.0043003663003663
-1377	-0.00493040293040293
-1432	-0.00523809523809524
-1532	-0.00586813186813187
-1632	-0.00647619047619048
-1678	-0.0067985347985348
-1662	-0.00704761904761905
-1402	-0.00702564102564103
-1247	-0.00674725274725275
-981	-0.00613186813186813
-751	-0.00552380952380952
-656	-0.00522344322344322
-486	-0.00463736263736264
-406	-0.00433699633699634
-275	-0.00374358974358974
-180	-0.00315018315018315
-135	-0.00284249084249084
-65	-0.00223443223443223
-20	-0.00167032967032967
0	-0.00141391941391941
40	-0.000937728937728938
70	-0.000681318681318681
125	-0.000146520146520147
130	-3.66300366300366e-05
165	0.000212454212454212
215	0.000791208791208791
270	0.00138461538461538
305	0.00169230769230769
386	0.0023003663003663
481	0.00292307692307692
536	0.00324542124542124
671	0.00385347985347985
736	0.00416849816849817
881	0.00477655677655678
1032	0.0053992673992674
1112	0.00572161172161172
1267	0.00635164835164835
1427	0.00697435897435897
1507	0.00728937728937729
1622	0.00783882783882784
1597	0.00786080586080586
1297	0.00782417582417583
981	0.00726007326007326
841	0.00696703296703297
601	0.00638095238095238
416	0.00579487179487179
341	0.00548717948717949
225	0.00487179487179487
145	0.00429304029304029
115	0.00399267399267399
65	0.0033992673992674
40	0.0030989010989011
5	0.0025054945054945
-25	0.00196336996336996
-50	0.00171428571428571
-105	0.00120879120879121
-160	0.000600732600732601
-190	0.000293040293040293
-245	-0.00032967032967033
-280	-0.000644688644688645
-361	-0.00125274725274725
-451	-0.00186080586080586
-506	-0.00216849816849817
-611	-0.00277655677655678
-726	-0.00337728937728938
-791	-0.00368498168498169
-926	-0.00430769230769231
-1077	-0.00491575091575092
-1157	-0.00523809523809524
-1317	-0.00585347985347985
-1402	-0.00616849816849817
-1562	-0.00677655677655678
-1602	-0.00706227106227106
-1527	-0.00706227106227106
-1217	-0.00679120879120879
-951	-0.00616849816849817
-831	-0.00586080586080586
-626	-0.00525274725274725
-536	-0.00495238095238095
-386	-0.00436630036630037
-260	-0.00377289377289377
-210	-0.00347252747252747
-130	-0.00287179487179487
-60	-0.00226373626373626
-35	-0.00197069597069597
-5	-0.00142857142857143
15	-0.00119413919413919
55	-0.000695970695970696
105	-0.000161172161172161
110	-3.66300366300366e-05
170	0.000461538461538462
275	0.00168498168498169
351	0.00234432234432234
556	0.00364102564102564
836	0.00491575091575092
1002	0.00557509157509158
1337	0.00687912087912088
1517	0.00753113553113553
1803	0.00881318681318681
1983	0.0101391941391941
2063	0.0108717948717949
2188	0.0122124542124542
2298	0.0135604395604396
2349	0.0142490842490842
2429	0.0155824175824176
2419	0.0161172161172161
2123	0.0161465201465201
1442	0.0151208791208791
1167	0.0144981684981685
721	0.0132673992673993
401	0.012007326007326
290	0.0113479853479853
160	0.0100659340659341
115	0.00942124542124542
45	0.00812454212454212
5	0.00686446886446887
-10	0.00621245421245421
-50	0.00495238095238095
-105	0.00373626373626374
-140	0.00306959706959707
-210	0.00172893772893773
-245	0.00105494505494506
-336	-0.000263736263736264
-466	-0.00154578754578755
-546	-0.00219047619047619
-736	-0.00347252747252747
-976	-0.00474725274725275
-1127	-0.00541391941391941
-1422	-0.0066959706959707
-1688	-0.00794871794871795
-1783	-0.00862271062271062
-1933	-0.00995604395604396
-1998	-0.0106373626373626
-2108	-0.011992673992674
-2208	-0.0133333333333333
-2248	-0.014014652014652
-2268	-0.0152600732600733
-2073	-0.0153260073260073
-1738	-0.0149230769230769
-1202	-0.0136703296703297
-976	-0.013040293040293
-626	-0.0118168498168498
-371	-0.0105714285714286
-280	-0.00993406593406593
-155	-0.00863736263736264
-90	-0.00728937728937729
-70	-0.00659340659340659
-25	-0.00526739926739927
0	-0.00401465201465202
15	-0.00340659340659341
35	-0.00218315018315018
55	-0.00158241758241758
110	-0.000351648351648352
110	-2.93040293040293e-05
145	0.00043956043956044
205	0.00173626373626374
275	0.00301098901098901
320	0.00367765567765568
416	0.004996336996337
531	0.00632234432234432
606	0.00701831501831502
776	0.00834432234432234
876	0.00901831501831502
1087	0.0103369963369963
1312	0.0116483516483517
1437	0.0123150183150183
1688	0.0136190476190476
1943	0.0149157509157509
2063	0.0155897435897436
2078	0.0162344322344322
1923	0.0162417582417582
1277	0.0152820512820513
801	0.0140732600732601
606	0.0134285714285714
336	0.0121538461538462
185	0.0108571428571429
140	0.0102197802197802
65	0.00892307692307692
20	0.00763369963369963
5	0.00697435897435897
-15	0.00567765567765568
-30	0.00501098901098901
-70	0.00377289377289377
-105	0.00249084249084249
-120	0.0018021978021978
-155	0.000483516483516484
-180	-0.00084981684981685
-200	-0.00153113553113553
-260	-0.00284981684981685
-295	-0.00351648351648352
-386	-0.00481318681318681
-496	-0.00610989010989011
-566	-0.00677655677655678
-325	-0.00818315018315018
-491	-0.00950915750915751
-581	-0.0101904761904762
-741	-0.0115384615384615
-906	-0.0128717948717949
-1002	-0.0135604395604396
-1212	-0.0148644688644689
-1312	-0.0154871794871795
-1227	-0.0156117216117216
-731	-0.0146666666666667
-561	-0.014014652014652
-325	-0.0127326007326007
-200	-0.0114358974358974
-180	-0.0107472527472527
-140	-0.00942124542124542
-120	-0.00873992673992674
-95	-0.00737728937728938
-60	-0.006
-40	-0.00531135531135531
-15	-0.00402197802197802
5	-0.00276923076923077
15	-0.00213919413919414
35	-0.000945054945054945
60	5.12820512820513e-05
55	5.86080586080586e-05
85	0.000549450549450549
95	0.000871794871794872
115	0.00149450549450549
145	0.00210989010989011
155	0.00243223443223443
190	0.00304029304029304
225	0.00365567765567766
250	0.00397069597069597
290	0.00459340659340659
310	0.00492307692307692
356	0.00556043956043956
406	0.0061978021978022
431	0.00652014652014652
481	0.00717216117216117
546	0.00781684981684982
576	0.00811721611721612
531	0.00817582417582418
336	0.00791208791208791
265	0.0076043956043956
170	0.00702564102564103
135	0.00673260073260073
90	0.00613919413919414
55	0.00553846153846154
40	0.00521611721611722
25	0.00459340659340659
15	0.00395604395604396
10	0.00362637362637363
-5	0.00303296703296703
-10	0.00272527472527473
-35	0.00212454212454212
-60	0.00155311355311355
-70	0.00124542124542125
-85	0.000652014652014652
-95	3.66300366300366e-05
-105	-0.000293040293040293
-115	-0.000915750915750916
-120	-0.00123076923076923
-140	-0.00186080586080586
-155	-0.00249084249084249
-165	-0.00282051282051282
-180	-0.00346520146520147
-195	-0.0041025641025641
-205	-0.00442490842490843
-220	-0.00506959706959707
-230	-0.00539194139194139
-250	-0.00602930402930403
-270	-0.00666666666666667
-280	-0.006996336996337
-285	-0.00737728937728938
-220	-0.00736263736263736
-200	-0.0070989010989011
-170	-0.00646153846153846
-155	-0.00613186813186813
-130	-0.00547985347985348
-110	-0.00484249084249084
-100	-0.00451282051282051
-85	-0.00389010989010989
-60	-0.00327472527472528
-50	-0.00295970695970696
-35	-0.00235897435897436
-25	-0.00205860805860806
-10	-0.00146520146520147
0	-0.000886446886446887
10	-0.000600732600732601
25	-1.46520146520147e-05
25	0.000183150183150183
55	0.000945054945054945
150	0.00352380952380952
356	0.00608058608058608
506	0.00744322344322344
881	0.0100879120879121
1097	0.0114285714285714
1587	0.0140586080586081
2098	0.0166373626373626
2288	0.017978021978022
2509	0.0207106227106227
2639	0.0234945054945055
2659	0.0248571428571429
2439	0.0276043956043956
1973	0.028996336996337
2148	0.0316336996336996
2063	0.032959706959707
1818	0.032952380952381
836	0.0309230769230769
381	0.0283736263736264
280	0.027010989010989
125	0.0243369963369963
75	0.022974358974359
15	0.0203150183150183
-25	0.0177069597069597
-35	0.0163663003663004
-80	0.0137728937728938
-115	0.0110989010989011
-135	0.0096996336996337
-160	0.00695970695970696
-175	0.00557509157509158
-205	0.00282051282051282
-235	0.000117216117216117
-260	-0.00126739926739927
-315	-0.00393406593406593
-396	-0.00657875457875458
-456	-0.00793406593406593
-641	-0.0106520146520147
-746	-0.012021978021978
-1027	-0.0146373626373626
-1352	-0.0172234432234432
-1838	-0.0224029304029304
-1903	-0.0237509157509157
-1928	-0.0250989010989011
-2013	-0.0276996336996337
-2058	-0.029010989010989
-2093	-0.0315238095238095
-1863	-0.0316483516483516
-1272	-0.0306007326007326
-581	-0.0281025641025641
-275	-0.0255824175824176
-190	-0.0242490842490843
-90	-0.0216117216117216
-55	-0.0189377289377289
-40	-0.0175531135531136
-20	-0.0148864468864469
-5	-0.0135384615384615
30	-0.011040293040293
50	-0.00848351648351649
75	-0.00714285714285714
105	-0.0044981684981685
130	-0.0018974358974359
145	-0.000556776556776557
135	0.000139194139194139
160	0.00103296703296703
190	0.00367032967032967
225	0.00630769230769231
250	0.00765567765567766
315	0.0103516483516484
391	0.013032967032967
431	0.0143882783882784
526	0.0170695970695971
631	0.0197655677655678
701	0.0211575091575092
861	0.0237728937728938
951	0.0251135531135531
1137	0.0277435897435897
1302	0.0303076923076923
1367	0.0316923076923077
1377	0.033047619047619
756	0.0323076923076923
496	0.031010989010989
210	0.0284468864468864
130	0.0271282051282051
60	0.0244395604395604
10	0.0217362637362637
-5	0.0204102564102564
-20	0.0177069597069597
-45	0.0150549450549451
-50	0.0136996336996337
-75	0.011032967032967
-85	0.00967032967032967
-105	0.00694505494505495
-125	0.00421245421245421
-140	0.00281318681318681
-160	0.000124542124542125
-180	-0.00254945054945055
-190	-0.00391208791208791
-210	-0.00657875457875458
-225	-0.00794139194139194
-280	-0.0106666666666667
-356	-0.0133479853479853
-406	-0.0146959706959707
-511	-0.0172747252747253
-636	-0.0198241758241758
-706	-0.0211428571428571
-886	-0.0237362637362637
-996	-0.0250695970695971
-1212	-0.0276776556776557
-1432	-0.0302710622710623
-1502	-0.0315384615384615
-1362	-0.0317435897435897
-616	-0.0295018315018315
-416	-0.0282271062271062
-195	-0.0256849816849817
-100	-0.0230769230769231
-85	-0.0217069597069597
-60	-0.019010989010989
-50	-0.0176483516483517
-25	-0.015018315018315
5	-0.0124395604395604
20	-0.0111428571428571
35	-0.00858608058608059
55	-0.00594871794871795
70	-0.00457142857142857
85	-0.00197802197802198
100	-0.000644688644688645
95	-0.000714285714285714
90	-0.000725274725274725
90	-0.000622710622710623
90	-0.000527472527472527
90	-0.000769230769230769
165	0.00464468864468864
200	0.00747619047619048
295	0.0128021978021978
356	0.0159413919413919
491	0.0211355311355311
606	0.0238754578754579
526	0.0299047619047619
686	0.0341978021978022
706	0.0367728937728938
646	0.0421062271062271
561	0.0473479853479853
556	0.0498681318681319
571	0.056021978021978
581	0.0586190476190476
596	0.0640622710622711
576	0.0653076923076923
451	0.0645421245421245
280	0.0594945054945055
180	0.0545641025641026
135	0.0518864468864469
60	0.0471941391941392
10	0.0431575091575092
-10	0.0411208791208791
-35	0.0355384615384615
-45	0.0331501831501831
-65	0.028952380952381
-75	0.0247802197802198
-80	0.0212857142857143
-90	0.0152673992673993
-105	0.00995604395604396
-120	0.00752014652014652
-150	0.00190476190476191
-165	-0.00105128205128205
-185	-0.0077948717948718
-230	-0.0135274725274725
-260	-0.015996336996337
-320	-0.0213882783882784
-391	-0.0267875457875458
-426	-0.0296959706959707
-486	-0.0350659340659341
-511	-0.0378241758241758
-486	-0.0434175824175824
-511	-0.0484542124542125
-526	-0.0509010989010989
-506	-0.0556520146520147
-496	-0.0557069597069597
-491	-0.0556520146520147
