CH_000	Def_Angle_1_14
15	0
15	0
15	0
15	0
15	0
25	0
45	0
50	2.93040293040293e-05
65	0.000153846153846154
75	0.000241758241758242
80	0.000307692307692308
90	0.000432234432234432
95	0.000498168498168498
105	0.000652014652014652
110	0.000717948717948718
120	0.000842490842490843
125	0.000901098901098901
135	0.00101831501831502
140	0.00108424908424908
150	0.00121611721611722
155	0.00132600732600733
160	0.00138461538461538
175	0.00151648351648352
175	0.00158241758241758
180	0.0016996336996337
160	0.0016996336996337
140	0.0016996336996337
110	0.00170695970695971
85	0.0016996336996337
75	0.00168498168498169
60	0.00157509157509158
55	0.00152380952380952
40	0.00141391941391941
25	0.0013040293040293
25	0.00123809523809524
15	0.00112087912087912
10	0.000996336996336996
5	0.000937728937728938
0	0.000827838827838828
-5	0.000776556776556777
-10	0.000652014652014652
-15	0.000534798534798535
-20	0.000476190476190476
-25	0.000358974358974359
-30	0.0003003663003663
-35	0.000183150183150183
-45	7.32600732600733e-05
-45	1.46520146520147e-05
-55	-9.52380952380952e-05
-65	-0.000205128205128205
-70	-0.000263736263736264
-75	-0.000373626373626374
-85	-0.000432234432234432
-90	-0.000549450549450549
-100	-0.000666666666666667
-105	-0.000725274725274725
-110	-0.00084981684981685
-120	-0.000974358974358974
-125	-0.00104029304029304
-135	-0.00117216117216117
-140	-0.00123809523809524
-150	-0.00136263736263736
-155	-0.00149450549450549
-160	-0.00155311355311355
-140	-0.00156043956043956
-100	-0.00156043956043956
-85	-0.00156043956043956
-65	-0.00153113553113553
-55	-0.00147985347985348
-40	-0.00136996336996337
-25	-0.00126007326007326
-20	-0.00120879120879121
-15	-0.00110622710622711
-5	-0.000996336996336996
0	-0.000945054945054945
5	-0.000842490842490843
15	-0.000732600732600733
15	-0.000681318681318681
25	-0.000556776556776557
25	-0.000498168498168498
25	-0.000373626373626374
30	-0.000249084249084249
30	-0.000183150183150183
35	-9.52380952380952e-05
40	-5.12820512820513e-05
40	1.46520146520147e-05
45	0.000131868131868132
50	0.000190476190476191
55	0.000315018315018315
60	0.00043956043956044
65	0.000505494505494506
75	0.000622710622710623
80	0.000732600732600733
85	0.000791208791208791
95	0.000908424908424908
100	0.000974358974358974
110	0.00109157509157509
125	0.00120879120879121
130	0.00126007326007326
140	0.00136996336996337
155	0.00147985347985348
160	0.00154578754578755
175	0.00166300366300366
180	0.00171428571428571
165	0.00172893772893773
130	0.00172893772893773
115	0.00172893772893773
90	0.00172893772893773
70	0.00165567765567766
60	0.0015970695970696
50	0.00148717948717949
35	0.00136996336996337
30	0.00131135531135531
25	0.0012014652014652
20	0.00113553113553114
15	0.00101831501831502
5	0.000901098901098901
5	0.00084981684981685
0	0.00073992673992674
-10	0.000622710622710623
-10	0.000564102564102564
-15	0.00043956043956044
-20	0.000380952380952381
-20	0.000263736263736264
-25	0.000146520146520147
-30	8.05860805860806e-05
-35	-3.66300366300366e-05
-40	-0.000161172161172161
-45	-0.00021978021978022
-50	-0.00032967032967033
-55	-0.000388278388278388
-60	-0.000505494505494506
-70	-0.000622710622710623
-75	-0.000681318681318681
-80	-0.000791208791208791
-90	-0.000908424908424908
-95	-0.000974358974358974
-110	-0.00109157509157509
-115	-0.00115750915750916
-130	-0.00128205128205128
-140	-0.00141391941391941
-150	-0.00147985347985348
-155	-0.00156776556776557
-125	-0.00156776556776557
-105	-0.00156776556776557
-75	-0.00156776556776557
-55	-0.00149450549450549
-50	-0.00143589743589744
-35	-0.00132600732600733
-30	-0.00126739926739927
-20	-0.00116483516483517
-10	-0.00105494505494506
-5	-0.000996336996336996
0	-0.000886446886446887
10	-0.000783882783882784
10	-0.000732600732600733
15	-0.000615384615384615
20	-0.000556776556776557
25	-0.000432234432234432
25	-0.000315018315018315
25	-0.000249084249084249
30	-0.000124542124542125
30	-5.86080586080586e-05
35	-1.46520146520147e-05
45	0.000271062271062271
55	0.000417582417582418
70	0.000695970695970696
90	0.000981684981684982
105	0.00112087912087912
135	0.00139194139194139
170	0.00166300366300366
190	0.0017948717948718
210	0.00209523809523809
220	0.00224908424908425
245	0.00256410256410256
265	0.00287912087912088
275	0.00304761904761905
295	0.00336263736263736
315	0.00368498168498169
305	0.00372893772893773
235	0.00373626373626374
190	0.00372161172161172
130	0.00347985347985348
85	0.0032014652014652
70	0.00305494505494506
45	0.00276923076923077
35	0.00263003663003663
25	0.00234432234432234
10	0.00205128205128205
5	0.00190476190476191
-5	0.00162637362637363
-15	0.00133333333333333
-15	0.00117948717948718
-25	0.000886446886446887
-30	0.000732600732600733
-35	0.000432234432234432
-45	0.000146520146520147
-50	-7.32600732600733e-06
-65	-0.000307692307692308
-80	-0.000586080586080586
-90	-0.000732600732600733
-110	-0.00102564102564103
-125	-0.00118681318681319
-155	-0.00149450549450549
-180	-0.0017948717948718
-190	-0.00195604395604396
-215	-0.00226373626373626
-240	-0.00257875457875458
-250	-0.00273992673992674
-270	-0.00304761904761905
-280	-0.00321611721611722
-300	-0.00351648351648352
-275	-0.00356043956043956
-210	-0.00356043956043956
-130	-0.00339194139194139
-80	-0.0030989010989011
-65	-0.00295238095238095
-40	-0.00268131868131868
-30	-0.00253479853479853
-15	-0.00226373626373626
-5	-0.00198534798534799
5	-0.00183882783882784
10	-0.00157509157509158
20	-0.00127472527472527
20	-0.00112820512820513
25	-0.00082051282051282
30	-0.00052014652014652
30	-0.000366300366300366
35	-0.000102564102564103
30	-9.52380952380952e-05
45	0.000131868131868132
50	0.00043956043956044
55	0.000600732600732601
65	0.000908424908424908
80	0.0012014652014652
85	0.00134798534798535
105	0.00163369963369963
115	0.00178021978021978
135	0.00207326007326007
160	0.00237362637362637
175	0.00252014652014652
205	0.00282051282051282
235	0.00312087912087912
255	0.00327472527472528
285	0.00357509157509157
295	0.00372161172161172
275	0.00375824175824176
175	0.00373626373626374
145	0.00361904761904762
100	0.00334798534798535
65	0.00306227106227106
55	0.00290842490842491
35	0.00263003663003663
25	0.00233699633699634
20	0.00218315018315018
5	0.00190476190476191
5	0.00175091575091575
-5	0.00147252747252747
-10	0.00117216117216117
-15	0.00101831501831502
-20	0.000717948717948718
-25	0.000417582417582418
-30	0.000256410256410256
-35	-5.12820512820513e-05
-40	-0.000205128205128205
-50	-0.000498168498168498
-60	-0.000791208791208791
-65	-0.000937728937728938
-80	-0.00123076923076923
-95	-0.00153113553113553
-105	-0.00167765567765568
-125	-0.00198534798534799
-135	-0.00213186813186813
-165	-0.00243956043956044
-195	-0.00275457875457875
-210	-0.00290842490842491
-245	-0.00321611721611722
-280	-0.00352380952380952
-275	-0.00356776556776557
-205	-0.00356776556776557
-120	-0.00339194139194139
-95	-0.00323809523809524
-60	-0.00295238095238095
-50	-0.00281318681318681
-30	-0.00254212454212454
-15	-0.00226373626373626
-10	-0.00211721611721612
5	-0.00183882783882784
10	-0.00156776556776557
15	-0.00142124542124542
20	-0.00112087912087912
25	-0.000967032967032967
25	-0.000659340659340659
25	-0.000358974358974359
30	-0.000197802197802198
30	-8.05860805860806e-05
45	0.000380952380952381
50	0.000695970695970696
70	0.00128937728937729
105	0.00186813186813187
125	0.00217582417582418
175	0.00276190476190476
210	0.00306959706959707
285	0.00367032967032967
336	0.00426373626373626
351	0.00457875457875458
381	0.00520879120879121
411	0.00582417582417583
421	0.00615384615384615
441	0.00679120879120879
446	0.00712087912087912
461	0.00775091575091575
396	0.00783150183150183
295	0.00781684981684982
170	0.00727472527472527
100	0.0067032967032967
70	0.0064029304029304
40	0.00581684981684982
30	0.00551648351648352
20	0.00491575091575092
5	0.0043003663003663
0	0.004
-15	0.00338461538461538
-20	0.00275457875457875
-25	0.00243223443223443
-35	0.00180952380952381
-40	0.0015018315018315
-50	0.000893772893772894
-60	0.000278388278388278
-70	-3.66300366300366e-05
-90	-0.000644688644688645
-110	-0.00126739926739927
-125	-0.00158241758241758
-165	-0.00220512820512821
-190	-0.00252014652014652
-245	-0.00314285714285714
-295	-0.00375824175824176
-315	-0.00407326007326007
-351	-0.0046959706959707
-381	-0.00532600732600733
-396	-0.00564835164835165
-426	-0.00627838827838828
-436	-0.0066007326007326
-456	-0.00723076923076923
-451	-0.00761904761904762
-421	-0.00762637362637363
-210	-0.00738461538461538
-105	-0.00676190476190476
-75	-0.00643956043956044
-40	-0.00583882783882784
-30	-0.00553846153846154
-10	-0.00494505494505494
0	-0.00436630036630037
5	-0.00407326007326007
15	-0.00347252747252747
20	-0.00284981684981685
25	-0.00252747252747253
25	-0.0018974358974359
30	-0.00127472527472527
35	-0.000952380952380952
40	-0.000344322344322344
40	-0.000139194139194139
45	5.12820512820513e-05
55	0.000688644688644689
55	0.00101831501831502
70	0.00163369963369963
85	0.00224175824175824
90	0.00255677655677656
105	0.00317216117216117
120	0.00347985347985348
140	0.00408791208791209
170	0.0046959706959707
190	0.00501098901098901
230	0.00561904761904762
280	0.00624175824175824
310	0.00657142857142857
366	0.0072014652014652
386	0.00752380952380952
391	0.00786813186813187
260	0.00783150183150183
195	0.00754578754578755
115	0.00696703296703297
65	0.00638095238095238
50	0.00608058608058608
30	0.00547985347985348
25	0.00517216117216117
10	0.00455677655677656
0	0.00394139194139194
0	0.00363369963369963
-10	0.003003663003663
-20	0.00238095238095238
-20	0.00205860805860806
-25	0.00143589743589744
-30	0.00112087912087912
-35	0.000498168498168498
-45	-0.000117216117216117
-50	-0.000432234432234432
-60	-0.00104029304029304
-75	-0.00164835164835165
-80	-0.00197069597069597
-95	-0.00257875457875458
-115	-0.0032014652014652
-130	-0.00352380952380952
-150	-0.00414652014652015
-165	-0.00446886446886447
-200	-0.00510622710622711
-245	-0.00572161172161172
-270	-0.00604395604395604
-336	-0.00666666666666667
-391	-0.00728205128205128
-411	-0.00758974358974359
-361	-0.00764835164835165
-245	-0.00761172161172161
-125	-0.00703296703296703
-65	-0.0064029304029304
-50	-0.0060952380952381
-30	-0.00549450549450549
-15	-0.0049010989010989
-5	-0.00460805860805861
0	-0.00402197802197802
5	-0.00372161172161172
15	-0.00309157509157509
20	-0.00246153846153846
20	-0.00213919413919414
25	-0.00152380952380952
25	-0.000901098901098901
30	-0.000578754578754579
30	-9.52380952380952e-05
35	-8.05860805860806e-05
45	0.00105494505494506
65	0.00235164835164835
80	0.00301098901098901
120	0.00427106227106227
185	0.00554578754578755
235	0.00620512820512821
356	0.00751648351648352
406	0.00817582417582418
461	0.00950915750915751
501	0.0108717948717949
516	0.0116190476190476
541	0.012959706959707
556	0.0136483516483516
576	0.014959706959707
571	0.0160879120879121
561	0.0161025641025641
275	0.0155018315018315
190	0.0148717948717949
95	0.0136336996336996
45	0.0123736263736264
30	0.0117216117216117
10	0.0104322344322344
-5	0.00913553113553114
-10	0.00845421245421246
-20	0.00713553113553114
-25	0.00644688644688645
-35	0.00512087912087912
-45	0.00381684981684982
-50	0.00313553113553114
-65	0.00182417582417582
-80	0.000527472527472527
-90	-0.000146520146520147
-115	-0.00146520146520147
-130	-0.00212454212454212
-170	-0.00343589743589744
-210	-0.00474725274725275
-240	-0.00541391941391941
-320	-0.00671062271062271
-386	-0.00800732600732601
-406	-0.0087032967032967
-436	-0.0100512820512821
-456	-0.0114139194139194
-471	-0.0121098901098901
-491	-0.0134652014652015
-506	-0.0141538461538462
-526	-0.0154945054945055
-506	-0.015992673992674
-361	-0.0159340659340659
-140	-0.0147179487179487
-65	-0.0134065934065934
-40	-0.0127545787545788
-20	-0.0114798534798535
-10	-0.0108205128205128
0	-0.00956043956043956
10	-0.00824908424908425
15	-0.00756043956043956
25	-0.00620512820512821
25	-0.00486446886446887
30	-0.00418315018315018
40	-0.00287179487179487
40	-0.00221978021978022
50	-0.000915750915750916
50	-0.000153846153846154
55	-5.12820512820513e-05
65	0.00125274725274725
75	0.00258608058608059
80	0.00326739926739927
95	0.00457875457875458
100	0.00523809523809524
120	0.00654212454212454
145	0.00786813186813187
155	0.00854945054945055
190	0.00985347985347985
230	0.0111721611721612
260	0.0118461538461538
315	0.0131648351648352
386	0.0144688644688645
421	0.0151428571428571
446	0.0161684981684982
436	0.0161758241758242
185	0.0154725274725275
95	0.0142417582417582
70	0.0135897435897436
40	0.0123150183150183
20	0.011018315018315
15	0.0103369963369963
5	0.00902564102564103
0	0.00836630036630037
-10	0.00704761904761905
-15	0.00571428571428571
-15	0.00502564102564103
-25	0.00367765567765568
-30	0.00234432234432234
-35	0.00165567765567766
-45	0.000344322344322344
-50	-0.00032967032967033
-55	-0.00164102564102564
-65	-0.00293772893772894
-75	-0.00361172161172161
-95	-0.0049010989010989
-110	-0.00620512820512821
-120	-0.00688644688644689
-150	-0.0082051282051282
-160	-0.00889377289377289
-200	-0.0102490842490843
-245	-0.0115970695970696
-275	-0.0122930402930403
-341	-0.0136190476190476
-406	-0.014959706959707
-436	-0.0156410256410256
-431	-0.016021978021978
-280	-0.0158901098901099
-120	-0.0146227106227106
-60	-0.0133113553113553
-40	-0.0126520146520147
-20	-0.0113699633699634
-10	-0.0100805860805861
-5	-0.00941391941391941
5	-0.00808791208791209
5	-0.00742124542124542
15	-0.00608791208791209
20	-0.00473992673992674
20	-0.00405860805860806
25	-0.00273992673992674
30	-0.00142857142857143
35	-0.000754578754578755
35	-9.52380952380952e-05
40	-2.1978021978022e-05
40	0.000600732600732601
45	0.00123809523809524
45	0.00156776556776557
50	0.00221245421245421
55	0.00285714285714286
55	0.00317948717948718
65	0.00381684981684982
65	0.00444688644688645
70	0.00477655677655678
75	0.00540659340659341
80	0.00571428571428571
85	0.00634432234432235
95	0.00697435897435897
100	0.0073040293040293
110	0.00793406593406593
105	0.0081025641025641
75	0.0080952380952381
45	0.00756043956043956
35	0.00725274725274725
25	0.00664468864468864
15	0.00602930402930403
10	0.00570695970695971
10	0.00508424908424908
5	0.00443956043956044
5	0.00410989010989011
0	0.00347985347985348
-5	0.00315018315018315
-5	0.00251282051282051
-10	0.00187545787545788
-10	0.00154578754578755
-10	0.000908424908424908
-15	0.000271062271062271
-15	-5.86080586080586e-05
-20	-0.000695970695970696
-20	-0.00101831501831502
-20	-0.00164835164835165
-25	-0.00228571428571429
-25	-0.00260805860805861
-30	-0.00323809523809524
-35	-0.00386813186813187
-40	-0.00419047619047619
-45	-0.00480586080586081
-50	-0.00512087912087912
-50	-0.00574358974358974
-60	-0.00636630036630037
-65	-0.00668131868131868
-70	-0.0073040293040293
-75	-0.00778021978021978
-70	-0.00778021978021978
-35	-0.00756776556776557
-25	-0.00725274725274725
-15	-0.00662271062271062
-10	-0.00599267399267399
-10	-0.00566300366300366
-5	-0.00503296703296703
0	-0.00441025641025641
0	-0.0040952380952381
5	-0.00347252747252747
5	-0.00315750915750916
5	-0.00253479853479853
10	-0.00190476190476191
15	-0.00158974358974359
15	-0.000952380952380952
20	-0.000322344322344322
20	-4.3956043956044e-05
20	0.000424908424908425
25	0.00178754578754579
45	0.0043956043956044
90	0.00698901098901099
120	0.00833699633699634
180	0.010959706959707
280	0.0135824175824176
356	0.0149084249084249
471	0.0174945054945055
531	0.0201538461538462
551	0.0216117216117216
571	0.0241904761904762
576	0.0255604395604396
601	0.0281538461538461
621	0.0307252747252747
631	0.0320879120879121
546	0.0324688644688645
240	0.0319413919413919
95	0.0294139194139194
45	0.0268131868131868
30	0.0254285714285714
15	0.0227545787545788
0	0.0200879120879121
-5	0.0187252747252747
-15	0.01603663003663
-20	0.0146886446886447
-25	0.01203663003663
-40	0.00935531135531136
-40	0.00798534798534799
-55	0.00531868131868132
-65	0.00264468864468864
-75	0.00126739926739927
-90	-0.00139194139194139
-100	-0.00271062271062271
-125	-0.00535531135531136
-160	-0.008
-180	-0.0093992673992674
-230	-0.0121318681318681
-300	-0.0148278388278388
-336	-0.0162051282051282
-386	-0.0188791208791209
-406	-0.0202271062271062
-436	-0.0229010989010989
-471	-0.0255970695970696
-486	-0.026974358974359
-511	-0.0296556776556777
-536	-0.0323150183150183
-521	-0.0326886446886447
-270	-0.0317655677655678
-190	-0.0303882783882784
-100	-0.0277142857142857
-50	-0.0250915750915751
-30	-0.0237435897435897
-10	-0.0211282051282051
5	-0.0184835164835165
10	-0.0171135531135531
20	-0.0144102564102564
20	-0.013025641025641
25	-0.0103443223443223
30	-0.00766300366300366
35	-0.00625641025641026
40	-0.0035970695970696
50	-0.000967032967032967
50	-8.05860805860806e-05
55	0.000666666666666667
55	0.00202930402930403
65	0.0046959706959707
80	0.00733333333333333
85	0.00866666666666667
105	0.0113479853479853
125	0.013992673992674
135	0.0153479853479853
160	0.017985347985348
195	0.0206373626373626
210	0.022021978021978
245	0.0246153846153846
265	0.0259413919413919
325	0.0285347985347985
381	0.0311282051282051
401	0.0323882783882784
315	0.0325714285714286
180	0.0317069597069597
95	0.0291428571428571
50	0.0264908424908425
35	0.0251062271062271
25	0.0224249084249084
10	0.0197582417582418
5	0.0184029304029304
0	0.0157582417582418
-10	0.0131062271062271
-10	0.0117362637362637
-15	0.00906959706959707
-20	0.00769230769230769
-30	0.004996336996337
-35	0.00231501831501832
-40	0.000930402930402931
-45	-0.00171428571428571
-55	-0.00432967032967033
-60	-0.00569230769230769
-75	-0.00833699633699634
-85	-0.00972893772893773
-100	-0.0124175824175824
-130	-0.0151135531135531
-145	-0.0164908424908425
-175	-0.0191575091575092
-215	-0.0218095238095238
-240	-0.0232014652014652
-295	-0.0258901098901099
-330	-0.0272527472527473
-391	-0.0299267399267399
-441	-0.0325421245421245
-431	-0.0327472527472528
-230	-0.0315311355311355
-120	-0.0288644688644689
-90	-0.0275018315018315
-50	-0.0248644688644689
-35	-0.0235384615384615
-15	-0.0209084249084249
-5	-0.0182271062271062
0	-0.0168498168498168
5	-0.0141831501831502
10	-0.0114798534798535
15	-0.0101098901098901
20	-0.00740659340659341
25	-0.00602197802197802
25	-0.00334065934065934
35	-0.000703296703296703
30	7.32600732600733e-06
30	5.12820512820513e-05
30	1.83150183150183e-05
30	4.3956043956044e-05
30	-7.32600732600733e-06
35	0.000736263736263736
55	0.00608058608058608
80	0.0113699633699634
95	0.0143809523809524
140	0.0199304029304029
170	0.0228315018315018
255	0.0280549450549451
376	0.0336153846153846
431	0.0362564102564103
491	0.0416227106227106
521	0.0470879120879121
536	0.0499377289377289
561	0.0553369963369963
566	0.0581941391941392
586	0.0635934065934066
556	0.0668351648351648
466	0.0665934065934066
185	0.0613150183150183
110	0.0559047619047619
85	0.053043956043956
45	0.0476263736263736
30	0.0448021978021978
10	0.0393919413919414
-5	0.03403663003663
-15	0.0312307692307692
-25	0.0257472527472528
-35	0.0203699633699634
-40	0.0175018315018315
-45	0.0121245421245421
-45	0.00941758241758242
-55	0.00402197802197802
-65	-0.00156410256410256
-75	-0.00432234432234432
-95	-0.0096007326007326
-125	-0.0153076923076923
-145	-0.0179120879120879
-200	-0.0235677655677656
-230	-0.0262710622710623
-310	-0.0315347985347985
-376	-0.037021978021978
-401	-0.0397289377289377
-446	-0.0450952380952381
-486	-0.0503956043956044
-501	-0.0533186813186813
-526	-0.0588351648351648
-556	-0.064047619047619
-551	-0.0661611721611722
-406	-0.0652197802197802
-285	-0.0625641025641026
-175	-0.0572710622710623
-110	-0.0516959706959707
-90	-0.048959706959707
-55	-0.0436153846153846
-30	-0.0381758241758242
-15	-0.0353369963369963
0	-0.0298717948717949
10	-0.0271611721611722
20	-0.0217179487179487
25	-0.0163626373626374
25	-0.0135494505494506
35	-0.00813919413919414
40	-0.00281684981684982
40	-0.000282051282051282
45	0.000714285714285714
50	0.00333699633699634
60	0.00864835164835165
75	0.0141282051282051
85	0.017040293040293
105	0.0223150183150183
125	0.0275860805860806
140	0.0306153846153846
165	0.0359267399267399
180	0.0388644688644689
220	0.0441758241758242
260	0.0495860805860806
285	0.0523772893772894
346	0.0579194139194139
411	0.0633516483516484
441	0.0660439560439561
396	0.0665897435897436
175	0.0617472527472527
145	0.058992673992674
105	0.0534798534798535
85	0.0506776556776557
55	0.0450915750915751
35	0.0397838827838828
25	0.0369047619047619
10	0.0314029304029304
0	0.0258791208791209
-10	0.0232930402930403
-15	0.0179267399267399
-20	0.0151098901098901
-20	0.00955677655677656
-30	0.00416117216117216
-30	0.0014981684981685
-40	-0.00401831501831502
-50	-0.00947985347985348
-65	-0.0122307692307692
-85	-0.0176336996336996
-95	-0.0205347985347985
-120	-0.0258974358974359
-150	-0.0313296703296703
-170	-0.0341978021978022
-205	-0.0395897435897436
-250	-0.0450512820512821
-275	-0.0479194139194139
-330	-0.0532893772893773
-361	-0.056032967032967
-421	-0.0613003663003663
-446	-0.0660842490842491
-436	-0.0661978021978022
-240	-0.0626190476190476
-185	-0.0598534798534799
-125	-0.0543516483516484
-90	-0.048996336996337
-70	-0.0462747252747253
-45	-0.0407619047619048
-20	-0.0354725274725275
-10	-0.0325018315018315
5	-0.0272673992673993
10	-0.0245750915750916
15	-0.0191391941391941
20	-0.0133736263736264
25	-0.0107216117216117
25	-0.00526739926739927
30	-0.000186813186813187
25	2.1978021978022e-05
30	0.00171794871794872
30	0.00309157509157509
35	0.00583882783882784
40	0.00858241758241758
40	0.00983150183150183
50	0.0125201465201465
55	0.0151978021978022
60	0.0167435897435897
65	0.0191831501831502
70	0.0207838827838828
80	0.0233663003663004
90	0.0261684981684982
95	0.0274285714285714
105	0.0301172161172161
115	0.0328498168498169
115	0.0333589743589744
70	0.0324358974358974
55	0.0309157509157509
35	0.0282234432234432
25	0.0255934065934066
25	0.0241355311355311
20	0.0214432234432234
10	0.0189230769230769
10	0.0174358974358974
5	0.0148351648351648
0	0.0133956043956044
0	0.0105347985347985
-5	0.00810622710622711
-10	0.0064945054945055
-10	0.00387545787545788
-15	0.00119047619047619
-15	-0.000194139194139194
-15	-0.0029010989010989
-15	-0.00426739926739927
-25	-0.007
-25	-0.00963736263736264
-30	-0.0108754578754579
-35	-0.0137435897435897
-40	-0.0165018315018315
-45	-0.0178608058608059
-55	-0.0205787545787546
-60	-0.0219047619047619
-70	-0.0245421245421245
-80	-0.0271391941391941
-85	-0.0284615384615385
-100	-0.0313882783882784
-105	-0.0328974358974359
-100	-0.0329487179487179
-60	-0.0307069597069597
-45	-0.0292710622710623
-30	-0.0265897435897436
-20	-0.0238168498168498
-15	-0.0223919413919414
-10	-0.0198315018315018
-5	-0.0172344322344322
-5	-0.0158571428571429
0	-0.0130732600732601
5	-0.0114981684981685
5	-0.00901465201465201
10	-0.00631868131868132
10	-0.00495238095238095
15	-0.00224175824175824
15	0
15	0.00015018315018315
20	0.00448717948717949
30	0.0114688644688645
35	0.0150659340659341
55	0.0216483516483517
70	0.02503663003663
105	0.0319120879120879
140	0.0383479853479853
160	0.0418827838827839
210	0.0485750915750916
280	0.0551941391941392
320	0.0586043956043956
416	0.0652893772893773
456	0.0688021978021978
511	0.0756007326007326
541	0.0823589743589744
556	0.0859047619047619
586	0.0926410256410256
596	0.0964505494505494
541	0.100472527472527
336	0.0975054945054945
255	0.0941978021978022
165	0.0873663003663004
110	0.0805641025641026
95	0.0770952380952381
60	0.0702710622710623
50	0.0669230769230769
30	0.0601941391941392
15	0.0534615384615385
5	0.050010989010989
-5	0.0432454212454212
-10	0.0364798534798535
-10	0.0333553113553114
-15	0.0263040293040293
-20	0.0228351648351648
-25	0.0161941391941392
-30	0.00946886446886447
-35	0.00595604395604396
-40	-0.000725274725274725
-50	-0.00717582417582418
-55	-0.0107326007326007
-70	-0.0174798534798535
-80	-0.0208827838827839
-100	-0.0276923076923077
-125	-0.0343626373626374
-145	-0.0379120879120879
-180	-0.0444908424908425
-220	-0.0512197802197802
-245	-0.0546739926739927
-295	-0.060970695970696
-346	-0.0677399267399267
-325	-0.0711391941391941
-320	-0.0776190476190476
-336	-0.0813406593406594
-330	-0.0881428571428572
-351	-0.0948315018315018
-361	-0.0982417582417582
-341	-0.0993882783882784
-280	-0.096945054945055
-190	-0.0902564102564103
-135	-0.0835421245421245
-115	-0.080062271062271
-75	-0.0736446886446887
-50	-0.067007326007326
-40	-0.0636593406593407
-20	-0.056978021978022
-10	-0.0536007326007326
0	-0.046989010989011
5	-0.0400695970695971
5	-0.0366703296703297
15	-0.03003663003663
15	-0.0231611721611722
15	-0.0197985347985348
20	-0.0130879120879121
20	-0.00958974358974359
25	-0.00294871794871795
25	-3.2967032967033e-05
25	0.000868131868131868
25	0.00771794871794872
30	0.0144688644688645
35	0.017989010989011
40	0.0243882783882784
45	0.027992673992674
55	0.0346776556776557
70	0.0413699633699634
80	0.0450512820512821
100	0.0515787545787546
125	0.0582783882783883
140	0.0618058608058608
170	0.0684322344322344
200	0.0752637362637363
220	0.0784505494505495
265	0.0854505494505494
290	0.0889084249084249
336	0.0959267399267399
346	0.100637362637363
336	0.100644688644689
215	0.095018315018315
145	0.0880659340659341
125	0.0845714285714286
90	0.0779230769230769
75	0.0746703296703297
45	0.0678534798534798
25	0.0611794871794872
25	0.0577509157509158
15	0.0509120879120879
5	0.0442307692307692
5	0.0408461538461539
0	0.033967032967033
0	0.0304871794871795
-5	0.0237655677655678
-5	0.0171025641025641
-10	0.0135457875457875
-10	0.00680952380952381
-15	0.000194139194139194
-15	-0.00326007326007326
-20	-0.010021978021978
-20	-0.0134908424908425
-30	-0.0200695970695971
-35	-0.0269413919413919
-40	-0.0301941391941392
-50	-0.0368937728937729
-65	-0.0437289377289377
-75	-0.0470549450549451
-95	-0.0536483516483517
-105	-0.056989010989011
-130	-0.0637875457875458
-155	-0.0703992673992674
-175	-0.0736776556776557
-210	-0.0804798534798535
-245	-0.0873223443223443
-265	-0.0906520146520147
-295	-0.0973003663003663
-295	-0.0996043956043956
-255	-0.0980842490842491
-180	-0.0911282051282051
-150	-0.0877252747252747
-110	-0.0811135531135531
-75	-0.0745641025641026
-60	-0.0711978021978022
-40	-0.0646556776556777
-20	-0.058025641025641
-10	-0.0546556776556777
0	-0.0478644688644689
5	-0.0443736263736264
5	-0.0394688644688645
5	-0.0394468864468864
5	-0.0393772893772894
5	-0.0393699633699634
5	-0.0393992673992674
5	-0.0393772893772894
5	-0.0394102564102564
5	-0.0394212454212454
0	-0.0392380952380952
0	-0.0392271062271062
0	-0.0392820512820513
0	-0.0393369963369963
0	-0.0391941391941392
0	-0.0393553113553113
0	-0.0393992673992674
0	-0.0393992673992674
0	-0.0394468864468864
0	-0.0394358974358974
0	-0.0394139194139194
0	-0.0393589743589744
0	-0.0395201465201465
0	-0.0394249084249084
0	-0.0392161172161172
0	-0.0394322344322344
0	-0.0393040293040293
0	-0.0392380952380952
