0.000470103092783505	7
0.000882474226804124	13
0.00141443298969072	23
0.00188041237113402	36
0.00229278350515464	49
0.0027340206185567	65
0.00309278350515464	79
0.00352164948453608	91
0.00395876288659794	104
0.00423092783505155	112
0.00464329896907217	123
0.00502680412371134	135
0.00538144329896907	144
0.00578144329896907	153
0.00614020618556701	164
0.00649484536082474	173
0.00684948453608247	182
0.00720412371134021	192
0.0076	199
0.00795876288659794	209
0.00860618556701031	225
0.00898969072164948	232
0.00934432989690722	243
0.00970309278350515	252
0.0100659793814433	261
0.010420618556701	266
0.0107381443298969	276
0.0111340206185567	284
0.0114927835051546	291
0.0118556701030928	298
0.0121731958762887	305
0.0125731958762887	341
0.0142309278350515	347
0.0146185567010309	354
0.0149896907216495	364
0.0153154639175258	370
0.0156288659793814	374
0.0159876288659794	382
0.0163546391752577	388
0.0166639175257732	396
0.0170268041237113	401
0.0173443298969072	410
0.0177113402061856	417
0.0180659793814433	423
0.0183917525773196	430
0.0187463917525773	434
0.0191175257731959	442
0.0194144329896907	445
0.0197278350515464	451
0.0201072164948454	458
0.0204412371134021	460
0.0207876288659794	468
0.0211546391752577	474
0.0215092783505155	476
0.0217938144329897	482
0.0221113402061856	489
0.0224659793814433	494
0.0227546391752577	499
0.023059793814433	503
0.0233567010309278	509
0.0236865979381443	510
0.024	517
0.0243257731958763	521
0.0250474226804124	530
0.0252948453608247	536
0.0256494845360825	539
0.025979381443299	550
0.0262969072164948	556
0.0269855670103093	560
0.0273154639175258	568
0.0275835051546392	574
0.0279051546391753	579
0.028239175257732	584
0.0285443298969072	591
0.0288453608247423	596
0.0291587628865979	607
0.0297773195876289	612
0.0300618556701031	616
0.0303876288659794	624
0.0307134020618557	628
0.0309979381443299	635
0.0316659793814433	641
0.0320123711340206	650
0.0329443298969072	657
0.0332288659793814	663
0.0335134020618557	667
0.0338350515463917	668
0.0347092783505155	672
0.035039175257732	680
0.0353567010309278	688
0.0359835051546392	694
0.0362639175257732	701
0.0365938144329897	704
0.036898969072165	710
0.0371628865979381	716
0.0374886597938144	717
0.0378226804123711	723
0.0381113402061856	727
0.0384371134020619	736
0.0387298969072165	739
0.039059793814433	742
0.0393443298969072	749
0.0396701030927835	751
0.0399958762886598	755
0.0404371134020619	764
0.0407505154639175	773
0.0407463917525773	776
0.0407463917525773	780
0.0407422680412371	783
0.0407010309278351	790
0.0407051546391753	797
0.0406515463917526	798
0.0406639175257732	803
0.040659793814433	811
0.0406144329896907	818
0.0405855670103093	821
0.0405690721649485	826
0.0405731958762887	831
0.0405278350515464	835
0.0405237113402062	842
0.0405237113402062	844
0.0404824742268041	850
0.0405731958762887	854
0.0405690721649485	855
0.0403175257731959	857
0.040280412371134	862
