## NFILE T1 T2 CB1 CB2 P1 P2 RWALL1 RWALL2 XMAX1 XMAX2 GMAX1 GMAX2 YMAX1 YMAX2 CEMAX1 CEMAX2
 1    0.10596E+01    0.45658E+00    0.50000E-01    0.77545E-01    0.15351E+01    0.10312E+01    0.84232E+01    0.56579E+01    0.20003E+03    0.13687E+03    0.72739E+00    0.54746E+00    0.23300E+03    0.26941E+03    0.11055E+03    0.20024E+02
 2    0.75304E+00    0.32641E+00    0.10000E+00    0.15020E+00    0.30702E+01    0.19973E+01    0.16846E+02    0.10959E+02    0.20003E+03    0.35655E+02    0.72740E+00    0.14262E+00    0.18077E+03    0.64143E+02    0.27882E+03    0.68780E+02
 3    0.61699E+00    0.26845E+00    0.15000E+00    0.22053E+00    0.46054E+01    0.29324E+01    0.25269E+02    0.16090E+02    0.31069E+02    0.85835E+01    0.11298E+00    0.34334E-01    0.10321E+03    0.45926E+02    0.42902E+03    0.11121E+03
 4    0.53576E+00    0.23376E+00    0.20000E+00    0.28929E+00    0.61405E+01    0.38468E+01    0.33693E+02    0.21107E+02    0.21741E+02    0.87217E+01    0.79057E-01    0.34887E-01    0.10350E+03    0.49202E+02    0.55046E+03    0.15829E+03
 5    0.43915E+00    0.19234E+00    0.30000E+00    0.42400E+00    0.92107E+01    0.56380E+01    0.50539E+02    0.30936E+02    0.32233E+02    0.87170E+01    0.11721E+00    0.34868E-01    0.96373E+02    0.53595E+02    0.66659E+03    0.16619E+03
 6    0.38152E+00    0.16758E+00    0.40000E+00    0.55503E+00    0.12281E+02    0.73805E+01    0.67385E+02    0.40496E+02    0.23404E+02    0.13086E+02    0.85104E-01    0.52345E-01    0.10573E+03    0.64020E+02    0.86853E+03    0.22285E+03
 7    0.34211E+00    0.15060E+00    0.50000E+00    0.68371E+00    0.15351E+02    0.90915E+01    0.84232E+02    0.49885E+02    0.22626E+02    0.76564E+01    0.82276E-01    0.30625E-01    0.99201E+02    0.50302E+02    0.10334E+04    0.19718E+03
 8    0.31297E+00    0.13802E+00    0.60000E+00    0.81055E+00    0.18421E+02    0.10778E+02    0.10108E+03    0.59140E+02    0.23659E+02    0.85982E+01    0.86033E-01    0.34393E-01    0.11490E+03    0.40296E+02    0.11255E+04    0.27239E+03
 9    0.29029E+00    0.12821E+00    0.70000E+00    0.93590E+00    0.21492E+02    0.12445E+02    0.11792E+03    0.68285E+02    0.28186E+02    0.12465E+02    0.10249E+00    0.49862E-01    0.96391E+02    0.42155E+02    0.95115E+03    0.27794E+03
10    0.27199E+00    0.12028E+00    0.80000E+00    0.10600E+01    0.24562E+02    0.14095E+02    0.13477E+03    0.77340E+02    0.12936E+02    0.19110E+02    0.47040E-01    0.76441E-01    0.67156E+02    0.80532E+02    0.88121E+03    0.35324E+03
11    0.25680E+00    0.11368E+00    0.90000E+00    0.11830E+01    0.27632E+02    0.15731E+02    0.15162E+03    0.86317E+02    0.21734E+02    0.97929E+01    0.79033E-01    0.39172E-01    0.80887E+02    0.36755E+02    0.91924E+03    0.26791E+03
12    0.24394E+00    0.10809E+00    0.10000E+01    0.13051E+01    0.30702E+02    0.17355E+02    0.16846E+03    0.95226E+02    0.18623E+02    0.55372E+01    0.67719E-01    0.22149E-01    0.82880E+02    0.40343E+02    0.90237E+03    0.22561E+03
