## NFILE T1 T2 CB1 CB2 P1 P2 RWALL1 RWALL2 XMAX1 XMAX2 GMAX1 GMAX2 YMAX1 YMAX2 CEMAX1 CEMAX2
 1    0.10596E+01    0.45658E+00    0.50000E-01    0.77545E-01    0.17682E+01    0.11877E+01    0.97022E+01    0.65171E+01    0.20003E+03    0.13687E+03    0.72739E+00    0.54746E+00    0.23300E+03    0.26941E+03    0.12734E+03    0.23064E+02
 2    0.75304E+00    0.32641E+00    0.10000E+00    0.15020E+00    0.35365E+01    0.23005E+01    0.19404E+02    0.12623E+02    0.20004E+03    0.35656E+02    0.72740E+00    0.14262E+00    0.18077E+03    0.64144E+02    0.32116E+03    0.79224E+02
 3    0.61699E+00    0.26845E+00    0.15000E+00    0.22053E+00    0.53047E+01    0.33777E+01    0.29107E+02    0.18534E+02    0.31069E+02    0.85834E+01    0.11298E+00    0.34334E-01    0.10320E+03    0.45926E+02    0.49416E+03    0.12811E+03
 4    0.53576E+00    0.23376E+00    0.20000E+00    0.28929E+00    0.70729E+01    0.44309E+01    0.38809E+02    0.24312E+02    0.21741E+02    0.87217E+01    0.79057E-01    0.34887E-01    0.10350E+03    0.49202E+02    0.63406E+03    0.18233E+03
 5    0.43915E+00    0.19234E+00    0.30000E+00    0.42400E+00    0.10609E+02    0.64942E+01    0.58213E+02    0.35633E+02    0.32233E+02    0.87170E+01    0.11721E+00    0.34868E-01    0.96373E+02    0.53595E+02    0.76781E+03    0.19142E+03
 6    0.38152E+00    0.16758E+00    0.40000E+00    0.55503E+00    0.14146E+02    0.85012E+01    0.77618E+02    0.46646E+02    0.23404E+02    0.13086E+02    0.85105E-01    0.52345E-01    0.10573E+03    0.64020E+02    0.10004E+04    0.25668E+03
 7    0.34211E+00    0.15060E+00    0.50000E+00    0.68371E+00    0.17682E+02    0.10472E+02    0.97022E+02    0.57460E+02    0.22626E+02    0.76564E+01    0.82276E-01    0.30625E-01    0.99201E+02    0.50302E+02    0.11904E+04    0.22712E+03
 8    0.31297E+00    0.13802E+00    0.60000E+00    0.81055E+00    0.21219E+02    0.12415E+02    0.11643E+03    0.68120E+02    0.23659E+02    0.85982E+01    0.86033E-01    0.34393E-01    0.11490E+03    0.40296E+02    0.12965E+04    0.31376E+03
 9    0.29029E+00    0.12821E+00    0.70000E+00    0.93590E+00    0.24755E+02    0.14335E+02    0.13583E+03    0.78655E+02    0.28186E+02    0.12465E+02    0.10249E+00    0.49862E-01    0.96391E+02    0.42155E+02    0.10956E+04    0.32015E+03
10    0.27199E+00    0.12028E+00    0.80000E+00    0.10600E+01    0.28292E+02    0.16236E+02    0.15524E+03    0.89084E+02    0.12936E+02    0.19110E+02    0.47040E-01    0.76441E-01    0.67156E+02    0.80532E+02    0.10150E+04    0.40688E+03
11    0.25680E+00    0.11368E+00    0.90000E+00    0.11830E+01    0.31828E+02    0.18120E+02    0.17464E+03    0.99424E+02    0.21734E+02    0.97929E+01    0.79033E-01    0.39172E-01    0.80887E+02    0.36755E+02    0.10588E+04    0.30859E+03
12    0.24394E+00    0.10809E+00    0.10000E+01    0.13051E+01    0.35365E+02    0.19990E+02    0.19404E+03    0.10969E+03    0.18623E+02    0.55372E+01    0.67719E-01    0.22149E-01    0.82880E+02    0.40343E+02    0.10394E+04    0.25987E+03
