#Data to draw Envelope
#P gamma2 gamma1 u2 u1 load/m2 load/m1
0.0 0.0 0.0 0.0 0.0 0.0 0.0
 2.61 4.444e-04 1.455e-03  0.10  0.40 1.112e+00 1.112e+00
 3.63 2.889e-03 2.364e-03  0.65  0.65 1.547e+00 1.547e+00
 4.43 4.778e-03 3.455e-03  1.07  0.95 1.888e+00 1.888e+00
 5.01 6.222e-03 4.545e-03  1.40  1.25 2.135e+00 2.135e+00
 5.63 8.444e-03 5.636e-03  1.90  1.55 2.399e+00 2.399e+00
 6.01 1.011e-02 6.636e-03  2.28  1.83 2.561e+00 2.561e+00
 6.44 1.278e-02 8.182e-03  2.88  2.25 2.745e+00 2.745e+00
 6.92 1.856e-02 1.045e-02  4.17  2.88 2.949e+00 2.949e+00
 7.43 2.467e-02 1.300e-02  5.55  3.58 3.166e+00 3.166e+00
 7.75 3.478e-02 1.691e-02  7.82  4.65 3.303e+00 3.303e+00
 8.12 6.067e-02 2.491e-02 13.65  6.85 3.460e+00 3.460e+00
