#荷重〜変位 ファイル名:shichijo.txt
#step load d1a d2a d3a d1b d2b d3b Cb
 56  0.00 0.000e+00 0.000e+00 -0.00 -0.00 -0.05 -0.00  0.05  0.05 0.000e+00
 57  0.00 0.000e+00 0.000e+00 -0.00 -0.00 -0.05  0.05 -0.00  0.05 0.000e+00
 58  0.11 4.688e-02 4.688e-02 -0.00 -0.05 -0.00 -0.15 -0.00  0.05 6.138e-03
 59  0.27 1.151e-01 1.151e-01  0.05 -0.00 -0.00 -0.05  0.05  0.05 1.507e-02
 60  0.26 1.108e-01 1.108e-01  0.05 -0.00 -0.00 -0.05  0.05  0.05 1.451e-02
 61  0.16 6.819e-02 6.819e-02  0.05 -0.00 -0.00 -0.00  0.05 -0.00 8.929e-03
 62  0.31 1.321e-01 1.321e-01  0.05 -0.00 -0.00 -0.00  0.05 -0.00 1.730e-02
 63  0.58 2.472e-01 2.472e-01  0.10  0.05 -0.00  0.05  0.05 -0.00 3.237e-02
 64  0.92 3.921e-01 3.921e-01  0.25  0.10 -0.00  0.15  0.05  0.05 5.134e-02
 65  1.00 4.262e-01 4.262e-01  0.30  0.15 -0.00 -0.00  0.15  0.05 5.580e-02
 66  0.94 4.006e-01 4.006e-01  0.30  0.15 -0.00  0.15  0.15  0.05 5.246e-02
 67  0.88 3.750e-01 3.750e-01  0.30  0.15 -0.00  0.15  0.10  0.05 4.911e-02
 68  1.19 5.071e-01 5.071e-01  0.35  0.15 -0.00  0.25  0.15  0.05 6.641e-02
 69  1.43 6.094e-01 6.094e-01  0.40  0.20 -0.00  0.35  0.10  0.05 7.980e-02
 70  1.62 6.904e-01 6.904e-01  0.55  0.30 -0.00  0.40  0.20  0.05 9.040e-02
 71  0.15 6.392e-02 6.392e-02  0.20  0.10 -0.00 -0.10  0.05  0.05 8.371e-03
 72  0.50 2.131e-01 2.131e-01  0.25  0.10  0.05 -0.10  0.15 -0.00 2.790e-02
 73  1.06 4.517e-01 4.517e-01  0.40  0.20  0.05 -0.25  0.05 -0.00 5.915e-02
 74  1.24 5.284e-01 5.284e-01  0.35  0.20  0.05 -0.40  0.15  0.05 6.920e-02
 75  1.13 4.816e-01 4.816e-01  0.45  0.20  0.05 -0.50  0.10  0.05 6.306e-02
 76  1.24 5.284e-01 5.284e-01  0.45  0.25  0.05 -0.50  0.10 -0.00 6.920e-02
 77  1.19 5.071e-01 5.071e-01  0.45  0.25  0.05 -0.45  0.15  0.05 6.641e-02
 78  1.38 5.881e-01 5.881e-01  0.50  0.25  0.05 -0.50  0.15  0.05 7.701e-02
 79  1.62 6.904e-01 6.904e-01  0.50  0.25  0.05 -0.45  0.15  0.05 9.040e-02
 80  1.67 7.117e-01 7.117e-01  0.60  0.30  0.05 -0.25  0.15 -0.00 9.319e-02
 81  1.81 7.714e-01 7.714e-01  0.65  0.35  0.05 -0.30  0.15 -0.00 1.010e-01
 82  2.03 8.651e-01 8.651e-01  0.75  0.35  0.05 -0.20  0.20 -0.00 1.133e-01
 83  1.80 7.671e-01 7.671e-01  0.75  0.40  0.05 -0.15  0.15  0.05 1.004e-01
 84  2.02 8.609e-01 8.609e-01  0.75  0.40  0.05 -0.15  0.20  0.05 1.127e-01
 85  2.21 9.418e-01 9.418e-01  0.85  0.40  0.05  0.15  0.20  0.05 1.233e-01
 86  2.40 1.023e+00 1.023e+00  1.00  0.50  0.05 -0.05  0.25  0.05 1.339e-01
 87  2.61 1.112e+00 1.112e+00  1.05  0.55 -0.00 -0.00  0.30  0.05 1.456e-01
 88  2.81 1.198e+00 1.198e+00  1.25  0.60  0.05  0.15  0.35  0.05 1.568e-01
 89  3.02 1.287e+00 1.287e+00  1.40  0.70 -0.00  0.30  0.35  0.05 1.685e-01
 90  2.48 1.057e+00 1.057e+00  1.45  0.70  0.05  0.45  0.40  0.05 1.384e-01
 91  1.98 8.438e-01 8.438e-01  1.40  0.70  0.05  0.50  0.40  0.05 1.105e-01
 92  1.06 4.517e-01 4.517e-01  1.20  0.55  0.05  0.30  0.30  0.10 5.915e-02
 93  0.46 1.960e-01 1.960e-01  0.90  0.40  0.05  0.20  0.25  0.05 2.567e-02
 94  0.05 2.131e-02 2.131e-02  0.60  0.30  0.05  0.10  0.20  0.05 2.790e-03
 95  0.49 2.088e-01 2.088e-01  0.55  0.25  0.05 -0.30  0.15  0.05 2.734e-02
 96  1.06 4.517e-01 4.517e-01  0.80  0.35  0.05 -0.10  0.20 -0.00 5.915e-02
 97  1.52 6.478e-01 6.478e-01  0.95  0.40  0.05  0.05  0.25 -0.00 8.482e-02
 98  1.77 7.543e-01 7.543e-01  1.00  0.50  0.05  0.20  0.25  0.05 9.877e-02
 99  2.04 8.694e-01 8.694e-01  1.15  0.55  0.05  0.25  0.30  0.05 1.138e-01
100  2.25 9.589e-01 9.589e-01  1.25  0.60  0.05  0.30  0.35  0.05 1.256e-01
101  2.51 1.070e+00 1.070e+00  1.30  0.60  0.05  0.40  0.35  0.05 1.401e-01
102  2.79 1.189e+00 1.189e+00  1.40  0.70  0.05  0.40  0.40  0.05 1.557e-01
103  3.00 1.278e+00 1.278e+00  1.50  0.70  0.05  0.50  0.40  0.05 1.674e-01
104  3.22 1.372e+00 1.372e+00  1.65  0.80  0.05  0.60  0.45  0.05 1.797e-01
105  3.41 1.453e+00 1.453e+00  1.75  0.85  0.05  0.70  0.50  0.05 1.903e-01
106  3.63 1.547e+00 1.547e+00  1.90  0.90  0.05  0.80  0.50  0.05 2.026e-01
107  3.41 1.453e+00 1.453e+00  2.05  1.00  0.05  1.00  0.60  0.05 1.903e-01
108  3.65 1.556e+00 1.556e+00  2.10  1.00  0.05  1.05  0.60  0.05 2.037e-01
109  3.83 1.632e+00 1.632e+00  2.20  1.05  0.05  1.10  0.60  0.05 2.137e-01
110  4.04 1.722e+00 1.722e+00  2.35  1.10  0.05  1.20  0.70  0.05 2.254e-01
111  4.23 1.803e+00 1.803e+00  2.50  1.20  0.05  1.30  0.70  0.10 2.360e-01
112  4.43 1.888e+00 1.888e+00  2.70  1.30  0.05  1.50  0.75  0.10 2.472e-01
113  4.58 1.952e+00 1.952e+00  2.90  1.40  0.05  1.65  0.85  0.10 2.556e-01
114  4.81 2.050e+00 2.050e+00  3.15  1.50  0.05  1.85  0.90  0.10 2.684e-01
115  5.01 2.135e+00 2.135e+00  3.40  1.70  0.05  2.05  0.95  0.10 2.796e-01
116  4.71 2.007e+00 2.007e+00  3.70  1.80  0.10  2.30  1.05  0.15 2.628e-01
117  5.02 2.139e+00 2.139e+00  3.70  1.85  0.10  2.35  1.05  0.15 2.801e-01
118  5.23 2.229e+00 2.229e+00  3.85  1.95  0.10  2.40  1.05  0.10 2.919e-01
119  5.44 2.318e+00 2.318e+00  4.05  2.05  0.05  2.55  1.15  0.10 3.036e-01
120  5.63 2.399e+00 2.399e+00  4.35  2.15  0.10  2.80  1.20  0.15 3.142e-01
121  5.82 2.480e+00 2.480e+00  4.65  2.35  0.10  3.05  1.30  0.15 3.248e-01
122  6.01 2.561e+00 2.561e+00  5.05  2.50  0.10  3.40  1.40  0.15 3.354e-01
123  5.62 2.395e+00 2.395e+00  5.50  2.70  0.15  3.70  1.55  0.25 3.136e-01
124  5.86 2.497e+00 2.497e+00  5.50  2.75  0.15  3.75  1.55  0.25 3.270e-01
125  6.02 2.566e+00 2.566e+00  5.60  2.80  0.10  3.80  1.55  0.20 3.359e-01
126  6.22 2.651e+00 2.651e+00  5.80  2.90  0.15  3.95  1.65  0.20 3.471e-01
127  6.20 2.642e+00 2.642e+00  6.00  2.95  0.15  4.15  1.65  0.20 3.460e-01
128  6.24 2.659e+00 2.659e+00  6.05  2.95  0.10  4.25  1.70  0.20 3.482e-01
129  6.44 2.745e+00 2.745e+00  6.30  3.10  0.15  4.30  1.75  0.20 3.594e-01
130  6.53 2.783e+00 2.783e+00  6.90  3.35  0.15  4.85  1.85  0.20 3.644e-01
131  6.25 2.664e+00 2.664e+00  7.40  3.55  0.20  5.35  2.00  0.25 3.488e-01
132  6.53 2.783e+00 2.783e+00  7.50  3.60  0.15  5.45  2.00  0.20 3.644e-01
133  6.71 2.860e+00 2.860e+00  7.70  3.65  0.15  5.65  2.00  0.25 3.744e-01
134  6.92 2.949e+00 2.949e+00  8.25  3.90  0.10  6.20  2.20  0.25 3.862e-01
135  6.99 2.979e+00 2.979e+00  8.75  4.10  0.15  6.65  2.25  0.25 3.901e-01
136  6.86 2.924e+00 2.924e+00  9.10  4.25  0.20  6.95  2.30  0.25 3.828e-01
137  7.02 2.992e+00 2.992e+00  9.30  4.40  0.20  7.10  2.35  0.20 3.917e-01
138  7.19 3.064e+00 3.064e+00  9.65  4.60  0.15  7.40  2.45  0.25 4.012e-01
139  7.43 3.166e+00 3.166e+00 10.50  5.00  0.20  8.20  2.60  0.25 4.146e-01
140  7.52 3.205e+00 3.205e+00 11.50  5.35  0.20  9.15  2.80  0.30 4.196e-01
141  7.10 3.026e+00 3.026e+00 12.80  5.95  0.25 10.20  3.10  0.35 3.962e-01
142  7.37 3.141e+00 3.141e+00 12.85  6.00  0.25 10.35  3.10  0.35 4.113e-01
143  7.50 3.196e+00 3.196e+00 13.10  6.10  0.25 10.55  3.15  0.30 4.185e-01
144  7.55 3.218e+00 3.218e+00 13.70  6.35  0.25 10.90  3.30  0.35 4.213e-01
145  7.75 3.303e+00 3.303e+00 14.15  6.60  0.30 11.45  3.35  0.35 4.325e-01
146  7.74 3.299e+00 3.299e+00 15.50  7.05  0.30 12.85  3.50  0.30 4.319e-01
147  7.42 3.162e+00 3.162e+00 16.95  7.65  0.30 14.05  3.70  0.35 4.141e-01
148  7.06 3.009e+00 3.009e+00 16.95  7.65  0.30 14.20  3.70  0.35 3.940e-01
149  6.46 2.753e+00 2.753e+00 16.90  7.60  0.30 14.15  3.65  0.35 3.605e-01
150  6.03 2.570e+00 2.570e+00 16.85  7.60  0.30 14.05  3.65  0.35 3.365e-01
151  4.96 2.114e+00 2.114e+00 16.70  7.45  0.30 13.90  3.55  0.40 2.768e-01
152  3.97 1.692e+00 1.692e+00 16.40  7.30  0.35 13.60  3.45  0.35 2.215e-01
153  3.05 1.300e+00 1.300e+00 16.00  7.10  0.35 13.35  3.30  0.35 1.702e-01
154  1.95 8.310e-01 8.310e-01 15.10  6.65  0.30 12.50  3.10  0.35 1.088e-01
155  1.03 4.390e-01 4.390e-01 13.50  5.90  0.30 11.15  2.75  0.30 5.748e-02
156  1.15 4.901e-01 4.901e-01 13.20  5.75  0.25 10.95  2.65  0.30 6.417e-02
157  1.63 6.947e-01 6.947e-01 13.30  5.75  0.25 11.00  2.65  0.25 9.096e-02
158  2.02 8.609e-01 8.609e-01 13.50  5.85  0.25 11.20  2.70  0.25 1.127e-01
159  2.48 1.057e+00 1.057e+00 13.85  6.00  0.25 11.50  2.70  0.25 1.384e-01
160  3.03 1.291e+00 1.291e+00 14.25  6.20  0.25 11.80  2.85  0.25 1.691e-01
161  3.52 1.500e+00 1.500e+00 14.70  6.35  0.30 12.20  2.90  0.25 1.964e-01
162  4.04 1.722e+00 1.722e+00 15.10  6.60  0.30 12.50  3.00  0.30 2.254e-01
163  4.53 1.931e+00 1.931e+00 15.45  6.80  0.30 12.85  3.15  0.30 2.528e-01
164  5.04 2.148e+00 2.148e+00 15.80  6.95  0.30 13.10  3.20  0.30 2.812e-01
165  5.53 2.357e+00 2.357e+00 16.15  7.10  0.35 13.45  3.35  0.30 3.086e-01
166  6.03 2.570e+00 2.570e+00 16.55  7.35  0.30 13.75  3.45  0.30 3.365e-01
167  6.36 2.710e+00 2.710e+00 16.75  7.45  0.30 13.95  3.50  0.30 3.549e-01
168  6.51 2.774e+00 2.774e+00 16.90  7.50  0.30 14.05  3.50  0.30 3.633e-01
169  7.02 2.992e+00 2.992e+00 17.40  7.75  0.35 14.55  3.60  0.35 3.917e-01
170  7.28 3.102e+00 3.102e+00 17.85  8.00  0.30 15.05  3.75  0.35 4.062e-01
171  7.39 3.149e+00 3.149e+00 18.25  8.15  0.35 15.35  3.80  0.35 4.124e-01
172  7.63 3.252e+00 3.252e+00 18.70  8.35  0.35 15.80  3.95  0.35 4.258e-01
173  7.81 3.328e+00 3.328e+00 19.50  8.70  0.35 16.55  4.15  0.40 4.358e-01
174  7.99 3.405e+00 3.405e+00 20.70  9.25  0.40 17.60  4.35  0.35 4.459e-01
175  8.12 3.460e+00 3.460e+00 22.45  9.90  0.40 19.35  4.60  0.40 4.531e-01
176  7.74 3.299e+00 3.299e+00 24.55 10.75  0.45 21.20  4.95  0.40 4.319e-01
177  7.65 3.260e+00 3.260e+00 24.95 10.90  0.45 21.55  5.05  0.45 4.269e-01
178  7.56 3.222e+00 3.222e+00 25.40 11.10  0.45 22.00  5.05  0.40 4.219e-01
179  8.04 3.426e+00 3.426e+00 26.70 11.65  0.50 23.25  5.30  0.40 4.487e-01
180  7.76 3.307e+00 3.307e+00 28.20 12.15  0.45 24.80  5.45  0.45 4.330e-01
181  7.44 3.171e+00 3.171e+00 29.40 12.55  0.50 26.45  5.55  0.40 4.152e-01
182  7.21 3.073e+00 3.073e+00 30.50 13.00  0.50 27.60  5.65  0.45 4.023e-01
183  6.99 2.979e+00 2.979e+00 30.75 13.00  0.50 27.85  5.70  0.40 3.901e-01
184  6.45 2.749e+00 2.749e+00 30.80 13.05  0.50 27.95  5.70  0.45 3.599e-01
185  5.96 2.540e+00 2.540e+00 30.70 13.05  0.50 27.90  5.65  0.45 3.326e-01
186  5.47 2.331e+00 2.331e+00 30.65 13.00  0.50 27.85  5.65  0.50 3.052e-01
187  4.97 2.118e+00 2.118e+00 30.55 12.90  0.50 27.75  5.55  0.50 2.773e-01
188  4.46 1.901e+00 1.901e+00 30.40 12.85  0.50 27.65  5.55  0.50 2.489e-01
189  3.99 1.700e+00 1.700e+00 30.25 12.80  0.50 27.55  5.50  0.50 2.227e-01
190  3.50 1.492e+00 1.492e+00 30.00 12.70  0.50 27.35  5.40  0.50 1.953e-01
191  3.00 1.278e+00 1.278e+00 29.65 12.50  0.55 27.10  5.30  0.45 1.674e-01
192  2.48 1.057e+00 1.057e+00 29.20 12.35  0.55 26.70  5.20  0.45 1.384e-01
193  1.99 8.481e-01 8.481e-01 28.60 12.15  0.50 26.20  5.10  0.45 1.110e-01
194  1.51 6.435e-01 6.435e-01 27.70 11.85  0.50 25.45  4.95  0.45 8.426e-02
195  1.00 4.262e-01 4.262e-01 26.45 11.45  0.50 24.30  4.70  0.40 5.580e-02
196  0.51 2.173e-01 2.173e-01 24.40 10.80  0.45 22.50  4.35  0.40 2.846e-02
197  0.58 2.472e-01 2.472e-01 24.15 10.65  0.45 22.20  4.30  0.35 3.237e-02
197  0.58 2.472e-01 2.472e-01 24.15 10.65  0.45 22.20  4.30  0.35 3.237e-02
