#≤ŸΩ≈°¡¡ÿ¥÷ —∑¡≥—
#step load load/m2 load/m1 gamma2a gamma1a gamma2b gamma1b gamma2 gamma1 Cb
 56  0.00 0.000e+00 0.000e+00 0.000e+00 1.818e-04 -2.222e-04 0.000e+00 -1.111e-04 9.091e-05 0.000e+00
 57  0.00 0.000e+00 0.000e+00 0.000e+00 1.818e-04 2.222e-04 -1.818e-04 1.111e-04 -0.000e+00 0.000e+00
 58  0.11 4.688e-02 4.688e-02 2.222e-04 -1.818e-04 -6.667e-04 -1.818e-04 -2.222e-04 -1.818e-04 6.138e-03
 59  0.27 1.151e-01 1.151e-01 2.222e-04 0.000e+00 -4.444e-04 0.000e+00 -1.111e-04 0.000e+00 1.507e-02
 60  0.26 1.108e-01 1.108e-01 2.222e-04 0.000e+00 -4.444e-04 0.000e+00 -1.111e-04 0.000e+00 1.451e-02
 61  0.16 6.819e-02 6.819e-02 2.222e-04 0.000e+00 -2.222e-04 1.818e-04 0.000e+00 9.091e-05 8.929e-03
 62  0.31 1.321e-01 1.321e-01 2.222e-04 0.000e+00 -2.222e-04 1.818e-04 0.000e+00 9.091e-05 1.730e-02
 63  0.58 2.472e-01 2.472e-01 2.222e-04 1.818e-04 0.000e+00 1.818e-04 1.111e-04 1.818e-04 3.237e-02
 64  0.92 3.921e-01 3.921e-01 6.667e-04 3.636e-04 4.444e-04 0.000e+00 5.556e-04 1.818e-04 5.134e-02
 65  1.00 4.262e-01 4.262e-01 6.667e-04 5.455e-04 -6.667e-04 3.636e-04 0.000e+00 4.545e-04 5.580e-02
 66  0.94 4.006e-01 4.006e-01 6.667e-04 5.455e-04 0.000e+00 3.636e-04 3.333e-04 4.545e-04 5.246e-02
 67  0.88 3.750e-01 3.750e-01 6.667e-04 5.455e-04 2.222e-04 1.818e-04 4.444e-04 3.636e-04 4.911e-02
 68  1.19 5.071e-01 5.071e-01 8.889e-04 5.455e-04 4.444e-04 3.636e-04 6.667e-04 4.545e-04 6.641e-02
 69  1.43 6.094e-01 6.094e-01 8.889e-04 7.273e-04 1.111e-03 1.818e-04 1.000e-03 4.545e-04 7.980e-02
 70  1.62 6.904e-01 6.904e-01 1.111e-03 1.091e-03 8.889e-04 5.455e-04 1.000e-03 8.182e-04 9.040e-02
 71  0.15 6.392e-02 6.392e-02 4.444e-04 3.636e-04 -6.667e-04 0.000e+00 -1.111e-04 1.818e-04 8.371e-03
 72  0.50 2.131e-01 2.131e-01 6.667e-04 1.818e-04 -1.111e-03 5.455e-04 -2.222e-04 3.636e-04 2.790e-02
 73  1.06 4.517e-01 4.517e-01 8.889e-04 5.455e-04 -1.333e-03 1.818e-04 -2.222e-04 3.636e-04 5.915e-02
 74  1.24 5.284e-01 5.284e-01 6.667e-04 5.455e-04 -2.444e-03 3.636e-04 -8.889e-04 4.545e-04 6.920e-02
 75  1.13 4.816e-01 4.816e-01 1.111e-03 5.455e-04 -2.667e-03 1.818e-04 -7.778e-04 3.636e-04 6.306e-02
 76  1.24 5.284e-01 5.284e-01 8.889e-04 7.273e-04 -2.667e-03 3.636e-04 -8.889e-04 5.455e-04 6.920e-02
 77  1.19 5.071e-01 5.071e-01 8.889e-04 7.273e-04 -2.667e-03 3.636e-04 -8.889e-04 5.455e-04 6.641e-02
 78  1.38 5.881e-01 5.881e-01 1.111e-03 7.273e-04 -2.889e-03 3.636e-04 -8.889e-04 5.455e-04 7.701e-02
 79  1.62 6.904e-01 6.904e-01 1.111e-03 7.273e-04 -2.667e-03 3.636e-04 -7.778e-04 5.455e-04 9.040e-02
 80  1.67 7.117e-01 7.117e-01 1.333e-03 9.091e-04 -1.778e-03 5.455e-04 -2.222e-04 7.273e-04 9.319e-02
 81  1.81 7.714e-01 7.714e-01 1.333e-03 1.091e-03 -2.000e-03 5.455e-04 -3.333e-04 8.182e-04 1.010e-01
 82  2.03 8.651e-01 8.651e-01 1.778e-03 1.091e-03 -1.778e-03 7.273e-04 0.000e+00 9.091e-04 1.133e-01
 83  1.80 7.671e-01 7.671e-01 1.556e-03 1.273e-03 -1.333e-03 3.636e-04 1.111e-04 8.182e-04 1.004e-01
 84  2.02 8.609e-01 8.609e-01 1.556e-03 1.273e-03 -1.556e-03 5.455e-04 0.000e+00 9.091e-04 1.127e-01
 85  2.21 9.418e-01 9.418e-01 2.000e-03 1.273e-03 -2.222e-04 5.455e-04 8.889e-04 9.091e-04 1.233e-01
 86  2.40 1.023e+00 1.023e+00 2.222e-03 1.636e-03 -1.333e-03 7.273e-04 4.444e-04 1.182e-03 1.339e-01
 87  2.61 1.112e+00 1.112e+00 2.222e-03 2.000e-03 -1.333e-03 9.091e-04 4.444e-04 1.455e-03 1.456e-01
 88  2.81 1.198e+00 1.198e+00 2.889e-03 2.000e-03 -8.889e-04 1.091e-03 1.000e-03 1.545e-03 1.568e-01
 89  3.02 1.287e+00 1.287e+00 3.111e-03 2.545e-03 -2.222e-04 1.091e-03 1.444e-03 1.818e-03 1.685e-01
 90  2.48 1.057e+00 1.057e+00 3.333e-03 2.364e-03 2.222e-04 1.273e-03 1.778e-03 1.818e-03 1.384e-01
 91  1.98 8.438e-01 8.438e-01 3.111e-03 2.364e-03 4.444e-04 1.273e-03 1.778e-03 1.818e-03 1.105e-01
 92  1.06 4.517e-01 4.517e-01 2.889e-03 1.818e-03 0.000e+00 7.273e-04 1.444e-03 1.273e-03 5.915e-02
 93  0.46 1.960e-01 1.960e-01 2.222e-03 1.273e-03 -2.222e-04 7.273e-04 1.000e-03 1.000e-03 2.567e-02
 94  0.05 2.131e-02 2.131e-02 1.333e-03 9.091e-04 -4.444e-04 5.455e-04 4.444e-04 7.273e-04 2.790e-03
 95  0.49 2.088e-01 2.088e-01 1.333e-03 7.273e-04 -2.000e-03 3.636e-04 -3.333e-04 5.455e-04 2.734e-02
 96  1.06 4.517e-01 4.517e-01 2.000e-03 1.091e-03 -1.333e-03 7.273e-04 3.333e-04 9.091e-04 5.915e-02
 97  1.52 6.478e-01 6.478e-01 2.444e-03 1.273e-03 -8.889e-04 9.091e-04 7.778e-04 1.091e-03 8.482e-02
 98  1.77 7.543e-01 7.543e-01 2.222e-03 1.636e-03 -2.222e-04 7.273e-04 1.000e-03 1.182e-03 9.877e-02
 99  2.04 8.694e-01 8.694e-01 2.667e-03 1.818e-03 -2.222e-04 9.091e-04 1.222e-03 1.364e-03 1.138e-01
100  2.25 9.589e-01 9.589e-01 2.889e-03 2.000e-03 -2.222e-04 1.091e-03 1.333e-03 1.545e-03 1.256e-01
101  2.51 1.070e+00 1.070e+00 3.111e-03 2.000e-03 2.222e-04 1.091e-03 1.667e-03 1.545e-03 1.401e-01
102  2.79 1.189e+00 1.189e+00 3.111e-03 2.364e-03 0.000e+00 1.273e-03 1.556e-03 1.818e-03 1.557e-01
103  3.00 1.278e+00 1.278e+00 3.556e-03 2.364e-03 4.444e-04 1.273e-03 2.000e-03 1.818e-03 1.674e-01
104  3.22 1.372e+00 1.372e+00 3.778e-03 2.727e-03 6.667e-04 1.455e-03 2.222e-03 2.091e-03 1.797e-01
105  3.41 1.453e+00 1.453e+00 4.000e-03 2.909e-03 8.889e-04 1.636e-03 2.444e-03 2.273e-03 1.903e-01
106  3.63 1.547e+00 1.547e+00 4.444e-03 3.091e-03 1.333e-03 1.636e-03 2.889e-03 2.364e-03 2.026e-01
107  3.41 1.453e+00 1.453e+00 4.667e-03 3.455e-03 1.778e-03 2.000e-03 3.222e-03 2.727e-03 1.903e-01
108  3.65 1.556e+00 1.556e+00 4.889e-03 3.455e-03 2.000e-03 2.000e-03 3.444e-03 2.727e-03 2.037e-01
109  3.83 1.632e+00 1.632e+00 5.111e-03 3.636e-03 2.222e-03 2.000e-03 3.667e-03 2.818e-03 2.137e-01
110  4.04 1.722e+00 1.722e+00 5.556e-03 3.818e-03 2.222e-03 2.364e-03 3.889e-03 3.091e-03 2.254e-01
111  4.23 1.803e+00 1.803e+00 5.778e-03 4.182e-03 2.667e-03 2.182e-03 4.222e-03 3.182e-03 2.360e-01
112  4.43 1.888e+00 1.888e+00 6.222e-03 4.545e-03 3.333e-03 2.364e-03 4.778e-03 3.455e-03 2.472e-01
113  4.58 1.952e+00 1.952e+00 6.667e-03 4.909e-03 3.556e-03 2.727e-03 5.111e-03 3.818e-03 2.556e-01
114  4.81 2.050e+00 2.050e+00 7.333e-03 5.273e-03 4.222e-03 2.909e-03 5.778e-03 4.091e-03 2.684e-01
115  5.01 2.135e+00 2.135e+00 7.556e-03 6.000e-03 4.889e-03 3.091e-03 6.222e-03 4.545e-03 2.796e-01
116  4.71 2.007e+00 2.007e+00 8.444e-03 6.182e-03 5.556e-03 3.273e-03 7.000e-03 4.727e-03 2.628e-01
117  5.02 2.139e+00 2.139e+00 8.222e-03 6.364e-03 5.778e-03 3.273e-03 7.000e-03 4.818e-03 2.801e-01
118  5.23 2.229e+00 2.229e+00 8.444e-03 6.727e-03 6.000e-03 3.455e-03 7.222e-03 5.091e-03 2.919e-01
119  5.44 2.318e+00 2.318e+00 8.889e-03 7.273e-03 6.222e-03 3.818e-03 7.556e-03 5.545e-03 3.036e-01
120  5.63 2.399e+00 2.399e+00 9.778e-03 7.455e-03 7.111e-03 3.818e-03 8.444e-03 5.636e-03 3.142e-01
121  5.82 2.480e+00 2.480e+00 1.022e-02 8.182e-03 7.778e-03 4.182e-03 9.000e-03 6.182e-03 3.248e-01
122  6.01 2.561e+00 2.561e+00 1.133e-02 8.727e-03 8.889e-03 4.545e-03 1.011e-02 6.636e-03 3.354e-01
123  5.62 2.395e+00 2.395e+00 1.244e-02 9.273e-03 9.556e-03 4.727e-03 1.100e-02 7.000e-03 3.136e-01
124  5.86 2.497e+00 2.497e+00 1.222e-02 9.455e-03 9.778e-03 4.727e-03 1.100e-02 7.091e-03 3.270e-01
125  6.02 2.566e+00 2.566e+00 1.244e-02 9.818e-03 1.000e-02 4.909e-03 1.122e-02 7.364e-03 3.359e-01
126  6.22 2.651e+00 2.651e+00 1.289e-02 1.000e-02 1.022e-02 5.273e-03 1.156e-02 7.636e-03 3.471e-01
127  6.20 2.642e+00 2.642e+00 1.356e-02 1.018e-02 1.111e-02 5.273e-03 1.233e-02 7.727e-03 3.460e-01
128  6.24 2.659e+00 2.659e+00 1.378e-02 1.036e-02 1.133e-02 5.455e-03 1.256e-02 7.909e-03 3.482e-01
129  6.44 2.745e+00 2.745e+00 1.422e-02 1.073e-02 1.133e-02 5.636e-03 1.278e-02 8.182e-03 3.594e-01
130  6.53 2.783e+00 2.783e+00 1.578e-02 1.164e-02 1.333e-02 6.000e-03 1.456e-02 8.818e-03 3.644e-01
131  6.25 2.664e+00 2.664e+00 1.711e-02 1.218e-02 1.489e-02 6.364e-03 1.600e-02 9.273e-03 3.488e-01
132  6.53 2.783e+00 2.783e+00 1.733e-02 1.255e-02 1.533e-02 6.545e-03 1.633e-02 9.545e-03 3.644e-01
133  6.71 2.860e+00 2.860e+00 1.800e-02 1.273e-02 1.622e-02 6.364e-03 1.711e-02 9.545e-03 3.744e-01
134  6.92 2.949e+00 2.949e+00 1.933e-02 1.382e-02 1.778e-02 7.091e-03 1.856e-02 1.045e-02 3.862e-01
135  6.99 2.979e+00 2.979e+00 2.067e-02 1.436e-02 1.956e-02 7.273e-03 2.011e-02 1.082e-02 3.901e-01
136  6.86 2.924e+00 2.924e+00 2.156e-02 1.473e-02 2.067e-02 7.455e-03 2.111e-02 1.109e-02 3.828e-01
137  7.02 2.992e+00 2.992e+00 2.178e-02 1.527e-02 2.111e-02 7.818e-03 2.144e-02 1.155e-02 3.917e-01
138  7.19 3.064e+00 3.064e+00 2.244e-02 1.618e-02 2.200e-02 8.000e-03 2.222e-02 1.209e-02 4.012e-01
139  7.43 3.166e+00 3.166e+00 2.444e-02 1.745e-02 2.489e-02 8.545e-03 2.467e-02 1.300e-02 4.146e-01
140  7.52 3.205e+00 3.205e+00 2.733e-02 1.873e-02 2.822e-02 9.091e-03 2.778e-02 1.391e-02 4.196e-01
141  7.10 3.026e+00 3.026e+00 3.044e-02 2.073e-02 3.156e-02 1.000e-02 3.100e-02 1.536e-02 3.962e-01
142  7.37 3.141e+00 3.141e+00 3.044e-02 2.091e-02 3.222e-02 1.000e-02 3.133e-02 1.545e-02 4.113e-01
143  7.50 3.196e+00 3.196e+00 3.111e-02 2.127e-02 3.289e-02 1.036e-02 3.200e-02 1.582e-02 4.185e-01
144  7.55 3.218e+00 3.218e+00 3.267e-02 2.218e-02 3.378e-02 1.073e-02 3.322e-02 1.645e-02 4.213e-01
145  7.75 3.303e+00 3.303e+00 3.356e-02 2.291e-02 3.600e-02 1.091e-02 3.478e-02 1.691e-02 4.325e-01
146  7.74 3.299e+00 3.299e+00 3.756e-02 2.455e-02 4.156e-02 1.164e-02 3.956e-02 1.809e-02 4.319e-01
147  7.42 3.162e+00 3.162e+00 4.133e-02 2.673e-02 4.600e-02 1.218e-02 4.367e-02 1.945e-02 4.141e-01
148  7.06 3.009e+00 3.009e+00 4.133e-02 2.673e-02 4.667e-02 1.218e-02 4.400e-02 1.945e-02 3.940e-01
149  6.46 2.753e+00 2.753e+00 4.133e-02 2.655e-02 4.667e-02 1.200e-02 4.400e-02 1.927e-02 3.605e-01
150  6.03 2.570e+00 2.570e+00 4.111e-02 2.655e-02 4.622e-02 1.200e-02 4.367e-02 1.927e-02 3.365e-01
151  4.96 2.114e+00 2.114e+00 4.111e-02 2.600e-02 4.600e-02 1.145e-02 4.356e-02 1.873e-02 2.768e-01
152  3.97 1.692e+00 1.692e+00 4.044e-02 2.527e-02 4.511e-02 1.127e-02 4.278e-02 1.827e-02 2.215e-01
153  3.05 1.300e+00 1.300e+00 3.956e-02 2.455e-02 4.467e-02 1.073e-02 4.211e-02 1.764e-02 1.702e-01
154  1.95 8.310e-01 8.310e-01 3.756e-02 2.309e-02 4.178e-02 1.000e-02 3.967e-02 1.655e-02 1.088e-01
155  1.03 4.390e-01 4.390e-01 3.378e-02 2.036e-02 3.733e-02 8.909e-03 3.556e-02 1.464e-02 5.748e-02
156  1.15 4.901e-01 4.901e-01 3.311e-02 2.000e-02 3.689e-02 8.545e-03 3.500e-02 1.427e-02 6.417e-02
157  1.63 6.947e-01 6.947e-01 3.356e-02 2.000e-02 3.711e-02 8.727e-03 3.533e-02 1.436e-02 9.096e-02
158  2.02 8.609e-01 8.609e-01 3.400e-02 2.036e-02 3.778e-02 8.909e-03 3.589e-02 1.464e-02 1.127e-01
159  2.48 1.057e+00 1.057e+00 3.489e-02 2.091e-02 3.911e-02 8.909e-03 3.700e-02 1.491e-02 1.384e-01
160  3.03 1.291e+00 1.291e+00 3.578e-02 2.164e-02 3.978e-02 9.455e-03 3.778e-02 1.555e-02 1.691e-01
161  3.52 1.500e+00 1.500e+00 3.711e-02 2.200e-02 4.133e-02 9.636e-03 3.922e-02 1.582e-02 1.964e-01
162  4.04 1.722e+00 1.722e+00 3.778e-02 2.291e-02 4.222e-02 9.818e-03 4.000e-02 1.636e-02 2.254e-01
163  4.53 1.931e+00 1.931e+00 3.844e-02 2.364e-02 4.311e-02 1.036e-02 4.078e-02 1.700e-02 2.528e-01
164  5.04 2.148e+00 2.148e+00 3.933e-02 2.418e-02 4.400e-02 1.055e-02 4.167e-02 1.736e-02 2.812e-01
165  5.53 2.357e+00 2.357e+00 4.022e-02 2.455e-02 4.489e-02 1.109e-02 4.256e-02 1.782e-02 3.086e-01
166  6.03 2.570e+00 2.570e+00 4.089e-02 2.564e-02 4.578e-02 1.145e-02 4.333e-02 1.855e-02 3.365e-01
167  6.36 2.710e+00 2.710e+00 4.133e-02 2.600e-02 4.644e-02 1.164e-02 4.389e-02 1.882e-02 3.549e-01
168  6.51 2.774e+00 2.774e+00 4.178e-02 2.618e-02 4.689e-02 1.164e-02 4.433e-02 1.891e-02 3.633e-01
169  7.02 2.992e+00 2.992e+00 4.289e-02 2.691e-02 4.867e-02 1.182e-02 4.578e-02 1.936e-02 3.917e-01
170  7.28 3.102e+00 3.102e+00 4.378e-02 2.800e-02 5.022e-02 1.236e-02 4.700e-02 2.018e-02 4.062e-01
171  7.39 3.149e+00 3.149e+00 4.489e-02 2.836e-02 5.133e-02 1.255e-02 4.811e-02 2.045e-02 4.124e-01
172  7.63 3.252e+00 3.252e+00 4.600e-02 2.909e-02 5.267e-02 1.309e-02 4.933e-02 2.109e-02 4.258e-01
173  7.81 3.328e+00 3.328e+00 4.800e-02 3.036e-02 5.511e-02 1.364e-02 5.156e-02 2.200e-02 4.358e-01
174  7.99 3.405e+00 3.405e+00 5.089e-02 3.218e-02 5.889e-02 1.455e-02 5.489e-02 2.336e-02 4.459e-01
175  8.12 3.460e+00 3.460e+00 5.578e-02 3.455e-02 6.556e-02 1.527e-02 6.067e-02 2.491e-02 4.531e-01
176  7.74 3.299e+00 3.299e+00 6.133e-02 3.745e-02 7.222e-02 1.655e-02 6.678e-02 2.700e-02 4.319e-01
177  7.65 3.260e+00 3.260e+00 6.244e-02 3.800e-02 7.333e-02 1.673e-02 6.789e-02 2.736e-02 4.269e-01
178  7.56 3.222e+00 3.222e+00 6.356e-02 3.873e-02 7.533e-02 1.691e-02 6.944e-02 2.782e-02 4.219e-01
179  8.04 3.426e+00 3.426e+00 6.689e-02 4.055e-02 7.978e-02 1.782e-02 7.333e-02 2.918e-02 4.487e-01
180  7.76 3.307e+00 3.307e+00 7.133e-02 4.255e-02 8.600e-02 1.818e-02 7.867e-02 3.036e-02 4.330e-01
181  7.44 3.171e+00 3.171e+00 7.489e-02 4.382e-02 9.289e-02 1.873e-02 8.389e-02 3.127e-02 4.152e-01
182  7.21 3.073e+00 3.073e+00 7.778e-02 4.545e-02 9.756e-02 1.891e-02 8.767e-02 3.218e-02 4.023e-01
183  6.99 2.979e+00 2.979e+00 7.889e-02 4.545e-02 9.844e-02 1.927e-02 8.867e-02 3.236e-02 3.901e-01
184  6.45 2.749e+00 2.749e+00 7.889e-02 4.564e-02 9.889e-02 1.909e-02 8.889e-02 3.236e-02 3.599e-01
185  5.96 2.540e+00 2.540e+00 7.844e-02 4.564e-02 9.889e-02 1.891e-02 8.867e-02 3.227e-02 3.326e-01
186  5.47 2.331e+00 2.331e+00 7.844e-02 4.545e-02 9.867e-02 1.873e-02 8.856e-02 3.209e-02 3.052e-01
187  4.97 2.118e+00 2.118e+00 7.844e-02 4.509e-02 9.867e-02 1.836e-02 8.856e-02 3.173e-02 2.773e-01
188  4.46 1.901e+00 1.901e+00 7.800e-02 4.491e-02 9.822e-02 1.836e-02 8.811e-02 3.164e-02 2.489e-01
189  3.99 1.700e+00 1.700e+00 7.756e-02 4.473e-02 9.800e-02 1.818e-02 8.778e-02 3.145e-02 2.227e-01
190  3.50 1.492e+00 1.492e+00 7.689e-02 4.436e-02 9.756e-02 1.782e-02 8.722e-02 3.109e-02 1.953e-01
191  3.00 1.278e+00 1.278e+00 7.622e-02 4.345e-02 9.689e-02 1.764e-02 8.656e-02 3.055e-02 1.674e-01
192  2.48 1.057e+00 1.057e+00 7.489e-02 4.291e-02 9.556e-02 1.727e-02 8.522e-02 3.009e-02 1.384e-01
193  1.99 8.481e-01 8.481e-01 7.311e-02 4.236e-02 9.378e-02 1.691e-02 8.344e-02 2.964e-02 1.110e-01
194  1.51 6.435e-01 6.435e-01 7.044e-02 4.127e-02 9.111e-02 1.636e-02 8.078e-02 2.882e-02 8.426e-02
195  1.00 4.262e-01 4.262e-01 6.667e-02 3.982e-02 8.711e-02 1.564e-02 7.689e-02 2.773e-02 5.580e-02
196  0.51 2.173e-01 2.173e-01 6.044e-02 3.764e-02 8.067e-02 1.436e-02 7.056e-02 2.600e-02 2.846e-02
197  0.58 2.472e-01 2.472e-01 6.000e-02 3.709e-02 7.956e-02 1.436e-02 6.978e-02 2.573e-02 3.237e-02
197  0.58 2.472e-01 2.472e-01 6.000e-02 3.709e-02 7.956e-02 1.436e-02 6.978e-02 2.573e-02 3.237e-02
