0.000144329896907216	1	-0.00103092783505155	0
0.000544329896907216	4	0	0
0.000985567010309278	9	0.000618556701030928	0
0.00138556701030928	12	0.000412371134020619	0
0.00194226804123711	17	0.00103092783505155	0
0.00242474226804124	20	0.00164948453608247	0
0.00302268041237113	26	0.00206185567010309	0
0.00381855670103093	31	0.00268041237113402	0
0.00496907216494845	36	0.00371134020618557	0
0.00556701030927835	39	0.00412371134020619	0
0.00663505154639175	45	0.00494845360824742	0
0.00734432989690722	51	0.00556701030927835	0
0.00857731958762887	56	0.00701030927835052	0
0.00969072164948454	60	0.00721649484536083	0
0.0110762886597938	66	0.00865979381443299	0
0.0120618556701031	69	0.00948453608247423	0
0.0133690721649485	73	0.0105154639175258	0
0.0138432989690722	75	0.0105154639175258	0
0.0151835051546392	79	0.0119587628865979	0
0.0156577319587629	80	0.0129896907216495	0
0.0166020618556701	85	0.0134020618556701	0
0.0188989690721649	91	0.0158762886597938	0
0.0203175257731959	94	0.0169072164948454	0
0.0219340206185567	96	0.0185567010309278	0
0.0228865979381443	99	0.0191752577319588	0
0.0235917525773196	101	0.0189690721649485	0
0.0250721649484536	106	0.0202061855670103	0
0.0264783505154639	110	0.0218556701030928	0
0.0276618556701031	113	0.0230927835051546	0
0.0304659793814433	120	0.0247422680412371	0
0.0331752577319588	124	0.0272164948453608	0
0.0360082474226804	128	0.0292783505154639	0
0.0385154639175258	136	0.0311340206185567	0
0.0406432989690722	141	0.0331958762886598	0
0.0432082474226804	144	0.0352577319587629	0
0.0452907216494845	149	0.0375257731958763	0
0.0457979381443299	151	0.0375257731958763	0
0.0489773195876289	155	0.0402061855670103	0
0.0512824742268041	160	0.0424742268041237	0
0.0533113402061856	164	0.0439175257731959	0
0.0555628865979381	165	0.045979381443299	0
0.0569319587628866	170	0.0465979381443299	0
0.0591216494845361	175	0.0484536082474227	0
0.0604948453608247	181	0.0494845360824742	0
0.0639134020618557	185	0.0521649484536083	0
0.0669237113402062	190	0.0542268041237113	0
0.0696288659793814	193	0.0562886597938144	0
0.0705814432989691	194	0.0569072164948454	0
0.0716536082474227	198	0.0581443298969072	0
0.0727711340206185	200	0.0587628865979381	0
0.0745690721649485	201	0.0593814432989691	0
0.0750103092783505	203	0.06	0
