0.000144329896907216	1
0.000544329896907216	4
0.000985567010309278	9
0.00138556701030928	12
0.00194226804123711	17
0.00242474226804124	20
0.00302268041237113	26
0.00381855670103093	31
0.00496907216494845	36
0.00556701030927835	39
0.00663505154639175	45
0.00734432989690722	51
0.00857731958762887	56
0.00969072164948454	60
0.0110762886597938	66
0.0120618556701031	69
0.0133690721649485	73
0.0138432989690722	75
0.0151835051546392	79
0.0156577319587629	80
0.0166020618556701	85
0.0188989690721649	91
0.0203175257731959	94
0.0219340206185567	96
0.0228865979381443	99
0.0235917525773196	101
0.0250721649484536	106
0.0264783505154639	110
0.0276618556701031	113
0.0304659793814433	120
0.0331752577319588	124
0.0360082474226804	128
0.0385154639175258	136
0.0406432989690722	141
0.0432082474226804	144
0.0452907216494845	149
0.0457979381443299	151
0.0489773195876289	155
0.0512824742268041	160
0.0533113402061856	164
0.0555628865979381	165
0.0569319587628866	170
0.0591216494845361	175
0.0604948453608247	181
0.0639134020618557	185
0.0669237113402062	190
0.0696288659793814	193
0.0705814432989691	194
0.0716536082474227	198
0.0727711340206185	200
0.0745690721649485	201
0.0750103092783505	203
