#変形角	gamma	gamma2	変位計1	変位計2	変位計3	変位計4	変位計5	変位計6	変位計7	変位計8	変位計9	変位計10	変位計11	変位計12	変位計13	荷重14	荷重0
-9.07216494845361e-05	-0.000206185567010309	-0.22	0	0	0.01	0	0	0	0	0	0	0	0	0.5	0	-8
-9.89690721649485e-05	0	-0.27	-0.03	-0.01	-0.05	0.02	-0.02	-0.03	-0.01	0	0	0	0.5	0.5	0	-7
-0.000127835051546392	-0.0164948453608247	-0.32	-0.01	0	-0.02	0.02	-0.01	-0.06	-0.01	0	0	0	0	40	0	-8
-0.000127835051546392	-0.000824742268041237	-0.32	-0.01	0.01	0	0.03	-0.02	-0.06	-0.01	0	0	0	0	2	0	-8
-0.000127835051546392	-0.00103092783505155	-0.32	-0.01	0.01	0.08	0.04	0	-0.05	-0.01	0	0	0	-0.5	2	0	-6
0.000144329896907216	-0.00103092783505155	0.37	0.02	0.02	0.09	0.05	0	-0.05	-0.01	0	0	0	0	2.5	0	1
0.000544329896907216	0	1.43	0.11	0	0.09	0.05	0	-0.05	0.01	0	0	0	2	2	0	4
0.000985567010309278	0.000618556701030928	2.49	0.1	0.01	0.09	0.08	0.01	-0.05	0.01	0	0	0	3	1.5	0	9
0.00138556701030928	0.000412371134020619	3.57	0.21	0.02	0.09	0.11	0	-0.04	0.02	0	0	0	4	3	0	12
0.00194226804123711	0.00103092783505155	4.93	0.22	0.01	0.08	0.15	-0.01	-0.05	0.04	0	0	0	5	2.5	0	17
0.00242474226804124	0.00164948453608247	6.18	0.3	0	0.08	0.18	-0.01	-0.06	0.05	0	0	0	6.5	2.5	0	20
0.00302268041237113	0.00206185567010309	7.65	0.32	0	0.09	0.22	-0.01	-0.06	0.11	0	0	0	7.5	2.5	0	26
0.00381855670103093	0.00268041237113402	9.68	0.42	0	0.08	0.29	-0.01	-0.07	0.13	0	0	0	9	2.5	0	31
0.00496907216494845	0.00371134020618557	12.58	0.53	0	0.08	0.37	-0.02	-0.08	0.19	0	0	0	11.5	2.5	0	36
0.00556701030927835	0.00412371134020619	14.03	0.53	0.02	0.09	0.42	-0.02	-0.08	0.21	0	0	0	13.5	3.5	0	39
0.00663505154639175	0.00494845360824742	16.74	0.65	0.01	0.09	0.52	-0.03	-0.08	0.26	0	0	0	15.5	3.5	0	45
0.00734432989690722	0.00556701030927835	18.56	0.75	0.01	0.09	0.59	-0.04	-0.06	0.29	0	0	0	17	3.5	0	51
0.00760824742268041	0.00556701030927835	18.96	0.51	0	0.08	0.6	-0.05	-0.09	0.3	0	0	0	16.5	3	0	46
0.00711340206185567	0.00556701030927835	18	0.75	0.01	0.09	0.59	-0.05	-0.1	0.28	0	0	0	16	2.5	0	36
0.00671340206185567	0.00494845360824742	17.03	0.75	0.01	0.08	0.6	-0.05	-0.1	0.3	0	0	0	15	3	0	30
0.00631340206185567	0.0045360824742268	15.96	0.65	0.02	0.09	0.59	-0.06	-0.09	0.28	0	0	0	13.5	2.5	0	26
0.0057979381443299	0.00412371134020619	14.71	0.65	0.02	0.09	0.59	-0.05	-0.09	0.27	0	0	0	13	3	0	22
0.00527835051546392	0.00329896907216495	13.44	0.64	0.01	0.09	0.56	-0.05	-0.09	0.24	0	0	0	11.5	3.5	0	18
0.00476701030927835	0.00350515463917526	12.1	0.54	0.02	0.09	0.52	-0.05	-0.1	0.22	0	0	0	11	2.5	0	13
0.00421030927835052	0.00309278350515464	10.75	0.54	0.02	0.09	0.48	-0.04	-0.1	0.2	0	0	0	9.5	2	0	8
0.0037360824742268	0.00247422680412371	9.48	0.42	0.01	0.09	0.44	-0.05	-0.11	0.18	0	0	0	8	2	0	6
0.00274639175257732	0.00206185567010309	7.09	0.43	0.02	0.08	0.33	-0.05	-0.11	0.14	0	0	0	6.5	1.5	0	-2
0.00269690721649485	0.00164948453608247	6.96	0.42	0.01	0.08	0.33	-0.04	-0.11	0.13	0	0	0	6	2	0	0
0.0031340206185567	0.00268041237113402	8.02	0.42	0	0.09	0.34	-0.05	-0.11	0.14	0	0	0	8	1.5	0	14
0.0035340206185567	0.00309278350515464	8.99	0.42	0.01	0.08	0.34	-0.05	-0.11	0.15	0	0	0	8.5	1	0	16
0.00405360824742268	0.00350515463917526	10.36	0.53	0.01	0.09	0.36	-0.05	-0.11	0.17	0	0	0	10	1.5	0	22
0.00477113402061856	0.00329896907216495	12.1	0.53	0.02	0.1	0.39	-0.04	-0.11	0.2	0	0	0	11	3	0	26
0.00536082474226804	0.00371134020618557	13.64	0.64	0.01	0.09	0.43	-0.04	-0.1	0.23	0	0	0	12.5	3.5	0	32
0.00647835051546392	0.00494845360824742	16.45	0.74	0.02	0.1	0.52	-0.05	-0.11	0.28	0	0	0	15.5	3.5	0	40
0.00766185567010309	0.00577319587628866	19.34	0.76	0.01	0.03	0.61	-0.06	-0.11	0.32	0	0	0	17.5	3.5	0	50
0.00857731958762887	0.00701030927835052	21.66	0.86	0.01	0.08	0.71	-0.05	-0.11	0.39	0	0	0	20.5	3.5	0	56
0.00969072164948454	0.00721649484536083	24.46	0.96	0.02	0.09	0.82	-0.06	-0.11	0.43	0	0	0	22	4.5	0	60
0.0110762886597938	0.00865979381443299	27.92	1.06	0.01	0.09	0.97	-0.06	-0.12	0.5	0	0	0	25.5	4.5	0	66
0.0120618556701031	0.00948453608247423	30.43	1.18	0.01	0.09	1.08	-0.06	-0.12	0.56	0	0	0	28	5	0	69
0.0133690721649485	0.0105154639175258	33.7	1.28	0.01	0.09	1.22	-0.06	-0.1	0.65	0	0	0	31	5.5	0	73
0.0138432989690722	0.0105154639175258	34.95	1.38	0.02	0.09	1.26	-0.07	-0.11	0.69	0	0	0	32	6.5	0	75
0.0151835051546392	0.0119587628865979	38.31	1.49	0.02	0.1	1.42	-0.08	-0.12	0.78	0	0	0	35	6	0	79
0.0156577319587629	0.0129896907216495	39.46	1.49	0.02	0.09	1.45	-0.07	-0.12	0.81	0	0	0	36.5	5	0	80
0.0166020618556701	0.0134020618556701	41.86	1.6	0.01	0.09	1.56	-0.06	-0.13	0.88	0	0	0	38.5	6	0	85
0.0172247422680412	0.0142268041237113	43.48	1.71	0.02	0.1	1.62	-0.08	-0.13	0.92	0	0	0	40.5	6	0	84
0.0176536082474227	0.0142268041237113	44.56	1.75	0.01	0.09	1.66	-0.07	-0.22	0.96	0	0	0	41.5	7	0	84
0.0188989690721649	0.0158762886597938	47.73	1.9	0.01	0.09	1.81	-0.06	-0.21	1.04	0	0	0	44.5	6	0	91
0.0203175257731959	0.0169072164948454	51.28	2.01	0.01	0.09	1.95	-0.08	-0.22	1.12	0	0	0	48	7	0	94
0.0210268041237113	0.0175257731958763	53.11	2.12	0.02	0.09	2.04	-0.09	-0.22	1.17	0	0	0	50	7.5	0	94
0.0219340206185567	0.0185567010309278	55.41	2.22	0.02	0.09	2.13	-0.1	-0.22	1.24	0	0	0	52	7	0	96
0.0228865979381443	0.0191752577319588	57.83	2.33	0.01	0.09	2.24	-0.11	-0.23	1.3	0	0	0	54	7.5	0	99
0.0230350515463918	0.0183505154639175	58.31	2.45	0.01	0.09	2.26	-0.14	-0.23	1.31	0	0	0	53.5	9	0	93
0.022639175257732	0.0183505154639175	57.35	2.45	0.02	0.08	2.26	-0.12	-0.22	1.31	0	0	0	53	8.5	0	88
0.0222350515463918	0.0177319587628866	56.28	2.36	0.01	0.1	2.25	-0.12	-0.23	1.29	0	0	0	52	9	0	83
0.0202639175257732	0.0160824742268041	51.37	2.23	0.02	0.1	2.23	-0.13	-0.23	1.16	0	0	0	47	8	0	69
0.0188	0.0150515463917526	47.73	2.14	0.02	0.09	2.14	-0.12	-0.21	1.06	0	0	0	43.5	7	0	58
0.0180123711340206	0.014639175257732	45.81	2.13	0.02	0.1	2.06	-0.12	-0.24	1	0	0	0	42	6.5	0	54
0.0173237113402062	0.014020618556701	44.08	2.07	0.02	0.09	1.99	-0.11	-0.24	0.95	0	0	0	40	6	0	48
0.0165525773195876	0.0131958762886598	42.16	2.02	0.01	0.09	1.86	-0.12	-0.26	0.89	0	0	0	37.5	5.5	0	46
0.015740206185567	0.0125773195876289	40.14	1.97	0.02	0.09	1.74	-0.11	-0.25	0.84	0	0	0	36.5	6	0	42
0.0150515463917526	0.0119587628865979	38.41	1.91	0.01	0.1	1.63	-0.11	-0.27	0.79	0	0	0	34.5	5.5	0	37
0.0141731958762887	0.011340206185567	36.29	1.92	0.01	0.09	1.48	-0.11	-0.28	0.73	0	0	0	33	5.5	0	37
0.0136247422680412	0.0109278350515464	34.85	1.81	0.01	0.09	1.39	-0.11	-0.29	0.7	0	0	0	32	5.5	0	34
0.0127876288659794	0.0103092783505155	32.83	1.82	0.01	0.09	1.29	-0.1	-0.3	0.65	0	0	0	29.5	4.5	0	30
0.0122061855670103	0.00989690721649484	31.31	1.71	0.02	0.1	1.21	-0.1	-0.3	0.62	0	0	0	28.5	4.5	0	26
0.0112824742268041	0.00927835051546392	29.06	1.7	0.02	0.09	1.12	-0.09	-0.31	0.56	0	0	0	26.5	4	0	22
0.0102185567010309	0.00824742268041237	26.39	1.61	0.01	0.09	1.01	-0.09	-0.32	0.5	0	0	0	24	4	0	16
0.00918350515463917	0.00762886597938144	23.75	1.48	0.01	0.09	0.9	-0.09	-0.32	0.45	0	0	0	21.5	3	0	10
0.00790927835051546	0.0065979381443299	20.57	1.39	0.02	0.08	0.78	-0.09	-0.32	0.4	0	0	0	19	3	0	6
0.00680824742268041	0.00515463917525773	17.79	1.28	0.02	0.1	0.67	-0.07	-0.33	0.32	0	0	0	16	3.5	0	2
0.0066639175257732	0.00515463917525773	17.41	1.25	0.01	0.09	0.65	-0.08	-0.32	0.33	0	0	0	16	3.5	0	7
0.0073319587628866	0.00597938144329897	19.05	1.27	0.01	0.09	0.66	-0.08	-0.32	0.33	0	0	0	18	3.5	0	15
0.00788865979381443	0.00639175257731959	20.51	1.38	0.01	0.09	0.66	-0.08	-0.32	0.35	0	0	0	19	3.5	0	21
0.00918762886597938	0.00742268041237113	23.77	1.49	0.01	0.11	0.72	-0.07	-0.31	0.41	0	0	0	22	4	0	32
0.0101278350515464	0.00804123711340206	26.09	1.53	0.02	0.1	0.79	-0.07	-0.31	0.47	0	0	0	24	4.5	0	37
0.0109319587628866	0.00804123711340206	28.12	1.61	0.01	0.1	0.87	-0.07	-0.31	0.52	0	0	0	25.5	6	0	42
0.0117979381443299	0.00865979381443299	30.33	1.72	0.03	0.09	0.95	-0.07	-0.3	0.57	0	0	0	27	6	0	46
0.0125525773195876	0.00969072164948454	32.14	1.7	0.02	0.1	1.03	-0.07	-0.3	0.63	0	0	0	29.5	6	0	49
0.0144536082474227	0.0117525773195876	36.97	1.92	0.03	0.1	1.23	-0.09	-0.31	0.74	0	0	0	34.5	6	0	61
0.0159134020618557	0.0127835051546392	40.62	2.03	0.02	0.1	1.39	-0.1	-0.31	0.83	0	0	0	38	7	0	63
0.0170639175257732	0.0138144329896907	43.51	2.13	0.02	0.09	1.51	-0.1	-0.31	0.91	0	0	0	40	6.5	0	71
0.0178185567010309	0.0142268041237113	45.33	2.12	0.02	0.1	1.61	-0.11	-0.32	0.96	0	0	0	42	7.5	0	76
0.0188824742268041	0.0156701030927835	48.02	2.23	0.01	0.09	1.74	-0.12	-0.3	1.02	0	0	0	44.5	6.5	0	79
0.0200288659793814	0.0162886597938144	50.9	2.33	0.02	0.09	1.89	-0.12	-0.31	1.11	0	0	0	47.5	8	0	85
0.0209360824742268	0.0169072164948454	53.11	2.34	0.01	0.08	2.03	-0.11	-0.31	1.16	0	0	0	49.5	8.5	0	89
0.0223175257731959	0.0177319587628866	56.57	2.45	0.02	0.09	2.21	-0.13	-0.32	1.26	0	0	0	52	9	0	95
0.0229896907216495	0.0181443298969072	58.3	2.55	0.03	0.11	2.29	-0.13	-0.32	1.29	0	0	0	53.5	9.5	0	97
0.0235917525773196	0.0189690721649485	59.75	2.54	0.03	0.1	2.35	-0.14	-0.32	1.35	0	0	0	55.5	9.5	0	101
0.0250721649484536	0.0202061855670103	63.49	2.69	0.02	0.1	2.52	-0.14	-0.31	1.43	0	0	0	59.5	10.5	0	106
0.0264783505154639	0.0218556701030928	67.07	2.86	0.02	0.1	2.68	-0.15	-0.31	1.55	0	0	0	63	10	0	110
0.0276618556701031	0.0230927835051546	70.05	2.97	0.02	0.09	2.79	-0.17	-0.31	1.61	0	0	0	66	10	0	113
0.0304659793814433	0.0247422680412371	77.2	3.32	0.02	0.09	3.09	-0.22	-0.32	1.78	0	0	0	72	12	0	120
0.0331752577319588	0.0272164948453608	83.95	3.5	0.01	0.09	3.37	-0.24	-0.33	1.95	0	0	0	78.5	12.5	0	124
0.0360082474226804	0.0292783505154639	90.82	3.5	0.02	0.08	3.71	-0.28	-0.32	2.12	0	0	0	85	14	0	128
0.0385154639175258	0.0311340206185567	97.23	3.83	0.02	0.09	4	-0.33	-0.32	2.29	0	0	0	91	15.5	0	136
0.0406432989690722	0.0331958762886598	102.69	4.13	0.02	0.09	4.26	-0.38	-0.32	2.44	0	0	0	96	15.5	0	141
0.0432082474226804	0.0352577319587629	109.02	4.24	0.02	0.09	4.5	-0.43	-0.32	2.6	0	0	0	101.5	16	0	144
0.0452907216494845	0.0375257731958763	114.27	4.44	0.03	0.09	4.66	-0.5	-0.32	2.74	0	0	0	107	16	0	149
0.0457979381443299	0.0375257731958763	115.59	4.53	0.02	0.09	4.71	-0.5	-0.32	2.77	0	0	0	108	17	0	151
0.0460123711340206	0.037319587628866	116.36	4.78	0.01	0.07	4.77	-0.62	-0.3	2.79	0	0	0	108	17.5	0	140
0.0454845360824742	0.0364948453608247	115.07	4.77	0.01	0.1	4.77	-0.62	-0.29	2.78	0	0	0	106	17.5	0	130
0.0449278350515464	0.0367010309278351	113.71	4.76	0.02	0.09	4.79	-0.62	-0.29	2.76	0	0	0	105.5	16.5	0	124
0.044519587628866	0.0362886597938144	112.63	4.67	0.01	0.1	4.8	-0.62	-0.29	2.73	0	0	0	104.5	16.5	0	121
0.0438432989690722	0.0356701030927835	110.98	4.66	0.02	0.1	4.79	-0.62	-0.28	2.7	0	0	0	103	16.5	0	115
0.0430144329896907	0.0354639175257732	108.94	4.63	0.01	0.09	4.79	-0.62	-0.28	2.65	0	0	0	101	15	0	111
0.042119587628866	0.0350515463917526	106.68	4.54	0	0.08	4.71	-0.62	-0.29	2.57	0	0	0	99	14	0	103
0.0413814432989691	0.0342268041237113	104.86	4.51	0	0.09	4.64	-0.63	-0.3	2.52	0	0	0	97	14	0	101
0.0403505154639175	0.0331958762886598	102.29	4.44	0.01	0.08	4.55	-0.61	-0.3	2.46	0	0	0	94.5	14	0	95
0.0394721649484536	0.0323711340206186	100.06	4.34	0	0.09	4.45	-0.6	-0.29	2.39	0	0	0	92.5	14	0	90
0.0384329896907216	0.0315463917525773	97.52	4.32	-0.01	0.08	4.37	-0.61	-0.32	2.33	0	0	0	90.5	14	0	85
0.0375958762886598	0.0307216494845361	95.39	4.22	0	0.08	4.3	-0.61	-0.32	2.27	0	0	0	88	13.5	0	79
0.0358762886597938	0.0294845360824742	91.12	4.12	0.01	0.09	4.14	-0.59	-0.32	2.16	0	0	0	84.5	13	0	73
0.0350680412371134	0.028659793814433	89.09	4.05	0	0.1	4.04	-0.59	-0.32	2.1	0	0	0	82	12.5	0	70
0.0328494845360825	0.0265979381443299	83.57	3.91	-0.01	0.07	3.73	-0.56	-0.32	1.95	0	0	0	77.5	13	0	62
0.0323298969072165	0.0257731958762887	82.31	3.91	0.01	0.09	3.67	-0.58	-0.33	1.92	0	0	0	75.5	13	0	59
0.0314144329896907	0.0255670103092784	79.99	3.81	0.01	0.09	3.53	-0.55	-0.33	1.86	0	0	0	74	12	0	56
0.0299381443298969	0.0237113402061856	76.31	3.71	0.01	0.08	3.3	-0.54	-0.35	1.76	0	0	0	70	12.5	0	51
0.028	0.0222680412371134	71.39	3.49	0.01	0.09	2.98	-0.52	-0.35	1.63	0	0	0	65.5	11.5	0	44
0.0273649484536082	0.0220618556701031	69.85	3.49	0.01	0.09	2.88	-0.52	-0.36	1.6	0	0	0	64	10.5	0	38
0.0254226804123711	0.0208247422680412	64.94	3.29	0	0.08	2.61	-0.5	-0.37	1.47	0	0	0	59	8.5	0	32
0.0242309278350515	0.0195876288659794	61.95	3.19	0.02	0.09	2.44	-0.49	-0.37	1.38	0	0	0	56.5	9	0	29
0.0229773195876289	0.0187628865979381	58.79	3.07	0.01	0.1	2.26	-0.48	-0.38	1.3	0	0	0	53.5	8	0	24
0.0215505154639175	0.0175257731958763	55.13	2.87	0.01	0.09	2.09	-0.45	-0.39	1.18	0	0	0	50.5	8	0	21
0.0201690721649485	0.0158762886597938	51.67	2.76	0.02	0.09	1.92	-0.45	-0.4	1.09	0	0	0	47	8.5	0	14
0.0191587628865979	0.0154639175257732	49.12	2.66	0.01	0.09	1.81	-0.43	-0.41	1.02	0	0	0	45	7.5	0	11
0.0172041237113402	0.0142268041237113	44.17	2.45	0	0.09	1.59	-0.41	-0.42	0.89	0	0	0	40.5	6	0	4
0.0162680412371134	0.0127835051546392	41.77	2.32	0	0.07	1.44	-0.4	-0.43	0.82	0	0	0	37.5	6.5	0	-1
0.0161567010309278	0.0131958762886598	41.38	2.2	0.01	0.09	1.41	-0.39	-0.43	0.81	0	0	0	38	6	0	-1
0.0167711340206186	0.0134020618556701	43.02	2.35	0.02	0.08	1.41	-0.39	-0.43	0.81	0	0	0	40	7.5	0	17
0.0174474226804124	0.014020618556701	44.75	2.44	0.01	0.08	1.41	-0.39	-0.43	0.86	0	0	0	41.5	7.5	0	23
0.0184701030927835	0.0148453608247423	47.34	2.55	0.02	0.09	1.45	-0.39	-0.43	0.92	0	0	0	44	8	0	30
0.0196082474226804	0.0154639175257732	50.22	2.67	0.02	0.09	1.52	-0.39	-0.43	1	0	0	0	46.5	9	0	37
0.0203628865979381	0.0160824742268041	52.15	2.77	0.02	0.1	1.58	-0.39	-0.42	1.06	0	0	0	48	9	0	40
0.0212494845360825	0.017319587628866	54.4	2.87	0.02	0.09	1.65	-0.4	-0.43	1.12	0	0	0	50.5	8.5	0	45
0.0224082474226804	0.0185567010309278	57.24	2.9	0.03	0.1	1.76	-0.41	-0.43	1.2	0	0	0	53	8	0	50
0.0236907216494845	0.0193814432989691	60.52	3.07	0.01	0.09	1.89	-0.43	-0.42	1.29	0	0	0	56.5	9.5	0	55
0.0247134020618557	0.0202061855670103	63.11	3.18	0.02	0.1	1.99	-0.44	-0.42	1.37	0	0	0	58.5	9.5	0	60
0.0259051546391753	0.0216494845360825	66.1	3.28	0.02	0.09	2.13	-0.45	-0.41	1.43	0	0	0	61.5	9	0	64
0.0269237113402062	0.0212371134020619	68.7	3.41	0.03	0.09	2.25	-0.46	-0.4	1.5	0	0	0	63.5	12	0	69
0.0282020618556701	0.0235051546391753	71.88	3.49	0.01	0.08	2.4	-0.47	-0.4	1.58	0	0	0	67	10	0	75
0.0298309278350515	0.0245360824742268	75.94	3.6	0	0.08	2.6	-0.5	-0.39	1.7	0	0	0	70	10.5	0	80
0.031459793814433	0.0261855670103093	79.99	3.7	0.01	0.09	2.82	-0.52	-0.38	1.79	0	0	0	74.5	11	0	86
0.0323711340206186	0.0268041237113402	82.3	3.8	0.02	0.09	2.94	-0.52	-0.36	1.87	0	0	0	76.5	11.5	0	90
0.0331298969072165	0.0274226804123711	84.25	3.91	0.01	0.09	3.06	-0.54	-0.37	1.92	0	0	0	78.5	12	0	95
0.0343175257731959	0.0282474226804124	87.24	4.02	0	0.09	3.22	-0.54	-0.36	2	0	0	0	81	12.5	0	100
0.0362721649484536	0.0294845360824742	92.09	4.13	0.01	0.09	3.49	-0.55	-0.36	2.13	0	0	0	86.5	15	0	107
0.0368288659793814	0.0301030927835052	93.54	4.23	0.01	0.09	3.55	-0.56	-0.35	2.17	0	0	0	87	14	0	112
0.0379092783505155	0.031340206185567	96.16	4.23	0.01	0.08	3.7	-0.57	-0.36	2.23	0	0	0	90.5	14.5	0	114
0.0402226804123711	0.0327835051546392	102	4.46	0.01	0.09	4	-0.59	-0.34	2.39	0	0	0	95	15.5	0	121
0.0413896907216495	0.034020618556701	104.92	4.55	0.01	0.08	4.13	-0.61	-0.35	2.48	0	0	0	97.5	15	0	127
0.0422309278350515	0.0348453608247423	107.07	4.66	0.01	0.08	4.24	-0.61	-0.35	2.54	0	0	0	100	15.5	0	130
0.0435216494845361	0.0352577319587629	110.3	4.76	0.01	0.09	4.38	-0.63	-0.34	2.61	0	0	0	102.5	17	0	135
0.0450061855670103	0.0364948453608247	114.01	4.87	0.01	0.08	4.53	-0.65	-0.34	2.72	0	0	0	106	17.5	0	142
0.0465896907216495	0.0381443298969072	117.94	4.96	0.01	0.09	4.68	-0.67	-0.35	2.83	0	0	0	110	17.5	0	146
0.047719587628866	0.0389690721649485	120.79	5.07	0	0.08	4.77	-0.69	-0.35	2.91	0	0	0	112	17.5	0	151
0.0489773195876289	0.0402061855670103	124.04	5.27	-0.01	0.09	4.88	-0.72	-0.36	2.96	0	0	0	115.5	18	0	155
0.0512824742268041	0.0424742268041237	129.85	5.49	0	0.08	5.05	-0.78	-0.37	3.12	0	0	0	121	18	0	160
0.0533113402061856	0.0439175257731959	135.09	5.81	0.01	0.09	5.23	-0.82	-0.35	3.26	0	0	0	125.5	19	0	164
0.0533979381443299	0.0430927835051546	135.09	5.6	0.02	0.08	5.32	-0.88	-0.33	3.28	0	0	0	125	20.5	0	154
0.0534309278350515	0.0437113402061856	135.18	5.61	0.02	0.09	5.34	-0.9	-0.32	3.27	0	0	0	126	20	0	155
0.054379381443299	0.0445360824742268	137.59	5.72	0.03	0.1	5.38	-0.9	-0.32	3.32	0	0	0	128	20	0	161
0.0555628865979381	0.045979381443299	140.57	5.83	0.02	0.1	5.47	-0.91	-0.33	3.38	0	0	0	131	19.5	0	165
0.0569319587628866	0.0465979381443299	144.01	5.95	0.02	0.1	5.59	-0.94	-0.33	3.48	0	0	0	133.5	20.5	0	170
0.0591216494845361	0.0484536082474227	149.62	6.25	0.02	0.09	5.79	-0.98	-0.31	3.63	0	0	0	138.5	21	0	175
0.0604948453608247	0.0494845360824742	153.16	6.46	-0.01	0.09	5.91	-1.02	-0.31	3.7	0	0	0	142	22	0	181
0.0622020618556701	0.0503092783505155	157.51	6.67	-0.03	0.09	6.07	-1.07	-0.29	3.81	0	0	0	145.5	23.5	0	181
0.0639134020618557	0.0521649484536083	161.65	6.66	-0.08	0.09	6.2	-1.11	-0.29	3.9	0	0	0	149	22.5	0	185
0.0669237113402062	0.0542268041237113	169.29	7	-0.08	0.09	6.46	-1.21	-0.27	4.08	0	0	0	155.5	24	0	190
0.0696288659793814	0.0562886597938144	176.35	7.5	-0.1	0.09	6.67	-1.32	-0.26	4.25	0	0	0	161.5	25	0	193
0.0705814432989691	0.0569072164948454	178.77	7.61	-0.09	0.09	6.73	-1.35	-0.26	4.31	0	0	0	163.5	25.5	0	194
0.0716536082474227	0.0581443298969072	181.48	7.72	-0.09	0.09	6.84	-1.39	-0.24	4.38	0	0	0	166	25	0	198
0.0727711340206185	0.0587628865979381	184.29	7.82	-0.09	0.09	6.93	-1.43	-0.23	4.44	0	0	0	168	25.5	0	200
0.0745690721649485	0.0593814432989691	188.77	7.94	-0.08	0.1	7.09	-1.49	-0.22	4.56	0	0	0	172	28	0	201
0.0750103092783505	0.06	189.84	7.94	-0.08	0.09	7.12	-1.5	-0.2	4.61	0	0	0	172.5	27	0	203
0.0751505154639175	0.06	190.24	8	-0.09	0.09	7.19	-1.64	-0.19	4.59	0	0	0	172.5	27	0	189
0.0746515463917526	0.0595876288659794	189.16	8.13	-0.09	0.09	7.2	-1.64	-0.19	4.58	0	0	0	171	26.5	0	179
0.0740907216494845	0.0595876288659794	187.81	8.14	-0.09	0.09	7.27	-1.63	-0.18	4.56	0	0	0	170	25.5	0	172
0.0736494845360825	0.0595876288659794	186.74	8.14	-0.1	0.08	7.32	-1.63	-0.17	4.54	0	0	0	169.5	25	0	167
0.0729690721649485	0.0583505154639175	184.98	8.03	-0.08	0.09	7.41	-1.63	-0.16	4.51	0	0	0	167.5	26	0	164
0.0718103092783505	0.0575257731958763	182.07	7.93	-0.09	0.09	7.52	-1.63	-0.14	4.45	0	0	0	165	25.5	0	152
0.0711670103092783	0.057319587628866	180.51	7.93	-0.09	0.09	7.56	-1.63	-0.14	4.4	0	0	0	164	25	0	147
0.0706886597938144	0.0569072164948454	179.26	7.84	-0.09	0.09	7.59	-1.63	-0.14	4.37	0	0	0	163.5	25.5	0	145
0.0697773195876289	0.0564948453608247	177.03	7.82	-0.11	0.08	7.64	-1.63	-0.14	4.31	0	0	0	162	25	0	139
0.0688164948453608	0.0554639175257732	174.6	7.72	-0.1	0.09	7.64	-1.62	-0.13	4.25	0	0	0	158.5	24	0	132
0.0681814432989691	0.0548453608247423	173.05	7.71	-0.1	0.08	7.64	-1.62	-0.14	4.21	0	0	0	157.5	24.5	0	128
0.0674680412371134	0.0544329896907216	171.22	7.61	-0.09	0.09	7.61	-1.61	-0.14	4.16	0	0	0	156	24	0	124
0.0669072164948454	0.054020618556701	169.87	7.62	-0.09	0.09	7.59	-1.61	-0.14	4.12	0	0	0	154.5	23.5	0	120
0.0661979381443299	0.0538144329896907	168.03	7.5	-0.09	0.09	7.54	-1.6	-0.14	4.07	0	0	0	153.5	23	0	117
0.0651051546391753	0.0527835051546392	165.32	7.44	-0.09	0.09	7.46	-1.59	-0.15	4.01	0	0	0	151	23	0	110
0.0637731958762886	0.0517525773195876	161.95	7.3	-0.08	0.09	7.32	-1.6	-0.16	3.92	0	0	0	148.5	23	0	100
0.0629360824742268	0.0505154639175258	159.92	7.3	-0.09	0.09	7.25	-1.58	-0.17	3.87	0	0	0	145.5	23	0	95
0.0616618556701031	0.0501030927835052	156.73	7.2	-0.09	0.09	7.13	-1.57	-0.18	3.79	0	0	0	143.5	22	0	87
0.060119587628866	0.0488659793814433	152.88	7.09	-0.09	0.09	7	-1.56	-0.18	3.67	0	0	0	140	21.5	0	81
0.0592164948453608	0.0482474226804124	150.58	6.98	-0.08	0.09	6.91	-1.55	-0.19	3.61	0	0	0	137.5	20.5	0	75
0.0580288659793814	0.0476288659793814	147.59	6.87	-0.1	0.1	6.79	-1.52	-0.19	3.51	0	0	0	135.5	20	0	71
0.0570762886597938	0.0470103092783505	145.18	6.77	-0.09	0.09	6.67	-1.53	-0.19	3.45	0	0	0	133	19	0	64
0.0562474226804124	0.0465979381443299	143.16	6.76	-0.09	0.09	6.56	-1.52	-0.2	3.4	0	0	0	131.5	18.5	0	63
0.0545484536082474	0.0445360824742268	138.84	6.56	-0.09	0.09	6.29	-1.5	-0.21	3.27	0	0	0	127	19	0	54
0.0512247422680412	0.0414432989690722	130.57	6.35	-0.08	0.1	5.86	-1.46	-0.22	3.04	0	0	0	119.5	19	0	50
0.0486103092783505	0.0395876288659794	123.91	6.03	-0.09	0.09	5.55	-1.43	-0.23	2.86	0	0	0	114	18	0	47
0.0462020618556701	0.0375257731958763	117.86	5.82	-0.09	0.09	5.19	-1.39	-0.24	2.69	0	0	0	108.5	17.5	0	39
0.0442762886597938	0.0360824742268041	112.97	5.6	-0.09	0.08	4.9	-1.36	-0.26	2.56	0	0	0	104	16.5	0	36
0.0434432989690722	0.0352577319587629	110.85	5.5	-0.08	0.09	4.75	-1.35	-0.29	2.5	0	0	0	102	16.5	0	31
0.0422474226804124	0.0344329896907217	107.85	5.4	-0.05	0.09	4.54	-1.33	-0.3	2.44	0	0	0	99	15.5	0	27
0.0408659793814433	0.0336082474226804	104.39	5.29	-0.03	0.08	4.25	-1.31	-0.33	2.34	0	0	0	96.5	15	0	18
0.0394474226804124	0.0325773195876289	100.8	5.14	-0.01	0.09	4.03	-1.29	-0.35	2.26	0	0	0	93	14	0	15
0.0382845360824742	0.0319587628865979	97.81	4.97	-0.01	0.09	3.85	-1.27	-0.37	2.2	0	0	0	90	12.5	0	9
0.0364907216494845	0.0305154639175258	93.36	4.87	0	0.09	3.6	-1.26	-0.38	2.07	0	0	0	86	12	0	12
0.0349773195876289	0.0290721649484536	89.57	4.75	0	0.09	3.41	-1.24	-0.39	1.99	0	0	0	82.5	12	0	3
0.0337773195876289	0.0284536082474227	86.55	4.64	0.01	0.07	3.21	-1.24	-0.42	1.93	0	0	0	80	11	0	0
