## NFILE T1 T2 CB1 CB2 P1 P2 RWALL1 RWALL2 XMAX1 XMAX2 GMAX1 GMAX2 YMAX1 YMAX2 CEMAX1 CEMAX2
 1    0.10596E+01    0.45658E+00    0.50000E-01    0.77545E-01    0.17682E+01    0.11877E+01    0.97022E+01    0.65171E+01    0.20001E+03    0.24083E+02    0.72730E+00    0.96333E-01    0.23365E+03    0.68255E+02    0.54755E+02    0.20298E+02
 2    0.75304E+00    0.32641E+00    0.10000E+00    0.15020E+00    0.35365E+01    0.23005E+01    0.19404E+02    0.12623E+02    0.20002E+03    0.28257E+02    0.72734E+00    0.11303E+00    0.16291E+03    0.65454E+02    0.16285E+03    0.40782E+02
 3    0.61699E+00    0.26845E+00    0.15000E+00    0.22053E+00    0.53047E+01    0.33777E+01    0.29107E+02    0.18534E+02    0.20001E+03    0.19714E+02    0.72730E+00    0.78857E-01    0.14345E+03    0.43998E+02    0.41507E+03    0.11070E+03
 4    0.53576E+00    0.23376E+00    0.20000E+00    0.28929E+00    0.70729E+01    0.44309E+01    0.38809E+02    0.24312E+02    0.20000E+03    0.65856E+01    0.72729E+00    0.26342E-01    0.12267E+03    0.42232E+02    0.43030E+03    0.11912E+03
 5    0.43915E+00    0.19234E+00    0.30000E+00    0.42400E+00    0.10609E+02    0.64942E+01    0.58213E+02    0.35633E+02    0.11915E+02    0.90124E+01    0.43328E-01    0.36050E-01    0.88711E+02    0.57750E+02    0.75536E+03    0.28609E+03
 6    0.38152E+00    0.16758E+00    0.40000E+00    0.55503E+00    0.14146E+02    0.85012E+01    0.77618E+02    0.46646E+02    0.12007E+02    0.10143E+02    0.43661E-01    0.40574E-01    0.95958E+02    0.70731E+02    0.97396E+03    0.26349E+03
 7    0.34211E+00    0.15060E+00    0.50000E+00    0.68371E+00    0.17682E+02    0.10472E+02    0.97022E+02    0.57460E+02    0.11705E+02    0.11477E+02    0.42565E-01    0.45908E-01    0.92198E+02    0.68669E+02    0.10674E+04    0.37838E+03
 8    0.31297E+00    0.13802E+00    0.60000E+00    0.81055E+00    0.21219E+02    0.12415E+02    0.11643E+03    0.68120E+02    0.20067E+02    0.62232E+01    0.72970E-01    0.24893E-01    0.98722E+02    0.55167E+02    0.12280E+04    0.23469E+03
 9    0.29029E+00    0.12821E+00    0.70000E+00    0.93590E+00    0.24755E+02    0.14335E+02    0.13583E+03    0.78655E+02    0.82144E+01    0.11873E+02    0.29871E-01    0.47493E-01    0.90561E+02    0.84644E+02    0.12810E+04    0.52640E+03
10    0.27199E+00    0.12028E+00    0.80000E+00    0.10600E+01    0.28292E+02    0.16236E+02    0.15524E+03    0.89084E+02    0.97993E+01    0.11284E+02    0.35634E-01    0.45135E-01    0.11874E+03    0.73683E+02    0.15945E+04    0.44446E+03
11    0.25680E+00    0.11368E+00    0.90000E+00    0.11830E+01    0.31828E+02    0.18120E+02    0.17464E+03    0.99424E+02    0.10397E+02    0.71440E+01    0.37806E-01    0.28576E-01    0.10991E+03    0.76879E+02    0.15883E+04    0.63935E+03
12    0.24394E+00    0.10809E+00    0.10000E+01    0.13051E+01    0.35365E+02    0.19990E+02    0.19404E+03    0.10969E+03    0.96810E+01    0.63968E+01    0.35204E-01    0.25587E-01    0.11230E+03    0.76988E+02    0.16985E+04    0.67385E+03
