## NFILE T1 T2 CB1 CB2 P1 P2 RWALL1 RWALL2 XMAX1 XMAX2 GMAX1 GMAX2 YMAX1 YMAX2 CEMAX1 CEMAX2
 1    0.10596E+01    0.45658E+00    0.50000E-01    0.77545E-01    0.17682E+01    0.11877E+01    0.97022E+01    0.65171E+01    0.20003E+03    0.10937E+03    0.72738E+00    0.43749E+00    0.25117E+03    0.19411E+03    0.77387E+02    0.18368E+02
 2    0.75304E+00    0.32641E+00    0.10000E+00    0.15020E+00    0.35365E+01    0.23005E+01    0.19404E+02    0.12623E+02    0.20002E+03    0.18711E+02    0.72736E+00    0.74845E-01    0.17035E+03    0.51967E+02    0.23149E+03    0.67207E+02
 3    0.61699E+00    0.26845E+00    0.15000E+00    0.22053E+00    0.53047E+01    0.33777E+01    0.29107E+02    0.18534E+02    0.20002E+03    0.13861E+02    0.72733E+00    0.55444E-01    0.16001E+03    0.44026E+02    0.32704E+03    0.10146E+03
 4    0.53576E+00    0.23376E+00    0.20000E+00    0.28929E+00    0.70729E+01    0.44309E+01    0.38809E+02    0.24312E+02    0.20001E+03    0.95338E+01    0.72730E+00    0.38135E-01    0.13015E+03    0.37347E+02    0.30154E+03    0.10554E+03
 5    0.43915E+00    0.19234E+00    0.30000E+00    0.42400E+00    0.10609E+02    0.64942E+01    0.58213E+02    0.35633E+02    0.25864E+02    0.78837E+01    0.94051E-01    0.31535E-01    0.96224E+02    0.38411E+02    0.87927E+03    0.20574E+03
 6    0.38152E+00    0.16758E+00    0.40000E+00    0.55503E+00    0.14146E+02    0.85012E+01    0.77618E+02    0.46646E+02    0.18862E+02    0.45536E+01    0.68589E-01    0.18214E-01    0.89240E+02    0.31650E+02    0.98920E+03    0.17315E+03
 7    0.34211E+00    0.15060E+00    0.50000E+00    0.68371E+00    0.17682E+02    0.10472E+02    0.97022E+02    0.57460E+02    0.10304E+02    0.12133E+02    0.37470E-01    0.48531E-01    0.64911E+02    0.57419E+02    0.78734E+03    0.23941E+03
 8    0.31297E+00    0.13802E+00    0.60000E+00    0.81055E+00    0.21219E+02    0.12415E+02    0.11643E+03    0.68120E+02    0.82681E+01    0.30231E+01    0.30066E-01    0.12092E-01    0.74738E+02    0.40927E+02    0.91379E+03    0.12978E+03
 9    0.29029E+00    0.12821E+00    0.70000E+00    0.93590E+00    0.24755E+02    0.14335E+02    0.13583E+03    0.78655E+02    0.82307E+01    0.48114E+01    0.29930E-01    0.19246E-01    0.74820E+02    0.50423E+02    0.80942E+03    0.24984E+03
10    0.27199E+00    0.12028E+00    0.80000E+00    0.10600E+01    0.28292E+02    0.16236E+02    0.15524E+03    0.89084E+02    0.69744E+01    0.61324E+01    0.25361E-01    0.24530E-01    0.68147E+02    0.44368E+02    0.75735E+03    0.16693E+03
11    0.25680E+00    0.11368E+00    0.90000E+00    0.11830E+01    0.31828E+02    0.18120E+02    0.17464E+03    0.99424E+02    0.60944E+01    0.79458E+01    0.22162E-01    0.31783E-01    0.70890E+02    0.56493E+02    0.61143E+03    0.23236E+03
12    0.24394E+00    0.10809E+00    0.10000E+01    0.13051E+01    0.35365E+02    0.19990E+02    0.19404E+03    0.10969E+03    0.65683E+01    0.43576E+01    0.23885E-01    0.17430E-01    0.56809E+02    0.49347E+02    0.43530E+03    0.20920E+03
