## NFILE T1 T2 CB1 CB2 P1 P2 RWALL1 RWALL2 XMAX1 XMAX2 GMAX1 GMAX2 YMAX1 YMAX2 CEMAX1 CEMAX2
 1    0.10595E+01    0.48996E+00    0.50000E-01    0.72884E-01    0.14185E+01    0.79919E+00    0.77833E+01    0.43851E+01    0.20007E+03    0.16221E+03    0.72754E+00    0.64884E+00    0.27927E+03    0.31667E+03    0.72600E+02    0.13890E+02
 2    0.75344E+00    0.35050E+00    0.10000E+00    0.14083E+00    0.28370E+01    0.15442E+01    0.15567E+02    0.84728E+01    0.21533E+02    0.20002E+03    0.78304E-01    0.80009E+00    0.78440E+02    0.24377E+03    0.18069E+03    0.38863E+02
 3    0.61757E+00    0.28838E+00    0.15000E+00    0.20642E+00    0.42555E+01    0.22634E+01    0.23350E+02    0.12419E+02    0.15505E+02    0.96302E+01    0.56380E-01    0.38521E-01    0.83819E+02    0.43005E+02    0.26188E+03    0.82852E+02
 4    0.53645E+00    0.25119E+00    0.20000E+00    0.27043E+00    0.56740E+01    0.29653E+01    0.31133E+02    0.16271E+02    0.11351E+02    0.89275E+01    0.41277E-01    0.35710E-01    0.78783E+02    0.44300E+02    0.31796E+03    0.10995E+03
 5    0.44004E+00    0.20685E+00    0.30000E+00    0.39514E+00    0.85110E+01    0.43328E+01    0.46700E+02    0.23774E+02    0.14248E+02    0.70784E+01    0.51810E-01    0.28314E-01    0.78106E+02    0.46749E+02    0.37463E+03    0.13113E+03
 6    0.38236E+00    0.18020E+00    0.40000E+00    0.51717E+00    0.11348E+02    0.56708E+01    0.62266E+02    0.31116E+02    0.21958E+02    0.73462E+01    0.79848E-01    0.29385E-01    0.94099E+02    0.45939E+02    0.50003E+03    0.15320E+03
 7    0.34299E+00    0.16199E+00    0.50000E+00    0.63626E+00    0.14185E+02    0.69767E+01    0.77833E+02    0.38281E+02    0.15056E+02    0.90564E+01    0.54747E-01    0.36226E-01    0.78296E+02    0.42087E+02    0.55507E+03    0.17208E+03
 8    0.31387E+00    0.14849E+00    0.60000E+00    0.75349E+00    0.17022E+02    0.82621E+01    0.93400E+02    0.45334E+02    0.19068E+02    0.11141E+02    0.69339E-01    0.44565E-01    0.72234E+02    0.37166E+02    0.48174E+03    0.16527E+03
 9    0.29121E+00    0.13796E+00    0.70000E+00    0.86920E+00    0.19859E+02    0.95309E+01    0.10897E+03    0.52296E+02    0.16757E+02    0.10077E+02    0.60935E-01    0.40307E-01    0.67241E+02    0.35513E+02    0.47567E+03    0.16829E+03
10    0.27291E+00    0.12945E+00    0.80000E+00    0.98366E+00    0.22696E+02    0.10786E+02    0.12453E+03    0.59182E+02    0.13970E+02    0.89305E+01    0.50800E-01    0.35722E-01    0.59912E+02    0.32346E+02    0.44637E+03    0.16665E+03
11    0.25773E+00    0.12237E+00    0.90000E+00    0.10970E+01    0.25533E+02    0.12029E+02    0.14010E+03    0.66003E+02    0.12248E+02    0.20704E+01    0.44538E-01    0.82818E-02    0.55745E+02    0.25947E+02    0.51754E+03    0.43746E+02
12    0.24487E+00    0.11637E+00    0.10000E+01    0.12095E+01    0.28370E+02    0.13262E+02    0.15567E+03    0.72768E+02    0.53850E+01    0.18135E+01    0.19582E-01    0.72539E-02    0.34730E+02    0.28363E+02    0.34850E+03    0.56269E+02
