## NFILE T1 T2 CB1 CB2 P1 P2 RWALL1 RWALL2 XMAX1 XMAX2 GMAX1 GMAX2 YMAX1 YMAX2 CEMAX1 CEMAX2
 1    0.10777E+01    0.47284E+00    0.50000E-01    0.69891E-01    0.17682E+01    0.10705E+01    0.97022E+01    0.58737E+01    0.16650E+03    0.20001E+03    0.60544E+00    0.80006E+00    0.25566E+03    0.37238E+03    0.89176E+02    0.18534E+02
 2    0.76630E+00    0.33782E+00    0.10000E+00    0.13542E+00    0.35365E+01    0.20742E+01    0.19404E+02    0.11381E+02    0.15355E+02    0.20004E+03    0.55838E-01    0.80018E+00    0.76883E+02    0.24265E+03    0.21255E+03    0.48862E+02
 3    0.62806E+00    0.27771E+00    0.15000E+00    0.19887E+00    0.53047E+01    0.30460E+01    0.29107E+02    0.16713E+02    0.13947E+02    0.20006E+03    0.50715E-01    0.80026E+00    0.82844E+02    0.21087E+03    0.30852E+03    0.87189E+02
 4    0.54551E+00    0.24174E+00    0.20000E+00    0.26091E+00    0.70729E+01    0.39963E+01    0.38809E+02    0.21928E+02    0.20004E+03    0.59443E+01    0.72743E+00    0.23777E-01    0.11527E+03    0.33238E+02    0.28976E+03    0.82806E+02
 5    0.44741E+00    0.19888E+00    0.30000E+00    0.38205E+00    0.10609E+02    0.58517E+01    0.58213E+02    0.32108E+02    0.11277E+02    0.13979E+02    0.41008E-01    0.55916E-01    0.86046E+02    0.61320E+02    0.48543E+03    0.22087E+03
 6    0.38871E+00    0.17315E+00    0.40000E+00    0.50081E+00    0.14146E+02    0.76707E+01    0.77618E+02    0.42089E+02    0.13300E+02    0.10100E+02    0.48364E-01    0.40401E-01    0.82235E+02    0.57024E+02    0.53202E+03    0.23361E+03
 7    0.34865E+00    0.15557E+00    0.50000E+00    0.61695E+00    0.17682E+02    0.94496E+01    0.97022E+02    0.51850E+02    0.14113E+02    0.98617E+01    0.51321E-01    0.39447E-01    0.77222E+02    0.46681E+02    0.65288E+03    0.25536E+03
 8    0.31902E+00    0.14254E+00    0.60000E+00    0.73142E+00    0.21219E+02    0.11203E+02    0.11643E+03    0.61470E+02    0.18050E+02    0.11883E+02    0.65635E-01    0.47533E-01    0.70344E+02    0.38906E+02    0.57412E+03    0.23181E+03
 9    0.29596E+00    0.13238E+00    0.70000E+00    0.84455E+00    0.24755E+02    0.12936E+02    0.13583E+03    0.70978E+02    0.16034E+02    0.10729E+02    0.58304E-01    0.42914E-01    0.66012E+02    0.37537E+02    0.57107E+03    0.23859E+03
10    0.27734E+00    0.12417E+00    0.80000E+00    0.95655E+00    0.28292E+02    0.14651E+02    0.15524E+03    0.80390E+02    0.13525E+02    0.94561E+01    0.49181E-01    0.37825E-01    0.59201E+02    0.34379E+02    0.53849E+03    0.23490E+03
11    0.26189E+00    0.11735E+00    0.90000E+00    0.10676E+01    0.31828E+02    0.16352E+02    0.17464E+03    0.89722E+02    0.10918E+02    0.79431E+01    0.39701E-01    0.31773E-01    0.51210E+02    0.29724E+02    0.50955E+03    0.21464E+03
12    0.24881E+00    0.11156E+00    0.10000E+01    0.11778E+01    0.35365E+02    0.18040E+02    0.19404E+03    0.98983E+02    0.54620E+01    0.18734E+01    0.19862E-01    0.74936E-02    0.34836E+02    0.27798E+02    0.44213E+03    0.79187E+02
