## NFILE T1 T2 CB1 CB2 P1 P2 RWALL1 RWALL2 XMAX1 XMAX2 GMAX1 GMAX2 YMAX1 YMAX2 CEMAX1 CEMAX2
 1    0.10596E+01    0.45658E+00    0.50000E-01    0.77545E-01    0.24031E+01    0.16142E+01    0.13186E+02    0.88569E+01    0.20008E+03    0.15865E+03    0.72756E+00    0.63459E+00    0.26719E+03    0.30244E+03    0.94404E+02    0.25195E+02
 2    0.75304E+00    0.32641E+00    0.10000E+00    0.15020E+00    0.48062E+01    0.31265E+01    0.26371E+02    0.17155E+02    0.12228E+02    0.55284E+01    0.44466E-01    0.22114E-01    0.65965E+02    0.29463E+02    0.23983E+03    0.66143E+02
 3    0.61699E+00    0.26845E+00    0.15000E+00    0.22053E+00    0.72093E+01    0.45905E+01    0.39557E+02    0.25188E+02    0.11394E+02    0.60954E+01    0.41434E-01    0.24382E-01    0.69180E+02    0.32403E+02    0.29001E+03    0.95580E+02
 4    0.53576E+00    0.23376E+00    0.20000E+00    0.28929E+00    0.96124E+01    0.60218E+01    0.52743E+02    0.33041E+02    0.92765E+01    0.65007E+01    0.33733E-01    0.26003E-01    0.68224E+02    0.34579E+02    0.40472E+03    0.13824E+03
 5    0.43915E+00    0.19234E+00    0.30000E+00    0.42400E+00    0.14419E+02    0.88259E+01    0.79114E+02    0.48427E+02    0.92842E+01    0.95976E+01    0.33761E-01    0.38391E-01    0.65458E+02    0.57923E+02    0.51753E+03    0.17124E+03
 6    0.38152E+00    0.16758E+00    0.40000E+00    0.55503E+00    0.19225E+02    0.11553E+02    0.10549E+03    0.63394E+02    0.11358E+02    0.16011E+02    0.41301E-01    0.64043E-01    0.71882E+02    0.57477E+02    0.59442E+03    0.21285E+03
 7    0.34211E+00    0.15060E+00    0.50000E+00    0.68371E+00    0.24031E+02    0.14232E+02    0.13186E+03    0.78091E+02    0.15749E+02    0.79978E+01    0.57270E-01    0.31991E-01    0.62343E+02    0.28428E+02    0.57800E+03    0.16971E+03
 8    0.31297E+00    0.13802E+00    0.60000E+00    0.81055E+00    0.28837E+02    0.16872E+02    0.15823E+03    0.92578E+02    0.13570E+02    0.73508E+01    0.49347E-01    0.29403E-01    0.58410E+02    0.26854E+02    0.58513E+03    0.18163E+03
 9    0.29029E+00    0.12821E+00    0.70000E+00    0.93590E+00    0.33643E+02    0.19482E+02    0.18460E+03    0.10689E+03    0.13134E+02    0.19345E+01    0.47761E-01    0.77380E-02    0.57982E+02    0.22216E+02    0.65370E+03    0.49366E+02
10    0.27199E+00    0.12028E+00    0.80000E+00    0.10600E+01    0.38450E+02    0.22065E+02    0.21097E+03    0.12107E+03    0.59323E+01    0.18481E+01    0.21572E-01    0.73923E-02    0.36616E+02    0.18767E+02    0.44823E+03    0.80633E+02
11    0.25680E+00    0.11368E+00    0.90000E+00    0.11830E+01    0.43256E+02    0.24626E+02    0.23734E+03    0.13512E+03    0.23144E+01    0.19617E+01    0.84162E-02    0.78467E-02    0.32061E+02    0.24654E+02    0.32113E+03    0.11020E+03
12    0.24394E+00    0.10809E+00    0.10000E+01    0.13051E+01    0.48062E+02    0.27168E+02    0.26371E+03    0.14907E+03    0.21011E+01    0.17509E+01    0.76402E-02    0.70034E-02    0.28525E+02    0.21993E+02    0.24428E+03    0.10558E+03
