## NFILE T1 T2 CB1 CB2 P1 P2 RWALL1 RWALL2 XMAX1 XMAX2 GMAX1 GMAX2 YMAX1 YMAX2 CEMAX1 CEMAX2
 1    0.10596E+01    0.45658E+00    0.50000E-01    0.77545E-01    0.15351E+01    0.10312E+01    0.84232E+01    0.56579E+01    0.20007E+03    0.15863E+03    0.72752E+00    0.63450E+00    0.26717E+03    0.30240E+03    0.60306E+02    0.16095E+02
 2    0.75304E+00    0.32641E+00    0.10000E+00    0.15020E+00    0.30702E+01    0.19973E+01    0.16846E+02    0.10959E+02    0.12228E+02    0.55284E+01    0.44466E-01    0.22114E-01    0.65965E+02    0.29463E+02    0.15320E+03    0.42252E+02
 3    0.61699E+00    0.26845E+00    0.15000E+00    0.22053E+00    0.46054E+01    0.29324E+01    0.25269E+02    0.16090E+02    0.11394E+02    0.60954E+01    0.41434E-01    0.24382E-01    0.69180E+02    0.32403E+02    0.18526E+03    0.61058E+02
 4    0.53576E+00    0.23376E+00    0.20000E+00    0.28929E+00    0.61405E+01    0.38468E+01    0.33693E+02    0.21107E+02    0.92765E+01    0.65007E+01    0.33733E-01    0.26003E-01    0.68224E+02    0.34579E+02    0.25853E+03    0.88310E+02
 5    0.43915E+00    0.19234E+00    0.30000E+00    0.42400E+00    0.92107E+01    0.56380E+01    0.50539E+02    0.30936E+02    0.92842E+01    0.95976E+01    0.33761E-01    0.38391E-01    0.65458E+02    0.57923E+02    0.33061E+03    0.10939E+03
 6    0.38152E+00    0.16758E+00    0.40000E+00    0.55503E+00    0.12281E+02    0.73805E+01    0.67385E+02    0.40496E+02    0.11358E+02    0.16011E+02    0.41301E-01    0.64043E-01    0.71882E+02    0.57477E+02    0.37972E+03    0.13597E+03
 7    0.34211E+00    0.15060E+00    0.50000E+00    0.68371E+00    0.15351E+02    0.90915E+01    0.84232E+02    0.49885E+02    0.15749E+02    0.79978E+01    0.57270E-01    0.31991E-01    0.62343E+02    0.28428E+02    0.36922E+03    0.10842E+03
 8    0.31297E+00    0.13802E+00    0.60000E+00    0.81055E+00    0.18421E+02    0.10778E+02    0.10108E+03    0.59140E+02    0.13570E+02    0.73508E+01    0.49347E-01    0.29403E-01    0.58410E+02    0.26854E+02    0.37379E+03    0.11603E+03
 9    0.29029E+00    0.12821E+00    0.70000E+00    0.93590E+00    0.21492E+02    0.12445E+02    0.11792E+03    0.68285E+02    0.13134E+02    0.19345E+01    0.47761E-01    0.77380E-02    0.57982E+02    0.22216E+02    0.41759E+03    0.31535E+02
10    0.27199E+00    0.12028E+00    0.80000E+00    0.10600E+01    0.24562E+02    0.14095E+02    0.13477E+03    0.77340E+02    0.59323E+01    0.18481E+01    0.21572E-01    0.73923E-02    0.36616E+02    0.18767E+02    0.28634E+03    0.51511E+02
11    0.25680E+00    0.11368E+00    0.90000E+00    0.11830E+01    0.27632E+02    0.15731E+02    0.15162E+03    0.86317E+02    0.23144E+01    0.19617E+01    0.84162E-02    0.78467E-02    0.32061E+02    0.24654E+02    0.20514E+03    0.70395E+02
12    0.24394E+00    0.10809E+00    0.10000E+01    0.13051E+01    0.30702E+02    0.17355E+02    0.16846E+03    0.95226E+02    0.21011E+01    0.17509E+01    0.76402E-02    0.70034E-02    0.28525E+02    0.21993E+02    0.15605E+03    0.67447E+02
