#Data to draw Envelope
#P gamma2 gamma1 u2 u1 load/m2 load/m1
0.0 0.0 0.0 0.0 0.0 0.0 0.0
 1.26 7.609e-04 8.491e-04  0.18  0.22 6.806e-01 5.596e-01
 2.22 1.304e-03 2.264e-03  0.30  0.60 1.199e+00 9.860e-01
 3.61 2.283e-03 4.717e-03  0.52  1.25 1.950e+00 1.603e+00
#3.61 2.174e-03 5.377e-03  0.50  1.42 1.950e+00 1.603e+00
 5.01 3.043e-03 8.491e-03  0.70  2.25 2.706e+00 2.225e+00
 6.42 7.500e-03 1.292e-02  1.72  3.43 3.468e+00 2.851e+00
 7.39 1.120e-02 1.774e-02  2.58  4.70 3.992e+00 3.282e+00
 8.00 1.391e-02 2.075e-02  3.20  5.50 4.322e+00 3.553e+00
 9.52 2.348e-02 3.151e-02  5.40  8.35 5.143e+00 4.228e+00
10.29 2.913e-02 3.868e-02  6.70 10.25 5.559e+00 4.570e+00
10.72 3.446e-02 4.585e-02  7.92 12.15 5.791e+00 4.761e+00
