#荷重〜変位 ファイル名:tsuji.txt
#step load d1a d2a d3a d1b d2b d3b Cb
 26  0.60 3.241e-01 2.665e-01 -0.00  0.05 -0.00 -0.05 -0.10 -0.20 2.621e-02
 27  0.59 3.187e-01 2.620e-01 -0.00 -0.00 -0.00  0.10 -0.05 -0.20 2.578e-02
 28  0.81 4.376e-01 3.597e-01 -0.00  0.05 -0.00  0.20 -0.05 -0.20 3.539e-02
 29  1.00 5.402e-01 4.441e-01 -0.00 -0.00 -0.00  0.35  0.05 -0.20 4.369e-02
 30  1.26 6.806e-01 5.596e-01 -0.00 -0.00 -0.00  0.60  0.25 -0.20 5.505e-02
 31  1.50 8.103e-01 6.662e-01 -0.00  0.05 -0.05  0.80  0.40 -0.25 6.553e-02
 32  1.75 9.453e-01 7.772e-01 -0.00  0.05 -0.00  1.10  0.55 -0.25 7.645e-02
 33  2.01 1.086e+00 8.927e-01 -0.00  0.05 -0.05  1.35  0.70 -0.25 8.781e-02
 34  1.90 1.026e+00 8.438e-01 -0.00  0.05 -0.05  1.35  0.65 -0.20 8.301e-02
 35  1.87 1.010e+00 8.305e-01 -0.00  0.05 -0.05  1.35  0.75 -0.20 8.170e-02
 36  2.02 1.091e+00 8.971e-01 -0.00  0.05 -0.05  1.40  0.80 -0.25 8.825e-02
 37  2.22 1.199e+00 9.860e-01 -0.00  0.10 -0.00  1.60  0.90 -0.20 9.699e-02
 38  2.42 1.307e+00 1.075e+00 -0.00  0.10 -0.05  1.80  1.00 -0.20 1.057e-01
 39  2.61 1.410e+00 1.159e+00 -0.00  0.05 -0.05  2.05  1.20 -0.20 1.140e-01
 40  2.81 1.518e+00 1.248e+00 -0.00  0.15 -0.00  2.30  1.35 -0.20 1.228e-01
 41  3.02 1.631e+00 1.341e+00 -0.00  0.10 -0.00  2.50  1.55 -0.20 1.319e-01
 42  2.83 1.529e+00 1.257e+00 -0.00  0.15 -0.00  2.70  1.65 -0.20 1.236e-01
 43  2.48 1.340e+00 1.101e+00 -0.00  0.15 -0.00  2.70  1.65 -0.20 1.083e-01
 44  1.99 1.075e+00 8.838e-01 -0.00  0.20 -0.00  2.55  1.55 -0.20 8.694e-02
 45  1.50 8.103e-01 6.662e-01 -0.00  0.20 -0.05  2.30  1.40 -0.20 6.553e-02
 46  1.00 5.402e-01 4.441e-01 -0.00  0.10 -0.00  2.00  1.20 -0.15 4.369e-02
 47  0.50 2.701e-01 2.221e-01 -0.00  0.15 -0.05  1.50  0.85 -0.15 2.184e-02
 48  1.02 5.510e-01 4.530e-01 -0.00  0.15 -0.00  1.65  0.95 -0.20 4.456e-02
 49  1.51 8.157e-01 6.706e-01 -0.00  0.15 -0.00  1.90  1.05 -0.15 6.597e-02
 50  2.02 1.091e+00 8.971e-01 -0.00  0.10 -0.00  2.15  1.30 -0.20 8.825e-02
 51  2.53 1.367e+00 1.124e+00 -0.00  0.15 -0.00  2.45  1.50 -0.20 1.105e-01
 52  3.00 1.621e+00 1.332e+00 -0.00  0.15 -0.00  2.75  1.65 -0.20 1.311e-01
 53  3.21 1.734e+00 1.426e+00 -0.00  0.20 -0.00  2.95  1.80 -0.20 1.402e-01
 54  3.41 1.842e+00 1.514e+00 -0.00  0.20 -0.00  3.10  1.95 -0.15 1.490e-01
 55  3.61 1.950e+00 1.603e+00 -0.00  0.20 -0.00  3.35  2.10 -0.20 1.577e-01
 56  3.46 1.869e+00 1.537e+00 -0.00  0.20 -0.05  3.60  2.25 -0.30 1.512e-01
 57  3.43 1.853e+00 1.523e+00 -0.00  0.25 -0.05  3.45  2.25 -0.30 1.498e-01
 58  3.61 1.950e+00 1.603e+00 -0.00  0.25 -0.00  3.55  2.30 -0.30 1.577e-01
 59  3.80 2.053e+00 1.688e+00 -0.00  0.25 -0.00  3.70  2.40 -0.30 1.660e-01
 60  4.00 2.161e+00 1.777e+00 -0.00  0.25 -0.00  3.90  2.55 -0.30 1.747e-01
 61  4.21 2.274e+00 1.870e+00 -0.00  0.30 -0.05  4.25  2.80 -0.30 1.839e-01
 62  4.21 2.274e+00 1.870e+00 -0.00  0.30 -0.05  4.35  2.90 -0.30 1.839e-01
 63  4.42 2.388e+00 1.963e+00 -0.00  0.30 -0.00  4.60  3.05 -0.30 1.931e-01
 64  4.61 2.490e+00 2.047e+00 -0.00  0.30 -0.05  4.95  3.30 -0.30 2.014e-01
 65  4.81 2.598e+00 2.136e+00 -0.00  0.40 -0.00  5.30  3.60 -0.25 2.101e-01
 66  5.01 2.706e+00 2.225e+00 -0.00  0.40 -0.00  5.70  3.90 -0.20 2.189e-01
 67  4.78 2.582e+00 2.123e+00 -0.00  0.40 -0.00  6.30  4.15 -0.20 2.088e-01
 68  4.78 2.582e+00 2.123e+00 -0.00  0.40 -0.00  6.30  4.15 -0.20 2.088e-01
 69  5.23 2.825e+00 2.323e+00 -0.00  0.45 -0.00  6.60  4.40 -0.20 2.285e-01
 70  5.40 2.917e+00 2.398e+00 -0.00  0.45 -0.05  6.85  4.60 -0.20 2.359e-01
 71  5.23 2.825e+00 2.323e+00  0.45  0.50  0.05  7.10  4.70 -0.15 2.285e-01
 72  5.20 2.809e+00 2.309e+00  0.40  0.50  0.05  7.05  4.75 -0.10 2.272e-01
 73  5.41 2.922e+00 2.403e+00  0.45  0.45  0.05  7.20  4.80 -0.10 2.363e-01
 74  5.61 3.030e+00 2.492e+00  0.55  0.50  0.05  7.40  4.95 -0.10 2.451e-01
 75  5.79 3.128e+00 2.572e+00  0.65  0.50 -0.00  7.75  5.25 -0.10 2.529e-01
 76  6.01 3.247e+00 2.669e+00  0.85  0.55 -0.00  8.20  5.60 -0.10 2.626e-01
 77  6.20 3.349e+00 2.754e+00  1.00  0.60  0.05  8.65  5.90 -0.00 2.709e-01
 78  6.42 3.468e+00 2.851e+00  1.20  0.65  0.05  9.20  6.30  0.05 2.805e-01
 79  6.08 3.284e+00 2.700e+00  1.40  0.70  0.05  9.80  6.85  0.05 2.656e-01
 80  6.42 3.468e+00 2.851e+00  1.45  0.70  0.05  9.95  6.95  0.10 2.805e-01
 81  6.31 3.409e+00 2.802e+00  1.45  0.75 -0.00 10.00  7.00  0.10 2.757e-01
 82  6.60 3.565e+00 2.931e+00  1.60  0.75  0.05 10.25  7.15  0.10 2.883e-01
 83  6.80 3.673e+00 3.020e+00  1.80  0.80 -0.00 10.75  7.50  0.15 2.971e-01
 84  6.99 3.776e+00 3.104e+00  2.00  0.85 -0.00 11.20  7.80  0.20 3.054e-01
 85  7.22 3.900e+00 3.207e+00  2.25  0.90 -0.00 11.85  8.30  0.20 3.154e-01
 86  7.39 3.992e+00 3.282e+00  2.45  1.00 -0.00 12.35  8.65  0.25 3.228e-01
 87  7.43 4.014e+00 3.300e+00  2.50  1.00 -0.00 12.55  8.80  0.30 3.246e-01
 88  7.61 4.111e+00 3.380e+00  2.80  1.05 -0.00 13.20  9.30  0.30 3.325e-01
 89  7.83 4.230e+00 3.478e+00  3.00  1.10 -0.00 13.85  9.70  0.30 3.421e-01
 90  8.00 4.322e+00 3.553e+00  3.25  1.15 -0.00 14.50 10.20  0.35 3.495e-01
 91  7.52 4.062e+00 3.340e+00  3.50  1.25  0.05 15.10 10.55  0.30 3.285e-01
 92  1.58 8.535e-01 7.017e-01  2.55  1.00  0.05 12.70  8.85  0.15 6.903e-02
 93  3.48 1.880e+00 1.546e+00  2.80  1.10  0.05 13.25  8.95  0.15 1.520e-01
 94  0.44 2.377e-01 1.954e-01  1.40  0.80  0.05  9.55  6.35 -0.00 1.922e-02
 95 -0.08 -4.322e-02 -3.553e-02  0.45  0.65  0.05  6.95  4.60 -0.10 -3.495e-03
 96  0.57 3.079e-01 2.532e-01  0.55  0.65  0.05  7.15  4.60 -0.10 2.490e-02
 97  1.01 5.456e-01 4.486e-01  0.70  0.60 -0.00  7.55  4.80 -0.15 4.412e-02
 98  1.51 8.157e-01 6.706e-01  1.00  0.70  0.05  8.20  5.30 -0.05 6.597e-02
 99  2.01 1.086e+00 8.927e-01  1.30  0.75  0.10  9.05  5.85 -0.10 8.781e-02
100  0.10 5.402e-02 4.441e-02  0.50  0.65  0.10  7.10  4.60 -0.10 4.369e-03
101  1.54 8.319e-01 6.840e-01  1.05  0.75  0.10  8.50  5.45 -0.10 6.728e-02
102  2.05 1.107e+00 9.105e-01  1.30  0.80  0.05  9.00  5.85 -0.10 8.956e-02
103  2.51 1.356e+00 1.115e+00  1.55  0.80  0.05  9.70  6.35 -0.00 1.097e-01
104  3.01 1.626e+00 1.337e+00  1.85  0.90  0.05 10.45  6.85 -0.00 1.315e-01
105  3.51 1.896e+00 1.559e+00  2.05  0.90  0.05 11.15  7.30 -0.00 1.533e-01
106  4.00 2.161e+00 1.777e+00  2.30  1.00  0.05 11.70  7.80  0.05 1.747e-01
107  4.51 2.436e+00 2.003e+00  2.50  1.00  0.05 12.30  8.25  0.10 1.970e-01
108  5.00 2.701e+00 2.221e+00  2.70  1.05  0.05 12.80  8.60  0.10 2.184e-01
109  5.54 2.993e+00 2.460e+00  2.90  1.10  0.05 13.35  9.05  0.15 2.420e-01
110  5.98 3.230e+00 2.656e+00  3.05  1.15  0.05 13.85  9.45  0.20 2.612e-01
111  6.53 3.527e+00 2.900e+00  3.30  1.20  0.05 14.45  9.85  0.20 2.853e-01
112  7.03 3.798e+00 3.122e+00  3.45  1.25 -0.00 14.95 10.25  0.30 3.071e-01
113  7.52 4.062e+00 3.340e+00  3.70  1.30  0.05 15.60 10.75  0.30 3.285e-01
114  7.79 4.208e+00 3.460e+00  3.90  1.35  0.05 16.15 11.10  0.35 3.403e-01
115  8.02 4.332e+00 3.562e+00  4.05  1.40  0.05 16.55 11.40  0.40 3.504e-01
116  8.24 4.451e+00 3.660e+00  4.25  1.45  0.05 16.95 11.80  0.40 3.600e-01
117  7.85 4.240e+00 3.486e+00  4.45  1.50  0.05 17.20 11.95  0.35 3.429e-01
118  7.82 4.224e+00 3.473e+00  4.45  1.50  0.10 17.25 11.95  0.35 3.416e-01
119  7.55 4.078e+00 3.353e+00  4.45  1.50  0.10 17.20 11.95  0.35 3.298e-01
120  6.97 3.765e+00 3.096e+00  4.45  1.55  0.05 17.10 11.90  0.40 3.045e-01
121  5.75 3.106e+00 2.554e+00  4.35  1.50  0.05 16.75 11.60  0.35 2.512e-01
122  4.97 2.685e+00 2.207e+00  4.25  1.45  0.05 16.50 11.40  0.35 2.171e-01
123  3.99 2.155e+00 1.772e+00  4.00  1.50 -0.00 15.95 10.95  0.30 1.743e-01
124  2.99 1.615e+00 1.328e+00  3.70  1.45  0.05 15.25 10.35  0.20 1.306e-01
125  1.99 1.075e+00 8.838e-01  3.30  1.30  0.05 14.15  9.55  0.20 8.694e-02
126  1.01 5.456e-01 4.486e-01  2.65  1.20  0.10 12.50  8.40  0.10 4.412e-02
127  0.50 2.701e-01 2.221e-01  2.05  1.05  0.05 10.90  7.40  0.05 2.184e-02
128  0.14 7.563e-02 6.218e-02  1.55  0.95  0.05  9.55  6.45 -0.00 6.116e-03
129  0.20 1.080e-01 8.883e-02  1.30  0.90  0.25  9.10  6.00 -0.15 8.737e-03
130  0.20 1.080e-01 8.883e-02  1.35  0.90  0.30  9.10  6.05 -0.15 8.737e-03
131  0.51 2.755e-01 2.265e-01  1.35  0.90  0.30  9.25  6.10 -0.15 2.228e-02
132  1.01 5.456e-01 4.486e-01  1.55  0.95  0.30  9.70  6.40 -0.10 4.412e-02
133  1.45 7.833e-01 6.440e-01  1.80  1.00  0.30 10.25  6.75 -0.10 6.335e-02
134  1.47 7.941e-01 6.529e-01  1.85  1.00  0.30 10.30  6.80 -0.10 6.422e-02
135  2.01 1.086e+00 8.927e-01  2.15  1.00  0.30 11.05  7.30 -0.10 8.781e-02
136  2.52 1.361e+00 1.119e+00  2.45  1.10  0.30 11.90  7.80 -0.05 1.101e-01
137  3.01 1.626e+00 1.337e+00  2.70  1.15  0.30 12.55  8.30 -0.00 1.315e-01
138  3.49 1.885e+00 1.550e+00  2.95  1.20  0.25 13.15  8.75 -0.00 1.525e-01
139  3.48 1.880e+00 1.546e+00  3.00  1.20  0.30 13.15  8.70  0.05 1.520e-01
140  4.04 2.182e+00 1.794e+00  3.20  1.30  0.25 13.75  9.20 -0.00 1.765e-01
141  4.51 2.436e+00 2.003e+00  3.40  1.30  0.25 14.30  9.60  0.05 1.970e-01
142  5.01 2.706e+00 2.225e+00  3.60  1.35  0.25 14.80 10.00  0.10 2.189e-01
143  5.53 2.987e+00 2.456e+00  3.75  1.40  0.20 15.35 10.40  0.15 2.416e-01
144  6.02 3.252e+00 2.674e+00  3.95  1.40  0.25 15.80 10.75  0.15 2.630e-01
145  6.50 3.511e+00 2.887e+00  4.10  1.50  0.25 16.30 11.15  0.15 2.840e-01
146  6.56 3.544e+00 2.913e+00  4.15  1.50  0.25 16.45 11.25  0.20 2.866e-01
147  7.02 3.792e+00 3.118e+00  4.30  1.50  0.25 16.75 11.55  0.25 3.067e-01
148  7.53 4.068e+00 3.344e+00  4.45  1.60  0.30 17.25 11.90  0.25 3.290e-01
149  8.02 4.332e+00 3.562e+00  4.70  1.60  0.25 17.90 12.50  0.30 3.504e-01
150  7.78 4.203e+00 3.455e+00  4.85  1.70  0.30 18.30 12.75  0.35 3.399e-01
151  8.08 4.365e+00 3.589e+00  4.90  1.70  0.25 18.45 12.85  0.35 3.530e-01
152  8.25 4.457e+00 3.664e+00  5.00  1.70  0.30 18.55 13.00  0.40 3.604e-01
153  8.53 4.608e+00 3.788e+00  5.15  1.75  0.30 18.95 13.35  0.40 3.727e-01
154  8.79 4.748e+00 3.904e+00  5.45  1.80  0.30 19.60 13.80  0.45 3.840e-01
155  9.05 4.889e+00 4.019e+00  5.70  1.90  0.35 20.15 14.15  0.45 3.954e-01
156  9.26 5.002e+00 4.113e+00  6.00  1.95  0.35 20.85 14.80  0.55 4.045e-01
157  9.52 5.143e+00 4.228e+00  6.45  2.05  0.35 22.00 15.60  0.60 4.159e-01
158  9.27 5.008e+00 4.117e+00  6.65  2.05  0.30 22.45 15.90  0.65 4.050e-01
159  9.76 5.272e+00 4.335e+00  7.00  2.20  0.35 23.40 16.60  0.75 4.264e-01
160 10.01 5.407e+00 4.446e+00  7.65  2.30  0.35 24.90 17.80  0.80 4.373e-01
161 10.29 5.559e+00 4.570e+00  8.50  2.55  0.40 26.85 19.40  1.05 4.495e-01
162 10.49 5.667e+00 4.659e+00  9.25  2.70  0.40 28.70 20.80  1.15 4.583e-01
163 10.72 5.791e+00 4.761e+00 10.45  2.95  0.35 31.35 23.00  1.30 4.683e-01
164 10.30 5.564e+00 4.575e+00 10.75  2.95  0.35 32.00 23.55  1.35 4.500e-01
165  9.94 5.369e+00 4.415e+00 10.85  2.95  0.40 31.95 23.60  1.35 4.343e-01
166  8.95 4.835e+00 3.975e+00 10.80  2.95  0.40 32.00 23.50  1.40 3.910e-01
167  7.96 4.300e+00 3.535e+00 10.70  3.00  0.40 32.00 23.35  1.40 3.478e-01
168  6.96 3.760e+00 3.091e+00 10.55  2.95  0.40 31.95 23.15  1.40 3.041e-01
169  5.97 3.225e+00 2.651e+00 10.35  2.90  0.40 31.65 22.80  1.35 2.608e-01
170  5.03 2.717e+00 2.234e+00 10.10  2.85  0.40 31.15 22.35  1.30 2.197e-01
171  3.98 2.150e+00 1.768e+00  9.70  2.75  0.45 30.35 21.65  1.25 1.739e-01
172  2.97 1.604e+00 1.319e+00  9.35  2.70  0.45 29.35 20.70  1.20 1.298e-01
173  1.99 1.075e+00 8.838e-01  8.65  2.55  0.45 27.75 19.45  1.15 8.694e-02
174  1.02 5.510e-01 4.530e-01  7.70  2.40  0.40 25.45 17.65  1.00 4.456e-02
175  0.51 2.755e-01 2.265e-01  6.90  2.20  0.40 23.55 16.35  0.85 2.228e-02
176  0.25 1.350e-01 1.110e-01  6.35  2.10  0.40 21.65 15.30  0.65 1.092e-02
176  0.25 1.350e-01 1.110e-01  6.35  2.10  0.40 21.65 15.30  0.65 1.092e-02
