#≤ŸΩ≈°¡¡ÿ¥÷ —∑¡≥—
#step load load/m2 load/m1 gamma2a gamma1a gamma2b gamma1b gamma2 gamma1 Cb
 26  0.60 3.241e-01 2.665e-01 -2.174e-04 1.887e-04 2.174e-04 3.774e-04 0.000e+00 2.830e-04 2.621e-02
 27  0.59 3.187e-01 2.620e-01 0.000e+00 0.000e+00 6.522e-04 5.660e-04 3.261e-04 2.830e-04 2.578e-02
 28  0.81 4.376e-01 3.597e-01 -2.174e-04 1.887e-04 1.087e-03 5.660e-04 4.348e-04 3.774e-04 3.539e-02
 29  1.00 5.402e-01 4.441e-01 0.000e+00 0.000e+00 1.304e-03 9.434e-04 6.522e-04 4.717e-04 4.369e-02
 30  1.26 6.806e-01 5.596e-01 0.000e+00 0.000e+00 1.522e-03 1.698e-03 7.609e-04 8.491e-04 5.505e-02
 31  1.50 8.103e-01 6.662e-01 -2.174e-04 3.774e-04 1.739e-03 2.453e-03 7.609e-04 1.415e-03 6.553e-02
 32  1.75 9.453e-01 7.772e-01 -2.174e-04 1.887e-04 2.391e-03 3.019e-03 1.087e-03 1.604e-03 7.645e-02
 33  2.01 1.086e+00 8.927e-01 -2.174e-04 3.774e-04 2.826e-03 3.585e-03 1.304e-03 1.981e-03 8.781e-02
 34  1.90 1.026e+00 8.438e-01 -2.174e-04 3.774e-04 3.043e-03 3.208e-03 1.413e-03 1.792e-03 8.301e-02
 35  1.87 1.010e+00 8.305e-01 -2.174e-04 3.774e-04 2.609e-03 3.585e-03 1.196e-03 1.981e-03 8.170e-02
 36  2.02 1.091e+00 8.971e-01 -2.174e-04 3.774e-04 2.609e-03 3.962e-03 1.196e-03 2.170e-03 8.825e-02
 37  2.22 1.199e+00 9.860e-01 -4.348e-04 3.774e-04 3.043e-03 4.151e-03 1.304e-03 2.264e-03 9.699e-02
 38  2.42 1.307e+00 1.075e+00 -4.348e-04 5.660e-04 3.478e-03 4.528e-03 1.522e-03 2.547e-03 1.057e-01
 39  2.61 1.410e+00 1.159e+00 -2.174e-04 3.774e-04 3.696e-03 5.283e-03 1.739e-03 2.830e-03 1.140e-01
 40  2.81 1.518e+00 1.248e+00 -6.522e-04 5.660e-04 4.130e-03 5.849e-03 1.739e-03 3.208e-03 1.228e-01
 41  3.02 1.631e+00 1.341e+00 -4.348e-04 3.774e-04 4.130e-03 6.604e-03 1.848e-03 3.491e-03 1.319e-01
 42  2.83 1.529e+00 1.257e+00 -6.522e-04 5.660e-04 4.565e-03 6.981e-03 1.957e-03 3.774e-03 1.236e-01
 43  2.48 1.340e+00 1.101e+00 -6.522e-04 5.660e-04 4.565e-03 6.981e-03 1.957e-03 3.774e-03 1.083e-01
 44  1.99 1.075e+00 8.838e-01 -8.696e-04 7.547e-04 4.348e-03 6.604e-03 1.739e-03 3.679e-03 8.694e-02
 45  1.50 8.103e-01 6.662e-01 -8.696e-04 9.434e-04 3.913e-03 6.038e-03 1.522e-03 3.491e-03 6.553e-02
 46  1.00 5.402e-01 4.441e-01 -4.348e-04 3.774e-04 3.478e-03 5.094e-03 1.522e-03 2.736e-03 4.369e-02
 47  0.50 2.701e-01 2.221e-01 -6.522e-04 7.547e-04 2.826e-03 3.774e-03 1.087e-03 2.264e-03 2.184e-02
 48  1.02 5.510e-01 4.530e-01 -6.522e-04 5.660e-04 3.043e-03 4.340e-03 1.196e-03 2.453e-03 4.456e-02
 49  1.51 8.157e-01 6.706e-01 -6.522e-04 5.660e-04 3.696e-03 4.528e-03 1.522e-03 2.547e-03 6.597e-02
 50  2.02 1.091e+00 8.971e-01 -4.348e-04 3.774e-04 3.696e-03 5.660e-03 1.630e-03 3.019e-03 8.825e-02
 51  2.53 1.367e+00 1.124e+00 -6.522e-04 5.660e-04 4.130e-03 6.415e-03 1.739e-03 3.491e-03 1.105e-01
 52  3.00 1.621e+00 1.332e+00 -6.522e-04 5.660e-04 4.783e-03 6.981e-03 2.065e-03 3.774e-03 1.311e-01
 53  3.21 1.734e+00 1.426e+00 -8.696e-04 7.547e-04 5.000e-03 7.547e-03 2.065e-03 4.151e-03 1.402e-01
 54  3.41 1.842e+00 1.514e+00 -8.696e-04 7.547e-04 5.000e-03 7.925e-03 2.065e-03 4.340e-03 1.490e-01
 55  3.61 1.950e+00 1.603e+00 -8.696e-04 7.547e-04 5.435e-03 8.679e-03 2.283e-03 4.717e-03 1.577e-01
 56  3.46 1.869e+00 1.537e+00 -8.696e-04 9.434e-04 5.870e-03 9.623e-03 2.500e-03 5.283e-03 1.512e-01
 57  3.43 1.853e+00 1.523e+00 -1.087e-03 1.132e-03 5.217e-03 9.623e-03 2.065e-03 5.377e-03 1.498e-01
 58  3.61 1.950e+00 1.603e+00 -1.087e-03 9.434e-04 5.435e-03 9.811e-03 2.174e-03 5.377e-03 1.577e-01
 59  3.80 2.053e+00 1.688e+00 -1.087e-03 9.434e-04 5.652e-03 1.019e-02 2.283e-03 5.566e-03 1.660e-01
 60  4.00 2.161e+00 1.777e+00 -1.087e-03 9.434e-04 5.870e-03 1.075e-02 2.391e-03 5.849e-03 1.747e-01
 61  4.21 2.274e+00 1.870e+00 -1.304e-03 1.321e-03 6.304e-03 1.170e-02 2.500e-03 6.509e-03 1.839e-01
 62  4.21 2.274e+00 1.870e+00 -1.304e-03 1.321e-03 6.304e-03 1.208e-02 2.500e-03 6.698e-03 1.839e-01
 63  4.42 2.388e+00 1.963e+00 -1.304e-03 1.132e-03 6.739e-03 1.264e-02 2.717e-03 6.887e-03 1.931e-01
 64  4.61 2.490e+00 2.047e+00 -1.304e-03 1.321e-03 7.174e-03 1.358e-02 2.935e-03 7.453e-03 2.014e-01
 65  4.81 2.598e+00 2.136e+00 -1.739e-03 1.509e-03 7.391e-03 1.453e-02 2.826e-03 8.019e-03 2.101e-01
 66  5.01 2.706e+00 2.225e+00 -1.739e-03 1.509e-03 7.826e-03 1.547e-02 3.043e-03 8.491e-03 2.189e-01
 67  4.78 2.582e+00 2.123e+00 -1.739e-03 1.509e-03 9.348e-03 1.642e-02 3.804e-03 8.962e-03 2.088e-01
 68  4.78 2.582e+00 2.123e+00 -1.739e-03 1.509e-03 9.348e-03 1.642e-02 3.804e-03 8.962e-03 2.088e-01
 69  5.23 2.825e+00 2.323e+00 -1.957e-03 1.698e-03 9.565e-03 1.736e-02 3.804e-03 9.528e-03 2.285e-01
 70  5.40 2.917e+00 2.398e+00 -1.957e-03 1.887e-03 9.783e-03 1.811e-02 3.913e-03 1.000e-02 2.359e-01
 71  5.23 2.825e+00 2.323e+00 -2.174e-04 1.698e-03 1.043e-02 1.830e-02 5.109e-03 1.000e-02 2.285e-01
 72  5.20 2.809e+00 2.309e+00 -4.348e-04 1.698e-03 1.000e-02 1.830e-02 4.783e-03 1.000e-02 2.272e-01
 73  5.41 2.922e+00 2.403e+00 0.000e+00 1.509e-03 1.043e-02 1.849e-02 5.217e-03 1.000e-02 2.363e-01
 74  5.61 3.030e+00 2.492e+00 2.174e-04 1.698e-03 1.065e-02 1.906e-02 5.435e-03 1.038e-02 2.451e-01
 75  5.79 3.128e+00 2.572e+00 6.522e-04 1.887e-03 1.087e-02 2.019e-02 5.761e-03 1.104e-02 2.529e-01
 76  6.01 3.247e+00 2.669e+00 1.304e-03 2.075e-03 1.130e-02 2.151e-02 6.304e-03 1.179e-02 2.626e-01
 77  6.20 3.349e+00 2.754e+00 1.739e-03 2.075e-03 1.196e-02 2.226e-02 6.848e-03 1.217e-02 2.709e-01
 78  6.42 3.468e+00 2.851e+00 2.391e-03 2.264e-03 1.261e-02 2.358e-02 7.500e-03 1.292e-02 2.805e-01
 79  6.08 3.284e+00 2.700e+00 3.043e-03 2.453e-03 1.283e-02 2.566e-02 7.935e-03 1.406e-02 2.656e-01
 80  6.42 3.468e+00 2.851e+00 3.261e-03 2.453e-03 1.304e-02 2.585e-02 8.152e-03 1.415e-02 2.805e-01
 81  6.31 3.409e+00 2.802e+00 3.043e-03 2.830e-03 1.304e-02 2.604e-02 8.043e-03 1.443e-02 2.757e-01
 82  6.60 3.565e+00 2.931e+00 3.696e-03 2.642e-03 1.348e-02 2.660e-02 8.587e-03 1.462e-02 2.883e-01
 83  6.80 3.673e+00 3.020e+00 4.348e-03 3.019e-03 1.413e-02 2.774e-02 9.239e-03 1.538e-02 2.971e-01
 84  6.99 3.776e+00 3.104e+00 5.000e-03 3.208e-03 1.478e-02 2.868e-02 9.891e-03 1.594e-02 3.054e-01
 85  7.22 3.900e+00 3.207e+00 5.870e-03 3.396e-03 1.543e-02 3.057e-02 1.065e-02 1.698e-02 3.154e-01
 86  7.39 3.992e+00 3.282e+00 6.304e-03 3.774e-03 1.609e-02 3.170e-02 1.120e-02 1.774e-02 3.228e-01
 87  7.43 4.014e+00 3.300e+00 6.522e-03 3.774e-03 1.630e-02 3.208e-02 1.141e-02 1.792e-02 3.246e-01
 88  7.61 4.111e+00 3.380e+00 7.609e-03 3.962e-03 1.696e-02 3.396e-02 1.228e-02 1.896e-02 3.325e-01
 89  7.83 4.230e+00 3.478e+00 8.261e-03 4.151e-03 1.804e-02 3.547e-02 1.315e-02 1.981e-02 3.421e-01
 90  8.00 4.322e+00 3.553e+00 9.130e-03 4.340e-03 1.870e-02 3.717e-02 1.391e-02 2.075e-02 3.495e-01
 91  7.52 4.062e+00 3.340e+00 9.783e-03 4.528e-03 1.978e-02 3.868e-02 1.478e-02 2.160e-02 3.285e-01
 92  1.58 8.535e-01 7.017e-01 6.739e-03 3.585e-03 1.674e-02 3.283e-02 1.174e-02 1.821e-02 6.903e-02
 93  3.48 1.880e+00 1.546e+00 7.391e-03 3.962e-03 1.870e-02 3.321e-02 1.304e-02 1.858e-02 1.520e-01
 94  0.44 2.377e-01 1.954e-01 2.609e-03 2.830e-03 1.391e-02 2.396e-02 8.261e-03 1.340e-02 1.922e-02
 95 -0.08 -4.322e-02 -3.553e-02 -8.696e-04 2.264e-03 1.022e-02 1.774e-02 4.674e-03 1.000e-02 -3.495e-03
 96  0.57 3.079e-01 2.532e-01 -4.348e-04 2.264e-03 1.109e-02 1.774e-02 5.326e-03 1.000e-02 2.490e-02
 97  1.01 5.456e-01 4.486e-01 4.348e-04 2.264e-03 1.196e-02 1.868e-02 6.196e-03 1.047e-02 4.412e-02
 98  1.51 8.157e-01 6.706e-01 1.304e-03 2.453e-03 1.261e-02 2.019e-02 6.957e-03 1.132e-02 6.597e-02
 99  2.01 1.086e+00 8.927e-01 2.391e-03 2.453e-03 1.391e-02 2.245e-02 8.152e-03 1.245e-02 8.781e-02
100  0.10 5.402e-02 4.441e-02 -6.522e-04 2.075e-03 1.087e-02 1.774e-02 5.109e-03 9.906e-03 4.369e-03
101  1.54 8.319e-01 6.840e-01 1.304e-03 2.453e-03 1.326e-02 2.094e-02 7.283e-03 1.170e-02 6.728e-02
102  2.05 1.107e+00 9.105e-01 2.174e-03 2.830e-03 1.370e-02 2.245e-02 7.935e-03 1.264e-02 8.956e-02
103  2.51 1.356e+00 1.115e+00 3.261e-03 2.830e-03 1.457e-02 2.396e-02 8.913e-03 1.340e-02 1.097e-01
104  3.01 1.626e+00 1.337e+00 4.130e-03 3.208e-03 1.565e-02 2.585e-02 9.891e-03 1.453e-02 1.315e-01
105  3.51 1.896e+00 1.559e+00 5.000e-03 3.208e-03 1.674e-02 2.755e-02 1.087e-02 1.538e-02 1.533e-01
106  4.00 2.161e+00 1.777e+00 5.652e-03 3.585e-03 1.696e-02 2.925e-02 1.130e-02 1.642e-02 1.747e-01
107  4.51 2.436e+00 2.003e+00 6.522e-03 3.585e-03 1.761e-02 3.075e-02 1.207e-02 1.717e-02 1.970e-01
108  5.00 2.701e+00 2.221e+00 7.174e-03 3.774e-03 1.826e-02 3.208e-02 1.272e-02 1.792e-02 2.184e-01
109  5.54 2.993e+00 2.460e+00 7.826e-03 3.962e-03 1.870e-02 3.358e-02 1.326e-02 1.877e-02 2.420e-01
110  5.98 3.230e+00 2.656e+00 8.261e-03 4.151e-03 1.913e-02 3.491e-02 1.370e-02 1.953e-02 2.612e-01
111  6.53 3.527e+00 2.900e+00 9.130e-03 4.340e-03 2.000e-02 3.642e-02 1.457e-02 2.038e-02 2.853e-01
112  7.03 3.798e+00 3.122e+00 9.565e-03 4.717e-03 2.043e-02 3.755e-02 1.500e-02 2.113e-02 3.071e-01
113  7.52 4.062e+00 3.340e+00 1.043e-02 4.717e-03 2.109e-02 3.943e-02 1.576e-02 2.208e-02 3.285e-01
114  7.79 4.208e+00 3.460e+00 1.109e-02 4.906e-03 2.196e-02 4.057e-02 1.652e-02 2.274e-02 3.403e-01
115  8.02 4.332e+00 3.562e+00 1.152e-02 5.094e-03 2.239e-02 4.151e-02 1.696e-02 2.330e-02 3.504e-01
116  8.24 4.451e+00 3.660e+00 1.217e-02 5.283e-03 2.239e-02 4.302e-02 1.728e-02 2.415e-02 3.600e-01
117  7.85 4.240e+00 3.486e+00 1.283e-02 5.472e-03 2.283e-02 4.377e-02 1.783e-02 2.462e-02 3.429e-01
118  7.82 4.224e+00 3.473e+00 1.283e-02 5.283e-03 2.304e-02 4.377e-02 1.793e-02 2.453e-02 3.416e-01
119  7.55 4.078e+00 3.353e+00 1.283e-02 5.283e-03 2.283e-02 4.377e-02 1.783e-02 2.453e-02 3.298e-01
120  6.97 3.765e+00 3.096e+00 1.261e-02 5.660e-03 2.261e-02 4.340e-02 1.761e-02 2.453e-02 3.045e-01
121  5.75 3.106e+00 2.554e+00 1.239e-02 5.472e-03 2.239e-02 4.245e-02 1.739e-02 2.396e-02 2.512e-01
122  4.97 2.685e+00 2.207e+00 1.217e-02 5.283e-03 2.217e-02 4.170e-02 1.717e-02 2.349e-02 2.171e-01
123  3.99 2.155e+00 1.772e+00 1.087e-02 5.660e-03 2.174e-02 4.019e-02 1.630e-02 2.292e-02 1.743e-01
124  2.99 1.615e+00 1.328e+00 9.783e-03 5.283e-03 2.130e-02 3.830e-02 1.554e-02 2.179e-02 1.306e-01
125  1.99 1.075e+00 8.838e-01 8.696e-03 4.717e-03 2.000e-02 3.528e-02 1.435e-02 2.000e-02 8.694e-02
126  1.01 5.456e-01 4.486e-01 6.304e-03 4.151e-03 1.783e-02 3.132e-02 1.207e-02 1.774e-02 4.412e-02
127  0.50 2.701e-01 2.221e-01 4.348e-03 3.774e-03 1.522e-02 2.774e-02 9.783e-03 1.575e-02 2.184e-02
128  0.14 7.563e-02 6.218e-02 2.609e-03 3.396e-03 1.348e-02 2.434e-02 8.043e-03 1.387e-02 6.116e-03
129  0.20 1.080e-01 8.883e-02 1.739e-03 2.453e-03 1.348e-02 2.321e-02 7.609e-03 1.283e-02 8.737e-03
130  0.20 1.080e-01 8.883e-02 1.957e-03 2.264e-03 1.326e-02 2.340e-02 7.609e-03 1.283e-02 8.737e-03
131  0.51 2.755e-01 2.265e-01 1.957e-03 2.264e-03 1.370e-02 2.358e-02 7.826e-03 1.292e-02 2.228e-02
132  1.01 5.456e-01 4.486e-01 2.609e-03 2.453e-03 1.435e-02 2.453e-02 8.478e-03 1.349e-02 4.412e-02
133  1.45 7.833e-01 6.440e-01 3.478e-03 2.642e-03 1.522e-02 2.585e-02 9.348e-03 1.425e-02 6.335e-02
134  1.47 7.941e-01 6.529e-01 3.696e-03 2.642e-03 1.522e-02 2.604e-02 9.457e-03 1.434e-02 6.422e-02
135  2.01 1.086e+00 8.927e-01 5.000e-03 2.642e-03 1.630e-02 2.792e-02 1.065e-02 1.528e-02 8.781e-02
136  2.52 1.361e+00 1.119e+00 5.870e-03 3.019e-03 1.783e-02 2.962e-02 1.185e-02 1.632e-02 1.101e-01
137  3.01 1.626e+00 1.337e+00 6.739e-03 3.208e-03 1.848e-02 3.132e-02 1.261e-02 1.726e-02 1.315e-01
138  3.49 1.885e+00 1.550e+00 7.609e-03 3.585e-03 1.913e-02 3.302e-02 1.337e-02 1.830e-02 1.525e-01
139  3.48 1.880e+00 1.546e+00 7.826e-03 3.396e-03 1.935e-02 3.264e-02 1.359e-02 1.802e-02 1.520e-01
140  4.04 2.182e+00 1.794e+00 8.261e-03 3.962e-03 1.978e-02 3.472e-02 1.402e-02 1.934e-02 1.765e-01
141  4.51 2.436e+00 2.003e+00 9.130e-03 3.962e-03 2.043e-02 3.604e-02 1.478e-02 2.000e-02 1.970e-01
142  5.01 2.706e+00 2.225e+00 9.783e-03 4.151e-03 2.087e-02 3.736e-02 1.533e-02 2.075e-02 2.189e-01
143  5.53 2.987e+00 2.456e+00 1.022e-02 4.528e-03 2.152e-02 3.868e-02 1.587e-02 2.160e-02 2.416e-01
144  6.02 3.252e+00 2.674e+00 1.109e-02 4.340e-03 2.196e-02 4.000e-02 1.652e-02 2.217e-02 2.630e-01
145  6.50 3.511e+00 2.887e+00 1.130e-02 4.717e-03 2.239e-02 4.151e-02 1.685e-02 2.311e-02 2.840e-01
146  6.56 3.544e+00 2.913e+00 1.152e-02 4.717e-03 2.261e-02 4.170e-02 1.707e-02 2.321e-02 2.866e-01
147  7.02 3.792e+00 3.118e+00 1.217e-02 4.717e-03 2.261e-02 4.264e-02 1.739e-02 2.368e-02 3.067e-01
148  7.53 4.068e+00 3.344e+00 1.239e-02 4.906e-03 2.326e-02 4.396e-02 1.783e-02 2.443e-02 3.290e-01
149  8.02 4.332e+00 3.562e+00 1.348e-02 5.094e-03 2.348e-02 4.604e-02 1.848e-02 2.557e-02 3.504e-01
150  7.78 4.203e+00 3.455e+00 1.370e-02 5.283e-03 2.413e-02 4.679e-02 1.891e-02 2.604e-02 3.399e-01
151  8.08 4.365e+00 3.589e+00 1.391e-02 5.472e-03 2.435e-02 4.717e-02 1.913e-02 2.632e-02 3.530e-01
152  8.25 4.457e+00 3.664e+00 1.435e-02 5.283e-03 2.413e-02 4.755e-02 1.924e-02 2.642e-02 3.604e-01
153  8.53 4.608e+00 3.788e+00 1.478e-02 5.472e-03 2.435e-02 4.887e-02 1.957e-02 2.717e-02 3.727e-01
154  8.79 4.748e+00 3.904e+00 1.587e-02 5.660e-03 2.522e-02 5.038e-02 2.054e-02 2.802e-02 3.840e-01
155  9.05 4.889e+00 4.019e+00 1.652e-02 5.849e-03 2.609e-02 5.170e-02 2.130e-02 2.877e-02 3.954e-01
156  9.26 5.002e+00 4.113e+00 1.761e-02 6.038e-03 2.630e-02 5.377e-02 2.196e-02 2.991e-02 4.045e-01
157  9.52 5.143e+00 4.228e+00 1.913e-02 6.415e-03 2.783e-02 5.660e-02 2.348e-02 3.151e-02 4.159e-01
158  9.27 5.008e+00 4.117e+00 2.000e-02 6.604e-03 2.848e-02 5.755e-02 2.424e-02 3.208e-02 4.050e-01
159  9.76 5.272e+00 4.335e+00 2.087e-02 6.981e-03 2.957e-02 5.981e-02 2.522e-02 3.340e-02 4.264e-01
160 10.01 5.407e+00 4.446e+00 2.326e-02 7.358e-03 3.087e-02 6.415e-02 2.707e-02 3.575e-02 4.373e-01
161 10.29 5.559e+00 4.570e+00 2.587e-02 8.113e-03 3.239e-02 6.925e-02 2.913e-02 3.868e-02 4.495e-01
162 10.49 5.667e+00 4.659e+00 2.848e-02 8.679e-03 3.435e-02 7.415e-02 3.141e-02 4.142e-02 4.583e-01
163 10.72 5.791e+00 4.761e+00 3.261e-02 9.811e-03 3.630e-02 8.189e-02 3.446e-02 4.585e-02 4.683e-01
164 10.30 5.564e+00 4.575e+00 3.391e-02 9.811e-03 3.674e-02 8.377e-02 3.533e-02 4.679e-02 4.500e-01
165  9.94 5.369e+00 4.415e+00 3.435e-02 9.623e-03 3.630e-02 8.396e-02 3.533e-02 4.679e-02 4.343e-01
166  8.95 4.835e+00 3.975e+00 3.413e-02 9.623e-03 3.696e-02 8.340e-02 3.554e-02 4.651e-02 3.910e-01
167  7.96 4.300e+00 3.535e+00 3.348e-02 9.811e-03 3.761e-02 8.283e-02 3.554e-02 4.632e-02 3.478e-01
168  6.96 3.760e+00 3.091e+00 3.304e-02 9.623e-03 3.826e-02 8.208e-02 3.565e-02 4.585e-02 3.041e-01
169  5.97 3.225e+00 2.651e+00 3.239e-02 9.434e-03 3.848e-02 8.094e-02 3.543e-02 4.519e-02 2.608e-01
170  5.03 2.717e+00 2.234e+00 3.152e-02 9.245e-03 3.826e-02 7.943e-02 3.489e-02 4.434e-02 2.197e-01
171  3.98 2.150e+00 1.768e+00 3.022e-02 8.679e-03 3.783e-02 7.698e-02 3.402e-02 4.283e-02 1.739e-01
172  2.97 1.604e+00 1.319e+00 2.891e-02 8.491e-03 3.761e-02 7.358e-02 3.326e-02 4.104e-02 1.298e-01
173  1.99 1.075e+00 8.838e-01 2.652e-02 7.925e-03 3.609e-02 6.906e-02 3.130e-02 3.849e-02 8.694e-02
174  1.02 5.510e-01 4.530e-01 2.304e-02 7.547e-03 3.391e-02 6.283e-02 2.848e-02 3.519e-02 4.456e-02
175  0.51 2.755e-01 2.265e-01 2.043e-02 6.792e-03 3.130e-02 5.849e-02 2.587e-02 3.264e-02 2.228e-02
176  0.25 1.350e-01 1.110e-01 1.848e-02 6.415e-03 2.761e-02 5.528e-02 2.304e-02 3.085e-02 1.092e-02
176  0.25 1.350e-01 1.110e-01 1.848e-02 6.415e-03 2.761e-02 5.528e-02 2.304e-02 3.085e-02 1.092e-02
