## NFILE T1 T2 CB1 CB2 P1 P2 RWALL1 RWALL2 XMAX1 XMAX2 GMAX1 GMAX2 YMAX1 YMAX2 CEMAX1 CEMAX2
 1    0.10596E+01    0.45658E+00    0.50000E-01    0.77545E-01    0.17682E+01    0.11877E+01    0.97022E+01    0.65171E+01    0.64254E+02    0.20002E+03    0.23365E+00    0.80008E+00    0.48638E+02    0.28067E+03    0.53257E+02    0.10519E+02
 2    0.75304E+00    0.32641E+00    0.10000E+00    0.15020E+00    0.35365E+01    0.23005E+01    0.19404E+02    0.12623E+02    0.20001E+03    0.16921E+02    0.72732E+00    0.67683E-01    0.17374E+03    0.38747E+02    0.10507E+03    0.43463E+02
 3    0.61699E+00    0.26845E+00    0.15000E+00    0.22053E+00    0.53047E+01    0.33777E+01    0.29107E+02    0.18534E+02    0.86397E+01    0.54170E+01    0.31417E-01    0.21668E-01    0.42533E+02    0.33385E+02    0.16839E+03    0.52440E+02
 4    0.53576E+00    0.23376E+00    0.20000E+00    0.28929E+00    0.70729E+01    0.44309E+01    0.38809E+02    0.24312E+02    0.11608E+02    0.50342E+01    0.42211E-01    0.20137E-01    0.45026E+02    0.32878E+02    0.16550E+03    0.44060E+02
 5    0.43915E+00    0.19234E+00    0.30000E+00    0.42400E+00    0.10609E+02    0.64942E+01    0.58213E+02    0.35633E+02    0.76331E+01    0.40708E+01    0.27757E-01    0.16283E-01    0.42601E+02    0.28993E+02    0.20806E+03    0.41874E+02
 6    0.38152E+00    0.16758E+00    0.40000E+00    0.55503E+00    0.14146E+02    0.85012E+01    0.77618E+02    0.46646E+02    0.50838E+01    0.26433E+01    0.18487E-01    0.10573E-01    0.34994E+02    0.20702E+02    0.13656E+03    0.31724E+02
 7    0.34211E+00    0.15060E+00    0.50000E+00    0.68371E+00    0.17682E+02    0.10472E+02    0.97022E+02    0.57460E+02    0.36231E+01    0.24880E+01    0.13175E-01    0.99518E-02    0.22679E+02    0.19113E+02    0.85219E+02    0.32181E+02
 8    0.31297E+00    0.13802E+00    0.60000E+00    0.81055E+00    0.21219E+02    0.12415E+02    0.11643E+03    0.68120E+02    0.20928E+01    0.17747E+01    0.76101E-02    0.70987E-02    0.24414E+02    0.22831E+02    0.72024E+02    0.31834E+02
 9    0.29029E+00    0.12821E+00    0.70000E+00    0.93590E+00    0.24755E+02    0.14335E+02    0.13583E+03    0.78655E+02    0.17032E+01    0.13551E+01    0.61935E-02    0.54203E-02    0.20702E+02    0.18330E+02    0.48310E+02    0.21087E+02
10    0.27199E+00    0.12028E+00    0.80000E+00    0.10600E+01    0.28292E+02    0.16236E+02    0.15524E+03    0.89084E+02    0.14098E+01    0.10607E+01    0.51266E-02    0.42430E-02    0.17297E+02    0.16032E+02    0.31567E+02    0.14466E+02
11    0.25680E+00    0.11368E+00    0.90000E+00    0.11830E+01    0.31828E+02    0.18120E+02    0.17464E+03    0.99424E+02    0.10969E+01    0.81700E+00    0.39886E-02    0.32680E-02    0.16328E+02    0.14697E+02    0.27607E+02    0.11754E+02
12    0.24394E+00    0.10809E+00    0.10000E+01    0.13051E+01    0.35365E+02    0.19990E+02    0.19404E+03    0.10969E+03    0.98719E+00    0.73174E+00    0.35898E-02    0.29269E-02    0.16000E+02    0.14449E+02    0.29242E+02    0.11822E+02
