#変形角	gamma	gamma2	変位計1	変位計2	変位計3	変位計4	変位計5	変位計6	変位計7	変位計8	変位計9	変位計10	変位計11	変位計12	変位計13	荷重14	荷重0
4.94845360824742e-05	2.06185567010309e-05	0.08	-0.04	-0.04	-0.05	-0.02	-0.03	-0.03	0	-0.04	0	0	0.05	0	0	3
0.000503092783505155	4.12371134020619e-05	1.3	0.08	0	-0.04	0.11	-0.01	0.03	-0.01	-0.06	0.06	0	0.1	0	0	67
0.00131958762886598	2.06185567010309e-05	3.29	0.09	0	-0.03	0.3	0.02	0.1	-0.01	0.12	0.28	0	0.1	0.05	0	139
0.00198350515463918	0.000103092783505155	5.01	0.2	-0.01	-0.04	0.45	0.05	0.15	0	0.4	0.52	0	0.3	0.05	0	205
0.002	0.000123711340206186	5.1	0.25	-0.01	-0.02	0.45	0.03	0.15	0	0.38	0.54	0	0.3	0	0	194
0.00152577319587629	0.000103092783505155	3.96	0.26	-0.02	-0.04	0.26	0.05	0.14	0	0.32	0.46	0	0.3	0.05	0	101
0.000767010309278351	4.12371134020619e-05	2.06	0.2	-0.02	-0.05	0.12	0.06	0.09	0.02	0.18	0.34	0	0.1	0	0	14
0.000494845360824742	0	1.4	0.2	-0.02	-0.04	0.07	0.05	0.07	0.02	0.12	0.28	0	0	0	0	1
-0.000243298969072165	-8.24742268041237e-05	-0.49	0.1	-0.01	-0.03	-0.08	0.05	0.03	0.03	-0.02	0.06	0	-0.15	0.05	0	-48
-0.000948453608247423	-0.000144329896907216	-2.19	0.11	-0.02	-0.02	-0.18	0.05	-0.03	0.09	-0.16	-0.08	0	-0.35	0	0	-107
-0.00164123711340206	-0.000144329896907216	-4	-0.02	-0.02	-0.02	-0.25	0.07	-0.18	0.23	-0.4	-0.22	0	-0.4	-0.05	0	-178
-0.00195463917525773	-0.000185567010309278	-4.86	-0.12	-0.02	-0.13	-0.28	0.08	-0.26	0.3	-0.54	-0.28	0	-0.5	-0.05	0	-212
-0.00199587628865979	-0.000185567010309278	-4.95	-0.11	-0.02	-0.11	-0.25	0.07	-0.27	0.29	-0.6	-0.34	0	-0.5	-0.05	0	-204
-0.00137731958762887	-0.000144329896907216	-3.34	0	-0.02	-0.11	-0.2	0.08	-0.22	0.09	-0.48	-0.4	0	-0.35	0	0	-67
-0.000717525773195876	-0.000103092783505155	-1.64	0.1	-0.02	-0.02	-0.14	0.08	-0.13	0.04	-0.46	-0.4	0	-0.25	0	0	3
-0.000243298969072165	-4.12371134020619e-05	-0.49	0.1	-0.02	-0.02	-0.07	0.07	-0.09	0.03	-0.28	-0.16	0	-0.1	0	0	21
0.000527835051546392	2.06185567010309e-05	1.49	0.21	0.01	-0.01	0.11	0.07	-0.01	0.03	-0.06	0.18	0	0.1	0.05	0	63
0.00127010309278351	6.18556701030928e-05	3.29	0.21	0.01	-0.01	0.27	0.07	0.07	0.02	0.16	0.36	0	0.2	0.05	0	121
0.0019340206185567	0.000123711340206186	5.01	0.32	0.01	-0.01	0.44	0.07	0.13	0.03	0.4	0.58	0	0.35	0.05	0	196
0.00216907216494845	0.000144329896907216	5.58	0.32	0.01	-0.01	0.5	0.07	0.15	0.01	0.44	0.64	0	0.4	0.05	0	222
0.00221030927835052	0.000144329896907216	5.67	0.31	-0.02	-0.05	0.49	0.08	0.16	0.01	0.48	0.66	0	0.4	0.05	0	212
0.00178144329896907	0.000144329896907216	4.63	0.31	0	-0.03	0.31	0.07	0.13	0.02	0.42	0.56	0	0.35	0	0	121
0.00103092783505155	4.12371134020619e-05	2.82	0.32	0	-0.03	0.18	0.07	0.07	0.03	0.24	0.44	0	0.1	0	0	31
0.000531958762886598	0	1.59	0.3	0	-0.03	0.09	0.07	0.05	0.03	0.14	0.34	0	0	0	0	2
-0.000169072164948454	-6.18556701030928e-05	-0.21	0.2	-0.03	-0.04	-0.07	0.07	0.01	0.06	-0.04	0.06	0	-0.15	0	0	-34
-0.000907216494845361	-8.24742268041237e-05	-2.1	0.1	-0.04	-0.06	-0.16	0.06	-0.06	0.09	-0.24	-0.2	0	-0.25	-0.05	0	-85
-0.00160824742268041	-0.000164948453608247	-3.92	-0.02	-0.04	-0.16	-0.25	0.07	-0.19	0.22	-0.44	-0.26	0	-0.45	-0.05	0	-158
-0.00208247422680412	-0.000185567010309278	-5.08	-0.03	-0.04	-0.15	-0.28	0.07	-0.28	0.32	-0.6	-0.34	0	-0.55	-0.1	0	-214
-0.00211134020618557	-0.00022680412371134	-5.15	-0.03	-0.03	-0.15	-0.27	0.07	-0.28	0.33	-0.6	-0.34	0	-0.6	-0.05	0	-206
-0.00156701030927835	-0.000144329896907216	-3.82	-0.02	-0.03	-0.14	-0.23	0.07	-0.26	0.12	-0.54	-0.38	0	-0.4	-0.05	0	-94
-0.00117938144329897	-0.000164948453608247	-2.77	0.09	-0.03	-0.04	-0.2	0.07	-0.19	0.07	-0.52	-0.46	0	-0.35	0.05	0	-34
-0.000837113402061856	-0.000103092783505155	-1.92	0.11	-0.03	-0.04	-0.18	0.07	-0.15	0.05	-0.52	-0.44	0	-0.25	0	0	-2
0.00017319587628866	0	0.61	0.19	-0.03	-0.02	0.02	0.07	-0.07	0.02	-0.2	0.06	0	0.05	0.05	0	39
0.000882474226804124	2.06185567010309e-05	2.44	0.3	-0.03	-0.03	0.18	0.07	0.02	0.02	0.06	0.3	0	0.1	0.05	0	85
0.00160412371134021	0.000123711340206186	4.25	0.36	0	-0.02	0.35	0.07	0.1	0.02	0.28	0.5	0	0.3	0	0	152
0.00224742268041237	0.000164948453608247	5.86	0.41	0	-0.01	0.51	0.08	0.15	0.02	0.5	0.72	0	0.45	0.05	0	227
0.00294845360824742	0.000206185567010309	7.57	0.42	0	-0.02	0.65	0.11	0.21	0.03	0.74	1	0	0.65	0.15	0	293
0.00357525773195876	0.00022680412371134	9.09	0.42	0	-0.01	0.75	0.13	0.23	0.03	0.96	1.28	0	0.7	0.15	0	343
0.00421443298969072	0.000309278350515464	10.71	0.49	0.01	-0.01	0.85	0.16	0.26	0.03	1.2	1.58	0	0.9	0.15	0	394
0.00436288659793814	0.000309278350515464	11.1	0.52	0	-0.01	0.88	0.15	0.26	0.03	1.3	1.7	0	0.9	0.15	0	383
0.0038680412371134	0.000288659793814433	10	0.62	0.01	0	0.61	0.15	0.22	0.03	1.22	1.62	0	0.8	0.1	0	282
0.0031340206185567	0.00022680412371134	8.22	0.62	0	-0.02	0.5	0.14	0.18	0.03	1	1.4	0	0.6	0.05	0	167
0.00251134020618557	0.000164948453608247	6.79	0.7	-0.01	-0.02	0.42	0.15	0.15	0.03	0.78	1.22	0	0.5	0.1	0	89
0.00190927835051546	0.000123711340206186	5.3	0.67	0.01	-0.03	0.32	0.13	0.12	0.03	0.58	1.04	0	0.35	0.05	0	37
0.00129896907216495	0.000103092783505155	3.77	0.62	0.01	-0.02	0.22	0.12	0.09	0.03	0.38	0.96	0	0.3	0.05	0	6
0.0010639175257732	8.24742268041237e-05	3.2	0.62	0	-0.02	0.16	0.11	0.06	0.03	0.28	0.92	0	0.2	0	0	-2
0.000239175257731959	0	1.1	0.52	0	-0.03	-0.02	0.1	0.02	0.04	-0.06	0.7	0	0	0	0	-34
-0.000449484536082474	-8.24742268041237e-05	-0.69	0.4	-0.01	-0.03	-0.11	0.11	-0.01	0.05	-0.18	-0.04	0	-0.2	0	0	-53
-0.00123298969072165	-0.000123711340206186	-2.67	0.32	0.01	-0.1	-0.21	0.11	-0.11	0.11	-0.36	-0.22	0	-0.3	0	0	-111
-0.00189690721649485	-0.000206185567010309	-4.39	0.21	0	-0.12	-0.26	0.1	-0.26	0.27	-0.54	-0.26	0	-0.55	-0.05	0	-185
-0.00244123711340206	-0.00022680412371134	-5.82	0.1	0.01	-0.15	-0.31	0.11	-0.38	0.41	-0.86	-0.42	0	-0.6	-0.05	0	-254
-0.00282474226804124	-0.000288659793814433	-6.86	-0.01	0	-0.23	-0.32	0.11	-0.45	0.49	-1.38	-0.92	0	-0.7	0	0	-296
-0.0030639175257732	-0.000288659793814433	-7.43	0	0.01	-0.22	-0.34	0.11	-0.47	0.51	-1.84	-1.42	0	-0.75	-0.05	0	-309
-0.00393814432989691	-0.000391752577319588	-9.88	-0.33	0.01	-0.22	-0.35	0.16	-0.42	0.49	-4.16	-3.94	0	-1	-0.05	0	-313
-0.00472577319587629	-0.00045360824742268	-11.89	-0.43	0.01	-0.22	-0.34	0.17	-0.27	0.34	-5.78	-6.12	0	-1.2	-0.1	0	-278
-0.00541855670103093	-0.000494845360824742	-13.68	-0.54	-0.03	-0.31	-0.36	0.16	-0.17	0.24	-6.66	-7.14	0	-1.25	-0.05	0	-274
-0.00554226804123711	-0.000494845360824742	-13.97	-0.53	0	-0.28	-0.33	0.17	-0.18	0.22	-6.78	-7.24	0	-1.3	-0.1	0	-266
-0.00497319587628866	-0.00045360824742268	-12.54	-0.48	-0.01	-0.27	-0.29	0.18	-0.16	0.25	-6.3	-6.66	0	-1.2	-0.1	0	-243
-0.00422268041237113	-0.000391752577319588	-10.56	-0.32	-0.01	-0.23	-0.3	0.17	-0.22	0.3	-5.52	-5.76	0	-1	-0.05	0	-223
-0.00348041237113402	-0.000309278350515464	-8.66	-0.22	-0.02	-0.24	-0.29	0.15	-0.29	0.31	-4.5	-4.54	0	-0.75	0	0	-199
-0.00269690721649485	-0.000247422680412371	-6.66	-0.12	-0.02	-0.26	-0.3	0.14	-0.34	0.26	-3.1	-3	0	-0.65	-0.05	0	-148
-0.00207835051546392	-0.000206185567010309	-5.05	-0.01	-0.02	-0.14	-0.29	0.12	-0.33	0.11	-2.02	-1.86	0	-0.5	0	0	-63
-0.00130721649484536	-0.000185567010309278	-3.07	0.1	-0.01	-0.13	-0.25	0.08	-0.24	0.06	-1.28	-1.1	0	-0.4	0.05	0	5
-0.000907216494845361	-0.000123711340206186	-2.11	0.09	-0.02	-0.14	-0.18	0.07	-0.19	0.07	-0.94	-0.74	0	-0.25	0.05	0	21
-0.000131958762886598	-2.06185567010309e-05	-0.13	0.19	-0.02	-0.13	-0.03	0.08	-0.13	0.04	-0.5	-0.26	0	0	0.05	0	39
0.000639175257731959	0	1.76	0.21	-0.02	-0.14	0.14	0.08	-0.04	0.04	-0.18	0.2	0	0.05	0.05	0	60
0.00137319587628866	0.000103092783505155	3.64	0.31	-0.02	-0.13	0.31	0.09	0.06	0.03	0.12	0.48	0	0.25	0	0	99
0.00212783505154639	0.000164948453608247	5.46	0.3	0	-0.02	0.45	0.08	0.1	0.02	0.4	0.78	0	0.45	0.05	0	152
0.00278762886597938	0.000185567010309278	7.17	0.41	0.04	-0.01	0.6	0.08	0.16	0.03	0.64	1.06	0	0.65	0.2	0	215
0.00345154639175258	0.000247422680412371	8.79	0.42	0.03	-0.03	0.73	0.1	0.22	0.04	0.88	1.3	0	0.7	0.1	0	282
0.00407835051546392	0.000288659793814433	10.31	0.42	0.05	-0.03	0.84	0.12	0.24	0.03	1.06	1.56	0	0.9	0.2	0	352
0.00463092783505155	0.000371134020618557	11.64	0.41	0.05	-0.03	0.92	0.13	0.26	0.02	1.22	1.78	0	1.05	0.15	0	409
0.00459381443298969	0.000350515463917526	11.65	0.51	0.03	-0.03	0.92	0.12	0.26	0.02	1.22	1.8	0	1.1	0.25	0	394
0.00411546391752577	0.000309278350515464	10.5	0.52	0.08	-0.01	0.68	0.14	0.23	0.04	1.12	1.74	0	0.85	0.1	0	290
0.00352577319587629	0.000268041237113402	9.17	0.62	0.11	-0.01	0.57	0.13	0.2	0.04	0.98	1.56	0	0.75	0.1	0	198
0.00312577319587629	0.000206185567010309	8.21	0.63	0.11	-0.02	0.53	0.14	0.17	0.04	0.84	1.44	0	0.6	0.1	0	141
0.0027340206185567	0.000206185567010309	7.26	0.63	0.09	-0.02	0.47	0.14	0.16	0.04	0.72	1.34	0	0.55	0.05	0	99
0.00225154639175258	0.000144329896907216	6.07	0.61	0.09	-0.03	0.4	0.12	0.12	0.04	0.54	1.16	0	0.45	0.1	0	53
0.00164536082474227	0.000103092783505155	4.61	0.62	0.09	-0.03	0.29	0.1	0.08	0.04	0.34	1.06	0	0.3	0.05	0	18
0.00137731958762887	0.000103092783505155	3.94	0.6	0.1	-0.05	0.25	0.1	0.04	0.03	0.24	1	0	0.3	0.05	0	7
0.000824742268041237	4.12371134020619e-05	2.52	0.52	0.11	-0.12	0.14	0.1	0.04	0.05	0	0.86	0	0.1	0	0	-12
0.000197938144329897	0	1	0.52	0.11	-0.11	0.02	0.09	0	0.06	-0.3	0.6	0	0.05	0.05	0	-34
-0.000585567010309278	-8.24742268041237e-05	-1	0.42	0.1	-0.12	-0.12	0.1	-0.04	0.08	-0.46	-0.16	0	-0.2	0	0	-51
-0.00135670103092784	-0.000164948453608247	-2.88	0.41	0.11	-0.12	-0.2	0.09	-0.16	0.1	-0.78	-0.52	0	-0.4	0	0	-96
-0.0016659793814433	-0.000206185567010309	-3.73	0.31	0.1	-0.18	-0.24	0.1	-0.23	0.14	-0.96	-0.68	0	-0.5	0	0	-119
-0.00209896907216495	-0.00022680412371134	-4.78	0.31	0.1	-0.22	-0.27	0.08	-0.34	0.22	-1.26	-0.9	0	-0.55	0	0	-159
-0.00245360824742268	-0.000268041237113402	-5.73	0.22	0.1	-0.22	-0.3	0.08	-0.43	0.31	-1.66	-1.22	0	-0.65	0	0	-203
-0.00291546391752577	-0.000268041237113402	-6.96	0.11	0.1	-0.22	-0.32	0.09	-0.49	0.43	-2.34	-1.86	0	-0.65	0	0	-254
-0.0033360824742268	-0.000329896907216495	-8.1	-0.01	0.1	-0.3	-0.33	0.08	-0.49	0.46	-3.06	-2.6	0	-0.8	0	0	-283
-0.00418556701030928	-0.000371134020618557	-10.27	-0.12	0.11	-0.33	-0.34	0.15	-0.39	0.45	-4.86	-4.74	0	-1	-0.1	0	-294
-0.00449896907216495	-0.000412371134020619	-11.14	-0.23	0.1	-0.34	-0.34	0.14	-0.32	0.37	-5.6	-5.72	0	-1.1	-0.1	0	-272
-0.00469690721649484	-0.00045360824742268	-11.61	-0.22	0.08	-0.33	-0.32	0.16	-0.29	0.34	-5.78	-5.88	0	-1.15	-0.05	0	-261
-0.00508865979381443	-0.000474226804123711	-12.67	-0.33	0.08	-0.35	-0.34	0.15	-0.25	0.29	-6.36	-6.58	0	-1.25	-0.1	0	-266
-0.00531546391752577	-0.000494845360824742	-13.23	-0.34	0.07	-0.35	-0.32	0.15	-0.22	0.26	-6.62	-6.92	0	-1.25	-0.05	0	-266
-0.00556288659793814	-0.000515463917525773	-13.83	-0.34	0.07	-0.36	-0.34	0.14	-0.2	0.23	-6.86	-7.2	0	-1.35	-0.1	0	-268
-0.00578144329896907	-0.000556701030927835	-14.46	-0.44	0.07	-0.36	-0.33	0.14	-0.18	0.21	-7.16	-7.52	0	-1.45	-0.1	0	-269
-0.00601237113402062	-0.000556701030927835	-15.03	-0.45	0.07	-0.35	-0.32	0.15	-0.15	0.19	-7.36	-7.78	0	-1.45	-0.1	0	-269
-0.00629278350515464	-0.000556701030927835	-15.7	-0.44	0.06	-0.35	-0.33	0.15	-0.12	0.18	-7.58	-8.06	0	-1.5	-0.15	0	-270
-0.00647422680412371	-0.000597938144329897	-16.25	-0.55	0.07	-0.35	-0.33	0.15	-0.1	0.17	-7.82	-8.32	0	-1.6	-0.15	0	-268
-0.00691546391752577	-0.000618556701030928	-17.32	-0.55	0.09	-0.35	-0.32	0.16	-0.07	0.16	-8.16	-8.68	0	-1.65	-0.15	0	-267
-0.00691134020618557	-0.000597938144329897	-17.3	-0.54	0.09	-0.33	-0.33	0.16	-0.07	0.16	-8.2	-8.72	0	-1.6	-0.15	0	-260
-0.00629278350515464	-0.000556701030927835	-15.79	-0.53	0.09	-0.33	-0.29	0.16	-0.06	0.15	-7.82	-8.26	0	-1.45	-0.1	0	-241
-0.00555051546391753	-0.000494845360824742	-13.88	-0.42	0.09	-0.33	-0.29	0.17	-0.08	0.18	-7.24	-7.56	0	-1.3	-0.1	0	-227
-0.00477938144329897	-0.00045360824742268	-11.91	-0.32	0.09	-0.33	-0.31	0.17	-0.14	0.24	-6.52	-6.7	0	-1.1	0	0	-213
-0.00411958762886598	-0.000391752577319588	-10.2	-0.21	0.12	-0.31	-0.3	0.12	-0.21	0.27	-5.72	-5.72	0	-0.95	0	0	-198
-0.00334845360824742	-0.000309278350515464	-8.2	-0.08	0.1	-0.22	-0.29	0.1	-0.3	0.28	-4.58	-4.4	0	-0.75	0	0	-171
-0.00256907216494845	-0.00022680412371134	-6.13	0.1	0.08	-0.24	-0.28	0.08	-0.33	0.19	-3.18	-2.86	0	-0.55	0	0	-104
-0.00214432989690722	-0.000247422680412371	-5.1	0.1	0.08	-0.24	-0.29	0.07	-0.32	0.08	-2.48	-2.12	0	-0.55	0.05	0	-56
-0.00182268041237113	-0.000185567010309278	-4.21	0.21	0.08	-0.2	-0.27	0.05	-0.28	0.08	-1.94	-1.6	0	-0.45	0	0	-17
-0.00147628865979381	-0.000164948453608247	-3.36	0.22	0.11	-0.13	-0.24	0.05	-0.25	0.07	-1.58	-1.24	0	-0.4	0	0	6
-0.000610309278350515	-8.24742268041237e-05	-1.19	0.29	0.09	-0.13	-0.1	0.05	-0.16	0.05	-0.94	-0.62	0	-0.15	0.05	0	33
0.000206185567010309	-2.06185567010309e-05	0.91	0.41	0.08	-0.14	0.05	0.06	-0.07	0.04	-0.52	-0.06	0	-0.05	0	0	48
0.00071340206185567	6.18556701030928e-05	2.14	0.41	0.07	-0.14	0.18	0.05	-0.01	0.02	-0.32	0.22	0	0.15	0	0	63
0.00110103092783505	4.12371134020619e-05	3.18	0.51	0.1	-0.12	0.27	0.05	0.05	0.02	-0.14	0.4	0	0.2	0.1	0	82
0.00144742268041237	4.12371134020619e-05	4.02	0.51	0.1	-0.12	0.35	0.04	0.07	0.03	0	0.52	0	0.2	0.1	0	101
0.00191752577319588	0.000144329896907216	5.17	0.52	0.11	-0.12	0.44	0.05	0.12	0.03	0.18	0.72	0	0.45	0.1	0	133
0.00228453608247423	0.000144329896907216	6.13	0.59	0.11	-0.09	0.52	0.04	0.15	0.03	0.36	0.88	0	0.5	0.15	0	159
0.00277938144329897	0.000185567010309278	7.36	0.62	0.11	-0.02	0.62	0.05	0.18	0.04	0.54	1.1	0	0.6	0.15	0	204
0.00331546391752577	0.000288659793814433	8.66	0.62	0.1	0	0.72	0.08	0.21	0.03	0.72	1.32	0	0.85	0.15	0	256
0.00379381443298969	0.000247422680412371	9.83	0.63	0.1	-0.01	0.8	0.1	0.23	0	0.86	1.52	0	0.8	0.2	0	305
0.0042639175257732	0.000288659793814433	10.97	0.63	0.1	-0.02	0.89	0.1	0.25	0.02	1	1.68	0	0.95	0.25	0	359
0.00477113402061856	0.000371134020618557	12.2	0.63	0.1	-0.01	0.98	0.12	0.27	0.03	1.12	1.9	0	1.1	0.2	0	421
0.00528247422680412	0.000412371134020619	13.45	0.64	0.1	-0.01	1.05	0.12	0.28	0.04	1.28	2.12	0	1.2	0.2	0	464
0.0058680412371134	0.00043298969072165	14.86	0.63	0.11	0	1.12	0.11	0.29	0.03	1.5	2.44	0	1.3	0.25	0	504
0.00641237113402062	0.000474226804123711	16.29	0.74	0.11	0.02	1.15	0.12	0.29	0.03	1.76	2.76	0	1.4	0.25	0	540
0.00668865979381443	0.000515463917525773	16.95	0.73	0.11	0.09	1.2	0.12	0.29	0.02	1.88	2.92	0	1.5	0.25	0	557
0.00717113402061856	0.000536082474226804	18.13	0.74	0.11	0.09	1.25	0.12	0.3	0.03	2.08	3.18	0	1.6	0.3	0	584
0.00751752577319588	0.000597938144329897	18.96	0.73	0.11	0.09	1.29	0.13	0.29	0.03	2.24	3.38	0	1.75	0.3	0	604
0.00767010309278351	0.000597938144329897	19.43	0.83	0.1	0.07	1.28	0.16	0.29	0.02	2.34	3.54	0	1.75	0.3	0	567
0.00718762886597938	0.000556701030927835	18.38	0.95	0.11	0.08	0.97	0.16	0.26	0.03	2.3	3.52	0	1.6	0.25	0	464
0.00647835051546392	0.000515463917525773	16.76	1.05	0.11	0.03	0.9	0.2	0.24	0.04	2.1	3.28	0	1.45	0.2	0	346
0.00604948453608247	0.00045360824742268	15.81	1.14	0.1	-0.03	0.85	0.18	0.23	0.05	1.98	3.16	0	1.35	0.25	0	287
0.00569484536082474	0.000474226804123711	15.05	1.24	0.1	-0.02	0.8	0.19	0.23	0.05	1.88	3.06	0	1.35	0.2	0	242
0.00534432989690722	0.000412371134020619	14.2	1.24	0.08	-0.03	0.79	0.21	0.21	0.06	1.76	2.9	0	1.2	0.2	0	196
0.00487010309278351	0.000371134020618557	13.06	1.25	0.08	-0.02	0.74	0.23	0.21	0.06	1.56	2.72	0	1.1	0.2	0	143
0.0044	0.000329896907216495	11.91	1.24	0.09	-0.03	0.7	0.18	0.18	0.04	1.36	2.58	0	1.05	0.25	0	100
0.0037319587628866	0.000288659793814433	10.3	1.25	0.09	-0.03	0.62	0.17	0.17	0.07	1.14	2.4	0	0.85	0.15	0	55
0.00298969072164948	0.000185567010309278	8.5	1.25	0.08	-0.12	0.55	0.11	0.14	0.11	0.9	2.26	0	0.6	0.15	0	23
0.00251958762886598	0.000206185567010309	7.26	1.15	0.07	-0.13	0.49	0.12	0.13	0.12	0.72	2.18	0	0.6	0.1	0	7
0.00225154639175258	0.000144329896907216	6.6	1.14	0.06	-0.14	0.44	0.11	0.12	0.13	0.58	2.12	0	0.45	0.1	0	-1
0.00159175257731959	0.000103092783505155	4.89	1.03	0.04	-0.14	0.31	0.1	0.08	0.14	0.02	1.98	0	0.35	0.1	0	-19
0.000729896907216495	4.12371134020619e-05	2.8	1.03	0.02	-0.13	0.16	0.09	0.02	0.15	-0.52	1.74	0	0.2	0.1	0	-42
-5.36082474226804e-05	-2.06185567010309e-05	0.8	0.93	0.01	-0.19	-0.02	0.07	-0.09	0.15	-0.74	0.88	0	0	0.05	0	-62
-0.000395876288659794	-4.12371134020619e-05	-0.04	0.92	0.01	-0.21	-0.07	0.09	-0.07	0.12	-0.76	0.28	0	-0.1	0	0	-55
-0.000981443298969072	-0.000123711340206186	-1.55	0.83	0.02	-0.23	-0.17	0.09	-0.12	0.12	-0.86	-0.26	0	-0.25	0.05	0	-70
-0.00152577319587629	-0.000164948453608247	-2.99	0.71	0.01	-0.25	-0.24	0.09	-0.23	0.14	-1.12	-0.58	0	-0.4	0	0	-104
-0.00215257731958763	-0.000247422680412371	-4.6	0.62	0.02	-0.24	-0.29	0.09	-0.37	0.23	-1.54	-0.9	0	-0.55	0.05	0	-154
-0.00262680412371134	-0.000268041237113402	-5.86	0.51	0.02	-0.35	-0.33	0.09	-0.47	0.34	-2.1	-1.36	0	-0.6	0.05	0	-208
-0.00311752577319588	-0.000288659793814433	-7.15	0.41	0	-0.35	-0.35	0.06	-0.53	0.43	-2.76	-2.04	0	-0.75	-0.05	0	-255
-0.00350515463917526	-0.000350515463917526	-8.2	0.3	0.01	-0.33	-0.36	0.09	-0.51	0.46	-3.48	-2.82	0	-0.85	0	0	-282
-0.00374432989690722	-0.000371134020618557	-8.77	0.31	0.01	-0.34	-0.37	0.07	-0.52	0.47	-3.88	-3.26	0	-0.85	0.05	0	-290
-0.00397525773195876	-0.000350515463917526	-9.44	0.2	0.02	-0.33	-0.36	0.11	-0.47	0.46	-4.38	-3.8	0	-0.85	0	0	-296
-0.00425154639175258	-0.000391752577319588	-10.1	0.21	0	-0.35	-0.36	0.13	-0.43	0.45	-4.88	-4.4	0	-1	-0.05	0	-293
-0.0045979381443299	-0.00043298969072165	-11.05	0.1	0.03	-0.33	-0.36	0.11	-0.35	0.39	-5.84	-5.7	0	-1.1	-0.05	0	-269
-0.00484123711340206	-0.000432989690721649	-11.64	0.1	0.02	-0.33	-0.34	0.15	-0.28	0.34	-6.28	-6.24	0	-1.15	-0.1	0	-260
-0.00510515463917526	-0.000474226804123711	-12.27	0.11	0.03	-0.33	-0.35	0.14	-0.27	0.3	-6.6	-6.58	0	-1.25	-0.1	0	-258
-0.00529484536082474	-0.000474226804123711	-12.85	-0.01	0.03	-0.35	-0.36	0.13	-0.24	0.26	-6.9	-6.92	0	-1.25	-0.1	0	-258
-0.00557525773195876	-0.000515463917525773	-13.52	0	0.05	-0.33	-0.37	0.11	-0.23	0.21	-7.16	-7.26	0	-1.35	-0.1	0	-258
-0.00584329896907216	-0.000536082474226804	-14.28	-0.11	0.05	-0.33	-0.35	0.14	-0.18	0.21	-7.46	-7.62	0	-1.3	0	0	-259
-0.00623092783505155	-0.000597938144329897	-15.23	-0.12	0.05	-0.33	-0.36	0.13	-0.13	0.18	-7.78	-8.02	0	-1.5	-0.05	0	-262
-0.0065360824742268	-0.000597938144329897	-16.07	-0.22	0.05	-0.33	-0.35	0.14	-0.11	0.17	-8.1	-8.38	0	-1.5	-0.05	0	-262
-0.00696494845360825	-0.000639175257731959	-17.13	-0.24	0.07	-0.33	-0.35	0.15	-0.08	0.16	-8.42	-8.8	0	-1.6	-0.05	0	-264
-0.00755051546391753	-0.000680412371134021	-18.64	-0.33	0.1	-0.33	-0.34	0.16	-0.04	0.15	-8.76	-9.34	0	-1.75	-0.1	0	-265
-0.00801649484536082	-0.000721649484536082	-19.88	-0.44	0.11	-0.33	-0.33	0.17	0.01	0.15	-9	-9.76	0	-1.9	-0.15	0	-265
-0.00825979381443299	-0.000742268041237113	-20.45	-0.42	0.12	-0.3	-0.31	0.17	0.03	0.15	-9.12	-9.92	0	-1.9	-0.1	0	-264
-0.00828041237113402	-0.000721649484536082	-20.53	-0.45	0.06	-0.32	-0.32	0.16	0.05	0.14	-9.16	-9.96	0	-1.85	-0.1	0	-258
-0.00758350515463917	-0.000701030927835052	-18.83	-0.44	0.09	-0.34	-0.29	0.14	0.03	0.14	-8.9	-9.5	0	-1.75	-0.05	0	-236
-0.00680412371134021	-0.000577319587628866	-16.84	-0.34	0.08	-0.35	-0.3	0.16	-0.02	0.14	-8.42	-8.9	0	-1.5	-0.1	0	-225
-0.00645360824742268	-0.000597938144329897	-15.89	-0.24	0.05	-0.35	-0.3	0.17	-0.05	0.14	-8.16	-8.56	0	-1.45	0	0	-220
-0.00603298969072165	-0.000556701030927835	-14.76	-0.13	0.05	-0.34	-0.3	0.14	-0.1	0.15	-7.82	-8.16	0	-1.35	0	0	-214
-0.00525773195876289	-0.000474226804123711	-12.77	-0.02	0.04	-0.34	-0.3	0.16	-0.17	0.19	-7.14	-7.34	0	-1.15	0	0	-200
-0.00409072164948454	-0.000371134020618557	-9.82	0.1	0.02	-0.34	-0.3	0.09	-0.28	0.24	-5.88	-5.86	0	-0.9	0	0	-176
-0.00325773195876289	-0.000309278350515464	-7.6	0.3	0.01	-0.35	-0.31	0.06	-0.36	0.24	-4.64	-4.4	0	-0.75	0	0	-141
-0.00265154639175258	-0.000268041237113402	-6.03	0.4	0.01	-0.23	-0.31	0.07	-0.37	0.19	-3.54	-3.08	0	-0.6	0.05	0	-95
-0.00214845360824742	-0.000185567010309278	-4.7	0.51	0.01	-0.22	-0.3	0.05	-0.37	0.09	-2.6	-2.14	0	-0.45	0	0	-40
-0.0018020618556701	-0.000164948453608247	-3.84	0.53	0.01	-0.23	-0.29	0.04	-0.32	0.07	-2.04	-1.68	0	-0.35	0.05	0	-12
-0.00148453608247423	-0.000103092783505155	-2.99	0.61	0.01	-0.23	-0.25	0.03	-0.28	0.07	-1.68	-1.4	0	-0.25	0	0	9
-0.000288659793814433	-4.12371134020619e-05	0.03	0.73	0.01	-0.12	0	0.03	-0.09	0.06	-0.7	-0.7	0	0	0.1	0	40
0.000457731958762887	0	1.93	0.82	0	-0.12	0.14	0	-0.03	0.05	-0.3	-0.1	0	0.15	0.15	0	55
0.00126185567010309	6.18556701030928e-05	3.93	0.87	0.01	-0.13	0.3	0.04	0.07	0.06	-0.06	0.52	0	0.3	0.15	0	72
0.00218144329896907	0.000164948453608247	6.22	0.93	0.01	-0.13	0.5	0.03	0.13	0.05	0.32	1.14	0	0.6	0.2	0	103
0.00310515463917526	0.000268041237113402	8.58	1.05	0.03	-0.09	0.7	0.04	0.18	0.05	0.7	1.64	0	0.8	0.15	0	149
0.00376494845360825	0.000309278350515464	10.28	1.15	0.04	0.01	0.8	0.09	0.2	0.04	1	1.96	0	0.95	0.2	0	196
0.00447422680412371	0.000371134020618557	11.99	1.14	0	0.01	0.9	0.13	0.23	0.04	1.28	2.28	0	1.15	0.25	0	252
0.00514226804123711	0.000391752577319588	13.61	1.14	0	-0.03	0.98	0.16	0.25	0.05	1.5	2.56	0	1.2	0.25	0	311
0.00584742268041237	0.000494845360824742	15.32	1.14	0	-0.03	1.08	0.17	0.27	0.05	1.68	2.82	0	1.45	0.25	0	377
0.00643298969072165	0.000494845360824742	16.75	1.15	0.01	-0.02	1.15	0.18	0.27	0.04	1.86	3.08	0	1.5	0.3	0	442
0.00698144329896907	0.000577319587628866	18.08	1.15	0.01	-0.02	1.21	0.18	0.27	0.04	2.02	3.34	0	1.7	0.3	0	502
0.00757113402061856	0.000639175257731959	19.51	1.15	0.01	0.08	1.3	0.19	0.27	0.04	2.18	3.56	0	1.85	0.3	0	566
0.00804536082474227	0.00065979381443299	20.66	1.15	0.01	0.08	1.34	0.18	0.27	0.04	2.34	3.8	0	1.9	0.3	0	609
0.00811958762886598	0.000639175257731959	20.94	1.25	0	0.07	1.14	0.18	0.26	0.03	2.42	3.9	0	1.9	0.35	0	574
0.00752577319587629	0.000597938144329897	19.6	1.35	0.01	0.09	1.03	0.19	0.25	0.04	2.38	3.8	0	1.7	0.25	0	450
0.00681649484536082	0.000536082474226804	17.99	1.46	0	0	0.94	0.22	0.22	0.06	2.16	3.58	0	1.55	0.25	0	331
0.0060659793814433	0.000474226804123711	16.27	1.56	0	-0.03	0.88	0.21	0.2	0.06	1.96	3.34	0	1.4	0.25	0	231
0.00524536082474227	0.000412371134020619	14.38	1.66	0	-0.03	0.81	0.22	0.19	0.06	1.66	3.06	0	1.2	0.2	0	145
0.0045319587628866	0.000391752577319588	12.67	1.68	0	-0.03	0.75	0.19	0.18	0.07	1.36	2.82	0	1.1	0.15	0	84
0.00383092783505155	0.000329896907216495	10.86	1.57	0.01	-0.12	0.69	0.15	0.16	0.07	1.12	2.58	0	0.95	0.15	0	44
0.00344329896907216	0.000268041237113402	9.92	1.57	0	-0.12	0.65	0.14	0.15	0.1	0.98	2.48	0	0.8	0.15	0	30
0.00274226804123711	0.000206185567010309	8.1	1.45	0	-0.13	0.56	0.1	0.12	0.15	0.7	2.34	0	0.65	0.15	0	9
0.00235876288659794	0.000164948453608247	7.17	1.45	-0.01	-0.12	0.49	0.11	0.11	0.17	0.52	2.22	0	0.55	0.15	0	-2
0.00160824742268041	0.000123711340206186	5.25	1.35	0.01	-0.12	0.36	0.07	0.07	0.18	-0.16	2.08	0	0.4	0.1	0	-19
0.000787628865979381	4.12371134020619e-05	3.25	1.34	0	-0.16	0.21	0.06	0.01	0.18	-0.66	1.78	0	0.2	0.1	0	-41
0.000127835051546392	0	1.55	1.24	0	-0.24	0.04	0.08	-0.04	0.17	-0.82	0.98	0	0.1	0.1	0	-51
-0.000614432989690722	-0.000103092783505155	-0.34	1.15	-0.01	-0.24	-0.08	0.08	-0.05	0.14	-0.88	-0.08	0	-0.15	0.1	0	-54
-0.00127422680412371	-0.000144329896907216	-1.95	1.14	0	-0.23	-0.19	0.08	-0.18	0.13	-1.14	-0.54	0	-0.3	0.05	0	-82
-0.0019340206185567	-0.000185567010309278	-3.75	0.94	0.01	-0.22	-0.26	0.08	-0.34	0.18	-1.54	-0.88	0	-0.4	0.05	0	-127
-0.00228453608247423	-0.000206185567010309	-4.6	0.94	0.01	-0.32	-0.29	0.08	-0.44	0.25	-1.82	-1.08	0	-0.5	0	0	-156
-0.0025979381443299	-0.000247422680412371	-5.46	0.84	0.01	-0.33	-0.33	0.07	-0.51	0.29	-2.24	-1.38	0	-0.55	0.05	0	-193
-0.00282886597938144	-0.000268041237113402	-6.14	0.72	0	-0.33	-0.33	0.08	-0.55	0.36	-2.52	-1.68	0	-0.6	0.05	0	-217
-0.00323298969072165	-0.000309278350515464	-7.11	0.73	0	-0.32	-0.35	0.08	-0.58	0.42	-3.14	-2.26	0	-0.7	0.05	0	-251
-0.00349278350515464	-0.000329896907216495	-7.84	0.63	0.01	-0.32	-0.36	0.07	-0.58	0.45	-3.62	-2.78	0	-0.8	0	0	-270
-0.0037319587628866	-0.000350515463917526	-8.41	0.64	0.02	-0.32	-0.35	0.09	-0.57	0.46	-4.02	-3.22	0	-0.8	0.05	0	-279
-0.00391752577319588	-0.000350515463917526	-8.98	0.52	-0.01	-0.32	-0.36	0.05	-0.59	0.45	-4.4	-3.68	0	-0.8	0.05	0	-286
-0.00415257731958763	-0.000350515463917526	-9.55	0.52	0	-0.32	-0.36	0.1	-0.53	0.46	-4.84	-4.12	0	-0.85	0	0	-288
-0.00442474226804124	-0.000412371134020619	-10.21	0.52	0.02	-0.29	-0.35	0.1	-0.49	0.46	-5.3	-4.7	0	-1	0	0	-285
-0.00461443298969072	-0.00045360824742268	-10.77	0.42	0.01	-0.33	-0.36	0.11	-0.43	0.42	-5.88	-5.56	0	-1.05	0.05	0	-270
-0.00484948453608247	-0.00045360824742268	-11.35	0.41	0.01	-0.32	-0.36	0.11	-0.38	0.37	-6.38	-6.14	0	-1.1	0	0	-259
-0.00512577319587629	-0.000474226804123711	-12.02	0.41	0.01	-0.3	-0.35	0.09	-0.35	0.31	-6.84	-6.66	0	-1.15	0	0	-250
-0.00531546391752577	-0.000494845360824742	-12.58	0.31	0.01	-0.32	-0.36	0.11	-0.32	0.27	-7.18	-7.04	0	-1.2	0	0	-244
-0.00559175257731959	-0.000536082474226804	-13.24	0.32	0.01	-0.33	-0.36	0.11	-0.29	0.24	-7.44	-7.32	0	-1.35	-0.05	0	-244
-0.00582680412371134	-0.000515463917525773	-13.82	0.31	0.01	-0.32	-0.35	0.1	-0.27	0.21	-7.72	-7.66	0	-1.35	-0.1	0	-244
-0.00602886597938144	-0.000515463917525773	-14.42	0.2	0	-0.33	-0.36	0.12	-0.23	0.2	-7.94	-7.92	0	-1.35	-0.1	0	-247
-0.00629278350515464	-0.000556701030927835	-15.06	0.2	0.01	-0.35	-0.35	0.12	-0.2	0.19	-8.1	-8.16	0	-1.4	-0.05	0	-248
-0.00652371134020619	-0.000597938144329897	-15.62	0.2	0.01	-0.38	-0.35	0.12	-0.18	0.18	-8.3	-8.4	0	-1.45	0	0	-250
-0.00674639175257732	-0.000597938144329897	-16.27	0.09	0	-0.41	-0.34	0.12	-0.14	0.18	-8.5	-8.64	0	-1.5	-0.05	0	-252
-0.00698556701030928	-0.00065979381443299	-16.85	0.09	0	-0.42	-0.34	0.12	-0.12	0.16	-8.64	-8.84	0	-1.65	-0.05	0	-253
-0.00718762886597938	-0.000639175257731959	-17.42	0.01	0	-0.43	-0.35	0.13	-0.1	0.16	-8.8	-9.06	0	-1.6	-0.05	0	-254
-0.00740618556701031	-0.000680412371134021	-17.99	-0.03	-0.01	-0.44	-0.35	0.13	-0.08	0.16	-8.94	-9.24	0	-1.7	-0.05	0	-256
-0.00788865979381443	-0.000701030927835052	-19.22	-0.09	0	-0.43	-0.33	0.14	-0.04	0.15	-9.18	-9.66	0	-1.75	-0.05	0	-258
-0.00830515463917526	-0.000762886597938144	-20.26	-0.12	0	-0.44	-0.33	0.13	-0.01	0.16	-9.34	-9.98	0	-1.9	-0.05	0	-260
-0.00830515463917526	-0.000742268041237113	-20.26	-0.12	0	-0.42	-0.29	0.16	0.01	0.15	-9.3	-10	0	-1.85	-0.05	0	-244
-0.00750515463917526	-0.00065979381443299	-18.32	-0.12	-0.01	-0.44	-0.28	0.16	0.03	0.15	-8.96	-9.44	0	-1.65	-0.05	0	-231
-0.00675051546391752	-0.000577319587628866	-16.29	0.08	0	-0.4	-0.28	0.16	-0.01	0.15	-8.44	-8.82	0	-1.4	0	0	-219
-0.00593814432989691	-0.000515463917525773	-14.19	0.21	0.01	-0.34	-0.28	0.16	-0.09	0.16	-7.8	-8	0	-1.3	-0.05	0	-206
-0.00515876288659794	-0.000494845360824742	-12.2	0.31	0	-0.33	-0.29	0.14	-0.16	0.2	-7.1	-7.18	0	-1.1	0.1	0	-193
-0.00434226804123711	-0.000391752577319588	-10.12	0.41	-0.01	-0.34	-0.29	0.11	-0.23	0.24	-6.26	-6.18	0	-0.9	0.05	0	-177
-0.00352989690721649	-0.000309278350515464	-8.05	0.51	-0.02	-0.34	-0.3	0.08	-0.3	0.23	-5.2	-4.92	0	-0.7	0.05	0	-149
-0.00282061855670103	-0.000288659793814433	-6.13	0.71	-0.03	-0.36	-0.31	0.05	-0.36	0.22	-3.96	-3.42	0	-0.6	0.1	0	-101
-0.00204123711340206	-0.000185567010309278	-4.15	0.8	-0.01	-0.25	-0.3	0.03	-0.36	0.1	-2.56	-2.04	0	-0.4	0.05	0	-28
-0.00148865979381443	-0.000185567010309278	-2.71	0.9	-0.02	-0.25	-0.24	0.01	-0.29	0.08	-1.78	-1.44	0	-0.35	0.1	0	11
-0.000808247422680412	-8.24742268041237e-05	-0.92	1.04	0	-0.23	-0.09	0.01	-0.14	0.07	-1.14	-0.98	0	-0.1	0.1	0	30
8.24742268041238e-05	0	1.35	1.15	0	-0.21	0.08	0.03	-0.05	0.09	-0.5	-0.5	0	0.15	0.15	0	48
0.000944329896907217	2.06185567010309e-05	3.44	1.15	0.01	-0.1	0.26	0.01	0.02	0.08	-0.22	0.26	0	0.25	0.2	0	61
0.00168659793814433	8.24742268041237e-05	5.34	1.25	0	-0.09	0.42	0.02	0.08	0.06	0.06	0.82	0	0.4	0.2	0	79
0.00238350515463917	0.000144329896907216	7.14	1.36	0.01	-0.09	0.56	0.01	0.12	0.06	0.34	1.32	0	0.6	0.25	0	101
0.00316288659793814	0.00022680412371134	9.05	1.38	0.01	-0.09	0.7	0.02	0.17	0.07	0.66	1.8	0	0.8	0.25	0	132
0.0038680412371134	0.000247422680412371	10.85	1.47	0.01	-0.1	0.8	0.06	0.18	0.06	0.98	2.16	0	0.9	0.3	0	173
0.00454432989690722	0.000350515463917526	12.47	1.45	0	0.01	0.89	0.1	0.21	0.07	1.28	2.44	0	1.1	0.25	0	220
0.0052	0.00043298969072165	14.18	1.57	0.01	0.01	0.99	0.14	0.22	0.07	1.54	2.72	0	1.35	0.3	0	275
0.0058639175257732	0.000474226804123711	15.79	1.57	0	0.01	1.06	0.17	0.24	0.06	1.74	3.02	0	1.45	0.3	0	339
0.00648659793814433	0.000515463917525773	17.31	1.58	0.01	-0.01	1.14	0.17	0.24	0.06	1.92	3.26	0	1.55	0.3	0	402
0.00707216494845361	0.000597938144329897	18.74	1.59	0.02	0.02	1.21	0.18	0.25	0.06	2.08	3.5	0	1.75	0.3	0	469
0.0076659793814433	0.000618556701030928	20.16	1.57	0	0.06	1.27	0.18	0.25	0.06	2.24	3.74	0	1.8	0.3	0	536
0.00829278350515464	0.000680412371134021	21.58	1.47	0.01	0.11	1.35	0.18	0.25	0.05	2.4	4	0	2	0.35	0	601
0.00889484536082474	0.000721649484536082	23.02	1.45	0	0.11	1.42	0.2	0.25	0.05	2.64	4.3	0	2.1	0.35	0	655
0.0094680412371134	0.000783505154639175	24.45	1.49	-0.01	0.09	1.44	0.18	0.25	0.03	2.9	4.58	0	2.3	0.4	0	690
0.0096659793814433	0.000783505154639175	25.01	1.57	0.01	0.11	1.44	0.19	0.25	0.03	3.04	4.74	0	2.35	0.45	0	704
0.00991340206185567	0.000824742268041237	25.6	1.56	0	0.11	1.46	0.17	0.24	0.03	3.14	4.84	0	2.45	0.45	0	713
0.0101072164948454	0.000865979381443299	26.06	1.55	-0.01	0.07	1.46	0.2	0.25	0.02	3.26	4.92	0	2.5	0.4	0	724
0.0103463917525773	0.000845360824742268	26.64	1.55	-0.02	0.07	1.47	0.25	0.24	0	3.4	5.16	0	2.5	0.45	0	736
0.0105443298969072	0.000865979381443299	27.12	1.55	-0.02	0.08	1.51	0.26	0.24	0	3.42	5.32	0	2.5	0.4	0	725
0.0107340206185567	0.00088659793814433	27.59	1.56	-0.01	0.11	1.53	0.26	0.24	0	3.48	5.42	0	2.55	0.4	0	737
0.0109319587628866	0.000907216494845361	28.06	1.55	-0.01	0.08	1.51	0.27	0.23	-0.03	3.56	5.54	0	2.65	0.45	0	748
0.0110886597938144	0.000907216494845361	28.54	1.65	0	0.12	1.54	0.26	0.24	0	3.66	5.64	0	2.65	0.45	0	757
0.0112371134020619	0.000948453608247423	28.93	1.68	-0.01	0.09	1.53	0.27	0.25	0	3.76	5.76	0	2.7	0.4	0	764
0.011459793814433	0.000969072164948454	29.45	1.66	-0.01	0.07	1.53	0.27	0.24	-0.01	3.84	5.88	0	2.75	0.4	0	771
0.0116371134020619	0.000969072164948453	29.89	1.67	0	0.08	1.55	0.28	0.24	0	3.94	5.98	0	2.8	0.45	0	778
0.0118350515463918	0.000927835051546392	30.36	1.66	-0.01	0.08	1.55	0.29	0.24	-0.02	4.02	6.08	0	2.8	0.55	0	786
0.0120288659793814	0.00101030927835052	30.83	1.66	-0.02	0.07	1.55	0.29	0.24	-0.01	4.16	6.18	0	2.95	0.5	0	794
0.0122103092783505	0.000969072164948454	31.28	1.67	0	0.08	1.56	0.3	0.24	-0.01	4.26	6.3	0	2.85	0.5	0	802
0.012379381443299	0.00101030927835052	31.7	1.68	0	0.08	1.55	0.3	0.22	-0.03	4.36	6.4	0	2.9	0.45	0	808
0.0125360824742268	0.00101030927835052	32.17	1.77	0	0.08	1.59	0.35	0.22	-0.01	4.72	6.42	0	3	0.55	0	781
0.0127422680412371	0.00109278350515464	32.66	1.76	-0.01	0.07	1.59	0.32	0.21	-0.02	4.88	6.46	0	3.15	0.5	0	787
0.0129319587628866	0.00101030927835052	33.13	1.77	-0.01	0.1	1.62	0.35	0.22	-0.02	5.02	6.5	0	3.05	0.6	0	796
0.0130845360824742	0.00109278350515464	33.5	1.77	-0.01	0.07	1.6	0.35	0.22	-0.01	5.16	6.58	0	3.1	0.45	0	807
0.0132783505154639	0.0011340206185567	33.98	1.78	-0.02	0.07	1.61	0.36	0.22	-0.02	5.28	6.62	0	3.2	0.45	0	815
0.013480412371134	0.0011340206185567	34.46	1.77	-0.01	0.07	1.61	0.36	0.21	-0.02	5.4	6.68	0	3.25	0.5	0	823
0.0136082474226804	0.00115463917525773	34.83	1.83	-0.01	0.07	1.61	0.36	0.21	-0.02	5.54	6.76	0	3.35	0.55	0	830
0.0137938144329897	0.00117525773195876	35.32	1.87	-0.03	0.07	1.62	0.37	0.2	-0.02	5.66	6.84	0	3.35	0.5	0	834
0.0139546391752577	0.00115463917525773	35.7	1.86	-0.03	0.1	1.63	0.38	0.21	-0.02	5.76	6.92	0	3.35	0.55	0	840
0.0142185567010309	0.00119587628865979	36.36	1.88	-0.01	0.08	1.64	0.39	0.2	-0.02	5.96	7.04	0	3.4	0.5	0	849
0.0147298969072165	0.00121649484536082	37.6	1.88	-0.01	0.1	1.64	0.41	0.19	-0.02	6.28	7.34	0	3.45	0.5	0	861
0.0149690721649485	0.00127835051546392	38.28	1.98	-0.01	0.1	1.65	0.41	0.17	-0.03	6.46	7.52	0	3.65	0.55	0	871
0.015319587628866	0.00131958762886598	39.14	1.99	0.01	0.09	1.65	0.45	0.17	-0.03	6.68	7.74	0	3.7	0.5	0	881
0.015719587628866	0.00131958762886598	40.1	1.98	-0.01	0.1	1.66	0.45	0.16	-0.03	6.9	8.02	0	3.75	0.55	0	885
0.0159175257731959	0.00129896907216495	40.58	1.98	-0.01	0.07	1.66	0.47	0.17	-0.02	7	8.18	0	3.75	0.6	0	886
0.016140206185567	0.00136082474226804	41.25	2.11	-0.01	0.09	1.72	0.47	0.16	-0.03	7.16	8.42	0	3.85	0.55	0	891
0.0165443298969072	0.0014020618556701	42.21	2.09	-0.01	0.1	1.72	0.5	0.15	-0.03	7.38	8.76	0	4.05	0.65	0	895
0.0167010309278351	0.0014020618556701	42.59	2.09	-0.01	0.09	1.74	0.51	0.15	-0.03	7.48	8.86	0	4.05	0.65	0	899
0.0169360824742268	0.00138144329896907	43.16	2.09	-0.01	0.09	1.78	0.53	0.15	-0.03	7.6	9.02	0	4	0.65	0	903
0.0172082474226804	0.00138144329896907	43.83	2.1	-0.01	0.1	1.78	0.52	0.14	-0.03	7.76	9.24	0	4	0.65	0	908
0.0174886597938144	0.00144329896907217	44.61	2.2	-0.01	0.1	1.79	0.55	0.13	-0.03	8.06	9.44	0	4.15	0.65	0	906
0.0178432989690722	0.00148453608247423	45.46	2.19	0	0.09	1.81	0.57	0.13	-0.01	8.44	9.62	0	4.2	0.6	0	905
0.018119587628866	0.00152577319587629	46.23	2.29	-0.01	0.1	1.9	0.66	0.12	-0.01	9.46	9.64	0	4.35	0.65	0	841
0.018259793814433	0.0014639175257732	46.68	2.4	-0.01	0.09	1.9	0.65	0.12	0	9.84	9.64	0	4.3	0.75	0	792
0.0186639175257732	0.00152577319587629	47.67	2.41	0	0.1	1.93	0.66	0.1	-0.01	10.44	9.64	0	4.4	0.7	0	804
0.0192041237113402	0.00160824742268041	49.1	2.53	0	0.09	2	0.68	0.13	0	11.34	9.66	0	4.6	0.7	0	808
0.0195670103092784	0.00167010309278351	49.96	2.51	0	0.09	2.06	0.7	0.12	0.01	11.94	9.66	0	4.7	0.65	0	803
0.0210309278350515	0.00183505154639175	53.63	2.63	-0.01	0.1	2.28	0.75	0.11	0.03	14.4	9.7	0	5.15	0.7	0	792
0.0224247422680412	0.00193814432989691	57.19	2.81	-0.01	0.1	2.48	0.81	0.12	0.04	16.82	9.68	0	5.45	0.75	0	772
0.0230515463917526	0.00202061855670103	58.82	2.92	-0.01	0.09	2.59	0.86	0.11	0.08	18.1	9.7	0	5.7	0.8	0	739
0.0236082474226804	0.00202061855670103	60.27	3.02	-0.01	0.09	2.7	0.88	0.12	0.11	19.2	9.68	0	5.75	0.85	0	715
0.0239340206185567	0.00204123711340206	61.16	3.12	-0.02	0.1	2.75	0.92	0.12	0.13	20.12	9.64	0	5.8	0.85	0	688
0.0241567010309278	0.00210309278350515	61.71	3.13	-0.01	0.09	2.8	0.94	0.12	0.13	20.62	9.64	0	5.9	0.8	0	654
0.0244	0.00210309278350515	62.41	3.24	-0.01	0.09	2.85	0.96	0.13	0.16	21.26	9.62	0	5.9	0.8	0	642
0.0249030927835052	0.00214432989690722	63.94	3.55	-0.05	0.09	3.28	1.06	0.14	0.26	23.84	9.06	0	6.1	0.9	0	428
0.0254515463917526	0.00218556701030928	65.29	3.57	-0.04	0.1	3.31	1.06	0.14	0.28	24.82	9.02	0	6.2	0.9	0	412
0.0257690721649485	0.00222680412371134	66.06	3.57	-0.05	0.1	3.33	1.05	0.13	0.28	25.34	8.98	0	6.35	0.95	0	408
0.0262886597938144	0.0022680412371134	67.42	3.67	-0.06	0.07	3.39	1.06	0.15	0.31	26.34	8.96	0	6.45	0.95	0	402
0.0269731958762887	0.00232989690721649	69.08	3.67	-0.06	0.07	3.43	1.04	0.15	0.34	27.52	8.92	0	6.6	0.95	0	388
0.0276659793814433	0.00241237113402062	70.83	3.74	-0.07	0.1	3.53	1.03	0.15	0.39	28.82	8.88	0	6.8	0.95	0	371
0.0285278350515464	0.00249484536082474	72.95	3.77	-0.1	0.06	3.62	1.01	0.14	0.41	30.42	8.8	0	7.05	1	0	354
0.0293814432989691	0.00255670103092784	75.09	3.84	-0.12	0.07	3.69	1	0.14	0.44	31.94	8.76	0	7.2	1	0	338
0.0301360824742268	0.0025979381443299	76.94	3.86	-0.11	0.07	3.75	0.99	0.14	0.48	33.32	8.68	0	7.4	1.1	0	325
0.0308536082474227	0.00263917525773196	78.69	3.87	-0.12	0.07	3.84	0.98	0.13	0.5	34.54	8.68	0	7.55	1.15	0	318
0.0314927835051546	0.00272164948453608	80.35	3.98	-0.12	0.1	3.89	0.98	0.12	0.52	35.64	8.64	0	7.75	1.15	0	315
0.0321773195876289	0.00276288659793814	82	3.97	-0.11	0.11	3.96	0.98	0.12	0.55	36.68	8.64	0	7.9	1.2	0	312
0.0324494845360825	0.00282474226804124	82.77	4.08	-0.1	0.09	3.97	0.94	0.06	0.57	37.38	8.5	0	8.05	1.2	0	285
0.0318845360824742	0.00276288659793814	81.4	4.08	-0.11	0.04	3.71	0.91	0.03	0.58	37.22	8.16	0	7.75	1.05	0	208
0.0311216494845361	0.00268041237113402	79.55	4.08	-0.11	-0.03	3.6	0.9	0.01	0.58	36.98	7.88	0	7.55	1.05	0	154
0.0301979381443299	0.00261855670103093	77.31	4.08	-0.11	-0.03	3.47	0.88	0	0.57	36.58	7.52	0	7.4	1.05	0	110
0.0294350515463918	0.00255670103092784	75.46	4.08	-0.11	-0.03	3.41	0.87	-0.01	0.58	36.2	7.24	0	7.2	1	0	88
0.0287587628865979	0.00249484536082474	73.71	3.97	-0.12	-0.03	3.35	0.87	-0.01	0.61	35.72	7	0	7.05	1	0	69
0.0280412371134021	0.00245360824742268	71.97	3.97	-0.12	-0.04	3.27	0.86	-0.01	0.65	35.16	6.72	0	6.9	0.95	0	55
0.0272329896907216	0.00230927835051546	70.02	3.98	-0.12	-0.03	3.18	0.85	-0.02	0.74	34.5	6.38	0	6.6	1	0	42
0.0264164948453608	0.00230927835051546	67.99	3.93	-0.12	-0.03	3.12	0.83	-0.03	0.91	33.84	6	0	6.5	0.9	0	35
0.0256	0.00218556701030928	65.95	3.87	-0.12	-0.04	3.06	0.83	-0.03	1.25	33.24	5.68	0	6.3	1	0	26
0.0247628865979381	0.00216494845360825	63.92	3.87	-0.12	-0.04	3.02	0.82	-0.02	1.78	32.7	5.4	0	6.15	0.9	0	24
0.0239298969072165	0.00206185567010309	61.79	3.76	-0.12	-0.03	2.96	0.81	-0.03	2.25	32.4	4.76	0	5.9	0.9	0	19
0.0231298969072165	0.00202061855670103	59.86	3.77	-0.12	-0.02	2.87	0.79	-0.04	2.34	32.16	3.8	0	5.7	0.8	0	19
0.0222969072164948	0.00193814432989691	57.83	3.76	-0.12	-0.01	2.77	0.79	-0.05	2.32	32.14	2.42	0	5.55	0.85	0	24
0.0216247422680412	0.00189690721649485	56.1	3.66	-0.11	-0.02	2.68	0.77	-0.06	2.33	32.1	1.68	0	5.4	0.8	0	12
0.0210680412371134	0.00181443298969072	54.75	3.66	-0.11	-0.02	2.61	0.76	-0.06	2.32	31.42	1.46	0	5.15	0.75	0	4
0.0202721649484536	0.0017319587628866	52.72	3.56	-0.12	-0.04	2.52	0.73	-0.08	2.29	30.32	1.3	0	4.95	0.75	0	-2
0.0193319587628866	0.00164948453608247	50.43	3.55	-0.12	-0.07	2.41	0.71	-0.07	2.21	29	1.16	0	4.75	0.75	0	-8
0.0185814432989691	0.00156701030927835	48.51	3.45	-0.12	-0.13	2.3	0.68	-0.07	2.15	27.9	1.04	0	4.55	0.75	0	-13
0.0177896907216495	0.00150515463917526	46.59	3.45	-0.12	-0.13	2.21	0.66	-0.08	2.08	26.76	0.94	0	4.35	0.7	0	-17
0.0170474226804124	0.0014639175257732	44.67	3.33	-0.12	-0.13	2.14	0.63	-0.08	2.02	25.66	0.82	0	4.25	0.7	0	-22
0.0162144329896907	0.0014020618556701	42.65	3.33	-0.12	-0.13	2.06	0.6	-0.09	1.94	24.48	0.72	0	4.1	0.7	0	-25
0.0154556701030928	0.00131958762886598	40.74	3.26	-0.11	-0.12	1.98	0.57	-0.08	1.87	23.38	0.64	0	3.8	0.6	0	-29
0.0146762886597938	0.00129896907216495	38.83	3.24	-0.12	-0.15	1.89	0.53	-0.09	1.79	22.22	0.54	0	3.7	0.55	0	-33
0.0135752577319588	0.00119587628865979	36.05	3.13	-0.12	-0.14	1.77	0.5	-0.09	1.67	20.54	0.44	0	3.4	0.5	0	-36
0.0127092783505155	0.00107216494845361	33.86	3.04	-0.11	-0.13	1.67	0.46	-0.09	1.58	19.22	0.38	0	3.15	0.55	0	-40
0.0119752577319588	0.00109278350515464	31.97	2.93	-0.13	-0.16	1.56	0.43	-0.09	1.51	18.14	0.3	0	3.1	0.45	0	-43
0.011179381443299	0.000969072164948453	30.05	2.94	-0.12	-0.14	1.45	0.4	-0.08	1.43	16.98	0.24	0	2.8	0.45	0	-48
0.0104	0.00088659793814433	28.05	2.83	-0.12	-0.14	1.36	0.37	-0.08	1.35	15.86	0.2	0	2.55	0.4	0	-48
0.00955463917525773	0.000824742268041237	25.93	2.76	-0.12	-0.14	1.23	0.34	-0.09	1.26	14.6	0.16	0	2.4	0.4	0	-52
0.00879175257731959	0.000762886597938144	24.04	2.72	-0.12	-0.13	1.12	0.32	-0.08	1.2	13.54	0.08	0	2.2	0.35	0	-57
0.00800412371134021	0.000701030927835052	22.03	2.62	-0.12	-0.14	1.01	0.29	-0.08	1.12	12.4	0.04	0	2.1	0.4	0	-60
0.00724536082474227	0.000618556701030928	20.12	2.55	-0.12	-0.13	0.9	0.3	-0.07	1.04	11.26	-0.02	0	1.85	0.35	0	-61
0.00625154639175258	0.000577319587628866	17.67	2.51	-0.12	-0.14	0.74	0.25	-0.07	0.93	9.62	-0.1	0	1.7	0.3	0	-61
0.00542680412371134	0.000474226804123711	15.57	2.41	-0.12	-0.15	0.62	0.23	-0.08	0.83	8.34	-0.12	0	1.45	0.3	0	-61
0.00465567010309278	0.000391752577319588	13.58	2.29	-0.11	-0.14	0.48	0.2	-0.08	0.74	7.06	-0.2	0	1.25	0.3	0	-60
0.00387216494845361	0.000371134020618557	11.58	2.19	-0.12	-0.14	0.37	0.19	-0.08	0.65	5.76	-0.22	0	1.1	0.2	0	-58
0.00309690721649485	0.000288659793814433	9.59	2.08	-0.12	-0.15	0.24	0.18	-0.08	0.58	4.54	-0.3	0	0.9	0.2	0	-63
0.00235051546391753	0.00022680412371134	7.69	1.99	-0.11	-0.14	0.11	0.2	-0.08	0.54	3.42	-0.4	0	0.75	0.2	0	-72
0.00176907216494845	0.000164948453608247	6.18	1.89	-0.11	-0.14	-0.03	0.17	-0.18	0.52	2.48	-0.54	0	0.6	0.2	0	-82
0.00102268041237113	0.000103092783505155	4.27	1.79	-0.11	-0.15	-0.2	0.19	-0.27	0.46	1.3	-0.66	0	0.45	0.2	0	-90
0.000288659793814433	6.18556701030928e-05	2.37	1.67	-0.12	-0.16	-0.3	0.19	-0.4	0.42	0.16	-0.84	0	0.3	0.15	0	-100
-0.000412371134020619	0	0.47	1.47	-0.09	-0.24	-0.35	0.18	-0.58	0.43	-0.96	-1.28	0	0.15	0.15	0	-130
-0.00110515463917526	-0.000123711340206186	-1.33	1.35	-0.09	-0.23	-0.39	0.19	-0.75	0.43	-2.16	-1.94	0	-0.1	0.2	0	-164
-0.00176494845360825	-0.000123711340206186	-3.03	1.25	-0.09	-0.24	-0.43	0.18	-0.85	0.42	-3.42	-2.74	0	-0.15	0.15	0	-187
-0.00250309278350515	-0.00022680412371134	-4.93	1.14	-0.12	-0.24	-0.45	0.18	-0.91	0.41	-4.64	-3.66	0	-0.45	0.1	0	-202
-0.00311752577319588	-0.000288659793814433	-6.64	0.92	-0.12	-0.24	-0.46	0.18	-0.92	0.37	-5.68	-4.74	0	-0.6	0.1	0	-207
-0.00381855670103093	-0.000329896907216495	-8.44	0.82	-0.12	-0.25	-0.5	0.16	-0.94	0.28	-6.6	-5.86	0	-0.75	0.05	0	-207
-0.00451958762886598	-0.000412371134020619	-10.24	0.72	-0.09	-0.3	-0.47	0.18	-0.92	0.24	-7.38	-6.68	0	-0.95	0.05	0	-210
-0.00522474226804124	-0.00045360824742268	-12.04	0.63	-0.08	-0.31	-0.46	0.15	-0.89	0.21	-8.08	-7.4	0	-1.05	0.05	0	-213
-0.00588041237113402	-0.000494845360824742	-13.75	0.51	-0.09	-0.33	-0.48	0.18	-0.83	0.2	-8.72	-8	0	-1.15	0.05	0	-217
-0.00655257731958763	-0.000577319587628866	-15.46	0.43	-0.08	-0.34	-0.47	0.2	-0.77	0.18	-9.3	-8.54	0	-1.4	0	0	-222
-0.00724536082474227	-0.000618556701030928	-17.26	0.31	-0.1	-0.3	-0.45	0.21	-0.71	0.17	-9.88	-9.1	0	-1.55	-0.05	0	-224
-0.00798762886597938	-0.000680412371134021	-19.16	0.21	-0.11	-0.34	-0.48	0.21	-0.6	0.16	-10.44	-9.64	0	-1.7	-0.05	0	-227
-0.00837113402061856	-0.000721649484536082	-20.2	0.1	-0.08	-0.33	-0.46	0.22	-0.57	0.15	-10.74	-9.94	0	-1.8	-0.05	0	-230
-0.00856082474226804	-0.000742268041237113	-20.67	0.09	-0.09	-0.35	-0.46	0.23	-0.53	0.16	-10.92	-10.04	0	-1.85	-0.05	0	-223
-0.00792577319587629	-0.000680412371134021	-19.14	0.08	-0.1	-0.36	-0.43	0.2	-0.55	0.15	-10.78	-9.66	0	-1.65	0	0	-196
-0.00716288659793814	-0.000618556701030928	-17.17	0.2	-0.09	-0.35	-0.43	0.22	-0.6	0.14	-10.44	-9.1	0	-1.45	0.05	0	-180
-0.00630515463917526	-0.000515463917525773	-14.89	0.4	-0.09	-0.35	-0.43	0.2	-0.69	0.14	-9.98	-8.48	0	-1.2	0.05	0	-164
-0.00555463917525773	-0.000474226804123711	-12.96	0.51	-0.09	-0.35	-0.43	0.18	-0.76	0.13	-9.46	-7.8	0	-1.1	0.05	0	-151
-0.00478762886597938	-0.000391752577319588	-11	0.61	-0.09	-0.32	-0.44	0.19	-0.83	0.14	-8.84	-7.08	0	-0.9	0.05	0	-135
-0.00397938144329897	-0.000309278350515464	-8.92	0.73	-0.09	-0.24	-0.44	0.13	-0.9	0.13	-8.06	-6.24	0	-0.7	0.05	0	-120
-0.00316288659793814	-0.000247422680412371	-6.74	0.93	-0.09	-0.24	-0.44	0.11	-0.92	0.13	-7	-5.28	0	-0.5	0.1	0	-99
-0.00238350515463918	-0.000185567010309278	-4.75	1.03	-0.09	-0.24	-0.44	0.09	-0.93	0.12	-5.72	-4.32	0	-0.35	0.1	0	-75
-0.00164948453608247	-0.000123711340206186	-2.76	1.24	-0.06	-0.23	-0.41	0.05	-0.89	0.08	-4.16	-3.2	0	-0.1	0.2	0	-43
-0.000837113402061856	-6.18556701030928e-05	-0.57	1.46	-0.06	-0.22	-0.38	0.02	-0.7	0.06	-2.56	-2	0	0	0.15	0	-5
-0.00025979381443299	-2.06185567010309e-05	0.93	1.56	-0.08	-0.23	-0.33	0.01	-0.55	0.04	-1.82	-1.42	0	0.1	0.15	0	15
0.000321649484536083	6.18556701030928e-05	2.46	1.68	-0.06	-0.12	-0.22	0.02	-0.4	0.03	-1.22	-0.78	0	0.3	0.15	0	25
0.00108041237113402	6.18556701030928e-05	4.4	1.78	-0.05	-0.12	-0.04	0.01	-0.22	0.03	-0.28	-0.34	0	0.4	0.25	0	34
0.00195463917525773	0.000164948453608247	6.63	1.89	-0.05	-0.11	0.13	-0.01	-0.13	0.03	0.92	-0.1	0	0.65	0.25	0	39
0.00265567010309278	0.00022680412371134	8.43	1.99	-0.04	-0.11	0.26	0.01	-0.06	0.03	1.5	0.44	0	0.8	0.25	0	42
0.00356288659793814	0.000329896907216495	10.62	1.98	-0.05	-0.11	0.41	0.01	-0.02	0.03	2.42	0.82	0	1.05	0.25	0	47
0.00433814432989691	0.000371134020618557	12.62	2.1	-0.06	-0.11	0.59	0.02	0.03	0.03	3.4	1	0	1.2	0.3	0	51
0.00511752577319588	0.00045360824742268	14.61	2.2	-0.05	-0.12	0.76	0.07	0.09	0.04	4.34	1.28	0	1.4	0.3	0	57
0.00589278350515464	0.000536082474226804	16.51	2.22	-0.05	-0.12	0.89	0.07	0.09	0.03	5.14	1.62	0	1.65	0.35	0	63
0.00663917525773196	0.000597938144329897	18.41	2.31	-0.09	-0.15	1.04	0.1	0.13	0.02	6.02	1.94	0	1.75	0.3	0	70
0.0074639175257732	0.00065979381443299	20.51	2.41	-0.07	-0.12	1.26	0.13	0.15	0.03	6.96	2.18	0	1.95	0.35	0	75
0.00824742268041237	0.000762886597938144	22.41	2.41	-0.07	-0.12	1.35	0.16	0.14	0.04	7.82	2.48	0	2.2	0.35	0	83
0.00895257731958763	0.000762886597938144	24.22	2.51	-0.08	-0.13	1.45	0.19	0.15	0.05	8.58	2.8	0	2.25	0.4	0	89
0.00969072164948454	0.000824742268041237	26.11	2.61	-0.11	-0.13	1.54	0.22	0.14	0.05	9.36	3.14	0	2.45	0.45	0	98
0.0105938144329897	0.000927835051546392	28.31	2.62	-0.11	-0.15	1.63	0.26	0.15	0.06	10.26	3.48	0	2.75	0.5	0	109
0.0113773195876289	0.000948453608247423	30.31	2.72	-0.1	-0.15	1.72	0.28	0.15	0.07	11.14	3.76	0	2.8	0.5	0	116
0.0121237113402062	0.00105154639175258	32.13	2.73	-0.09	-0.14	1.77	0.31	0.15	0.08	12.02	3.9	0	3.05	0.5	0	123
0.0129484536082474	0.00111340206185567	34.23	2.83	-0.08	-0.14	1.84	0.32	0.13	0.09	13.12	4.06	0	3.25	0.55	0	127
0.0136865979381443	0.00115463917525773	36.04	2.85	-0.08	-0.13	1.87	0.35	0.14	0.1	14.2	4.18	0	3.35	0.55	0	132
0.0144412371134021	0.00125773195876289	37.95	2.93	-0.08	-0.13	1.94	0.4	0.15	0.11	15.28	4.28	0	3.65	0.6	0	136
0.015220618556701	0.00127835051546392	39.88	2.97	-0.07	-0.12	2	0.42	0.15	0.12	16.44	4.36	0	3.75	0.65	0	139
0.015979381443299	0.00134020618556701	41.78	3.03	-0.07	-0.12	2.09	0.45	0.15	0.13	17.58	4.42	0	3.95	0.7	0	142
0.0167711340206186	0.00142268041237113	43.7	3.03	-0.09	-0.12	2.19	0.47	0.15	0.15	18.64	4.5	0	4.2	0.75	0	146
0.0174762886597938	0.00150515463917526	45.52	3.14	-0.06	-0.1	2.27	0.49	0.14	0.17	19.74	4.58	0	4.3	0.65	0	146
0.0181360824742268	0.00150515463917526	47.14	3.16	-0.06	-0.09	2.34	0.51	0.15	0.18	20.68	4.68	0	4.4	0.75	0	152
0.0188865979381443	0.00169072164948454	49.05	3.25	-0.06	-0.02	2.41	0.54	0.14	0.19	21.72	4.72	0	4.8	0.7	0	157
0.0196494845360825	0.00171134020618557	50.9	3.25	-0.06	-0.02	2.48	0.55	0.15	0.22	22.74	4.82	0	4.9	0.75	0	162
0.0203546391752577	0.00177319587628866	52.72	3.36	-0.06	0.01	2.58	0.57	0.15	0.23	23.86	4.86	0	5.05	0.75	0	164
0.0210721649484536	0.00181443298969072	54.45	3.35	-0.06	-0.01	2.61	0.58	0.14	0.24	24.9	4.94	0	5.2	0.8	0	166
0.0218226804123711	0.00187628865979381	56.28	3.36	-0.06	0.01	2.68	0.6	0.13	0.25	25.98	4.94	0	5.4	0.85	0	166
0.0225360824742268	0.00202061855670103	58.1	3.45	-0.06	0.01	2.76	0.61	0.14	0.28	27.12	4.94	0	5.7	0.8	0	169
0.0233360824742268	0.002	60.04	3.45	-0.07	-0.02	2.81	0.62	0.13	0.3	28.2	4.98	0	5.8	0.95	0	173
0.0240783505154639	0.00204123711340206	61.89	3.5	-0.06	-0.01	2.89	0.63	0.13	0.32	29.32	5	0	5.9	0.95	0	175
0.0248412371134021	0.00214432989690722	63.8	3.56	-0.07	0.01	2.98	0.65	0.12	0.34	30.4	5.04	0	6.2	1	0	181
0.0255670103092784	0.00222680412371134	65.56	3.56	-0.07	-0.01	3.03	0.65	0.12	0.36	31.46	5.08	0	6.35	0.95	0	187
0.0263175257731959	0.00228865979381443	67.48	3.66	-0.06	0.01	3.13	0.67	0.12	0.38	32.52	5.14	0	6.55	1	0	193
0.0269938144329897	0.00237113402061856	69.13	3.67	-0.07	-0.02	3.18	0.68	0.11	0.39	33.48	5.24	0	6.7	0.95	0	203
0.0277154639175258	0.00241237113402062	70.87	3.66	-0.06	0.02	3.3	0.69	0.11	0.42	34.42	5.32	0	6.9	1.05	0	213
0.0283958762886598	0.00247422680412371	72.62	3.76	-0.06	0.01	3.36	0.7	0.09	0.43	35.38	5.44	0	7.05	1.05	0	221
0.0291175257731959	0.0025360824742268	74.37	3.76	-0.07	0	3.48	0.71	0.09	0.45	36.4	5.52	0	7.25	1.1	0	227
0.029839175257732	0.00255670103092783	76.12	3.76	-0.07	0.01	3.55	0.71	0.09	0.48	37.4	5.6	0	7.35	1.15	0	232
0.030519587628866	0.00263917525773196	77.88	3.87	-0.06	0.01	3.63	0.72	0.08	0.5	38.46	5.62	0	7.6	1.2	0	234
0.0312412371134021	0.00270103092783505	79.62	3.86	-0.08	-0.03	3.74	0.72	0.07	0.52	39.48	5.64	0	7.75	1.2	0	236
0.0319298969072165	0.00280412371134021	81.28	3.85	-0.11	-0.03	3.8	0.71	0.07	0.55	40.52	5.64	0	7.9	1.1	0	238
0.0326474226804124	0.00282474226804124	83.14	3.97	-0.13	-0.04	3.9	0.72	0.06	0.58	41.66	5.66	0	8.05	1.2	0	239
0.0333649484536082	0.00288659793814433	84.89	3.98	-0.11	-0.03	4.01	0.73	0.05	0.6	42.76	5.68	0	8.2	1.2	0	239
0.0340865979381443	0.00290721649484536	86.65	3.99	-0.11	-0.05	4.09	0.72	0.07	0.63	43.86	5.7	0	8.35	1.3	0	238
0.0348577319587629	0.00303092783505155	88.52	3.99	-0.13	-0.04	4.18	0.71	0.06	0.67	45.02	5.7	0	8.6	1.25	0	236
0.0352	0.00305154639175258	89.44	4.08	-0.12	-0.04	4.23	0.72	0.04	0.69	45.52	5.7	0	8.7	1.3	0	227
0.0351958762886598	0.00305154639175258	89.44	4.09	-0.09	-0.01	4.25	0.73	0.03	0.69	45.56	5.7	0	8.7	1.3	0	218
0.0356329896907217	0.00307216494845361	90.49	4.08	-0.1	-0.02	4.27	0.73	0.02	0.72	46.34	5.7	0	8.8	1.35	0	229
0.0364536082474227	0.00317525773195876	92.48	4.08	-0.1	0	4.39	0.73	0	0.74	47.5	5.7	0	9	1.3	0	229
0.0371546391752577	0.00319587628865979	94.28	4.18	-0.08	-0.01	4.5	0.73	0.01	0.79	48.58	5.7	0	9.15	1.4	0	230
0.037901030927835	0.00327835051546392	96.1	4.19	-0.1	-0.01	4.6	0.73	0	0.82	49.68	5.68	0	9.35	1.4	0	229
0.0386432989690722	0.00331958762886598	97.91	4.2	-0.12	-0.03	4.67	0.73	0	0.85	50.76	5.68	0	9.5	1.45	0	229
0.0393567010309278	0.0034020618556701	99.69	4.25	-0.1	-0.01	4.74	0.73	-0.01	0.88	51.9	5.68	0	9.7	1.45	0	228
0.0400536082474227	0.00342268041237113	101.42	4.29	-0.13	-0.03	4.77	0.73	-0.04	0.92	52.98	5.7	0	9.8	1.5	0	225
0.0408082474226804	0.00352577319587629	103.23	4.27	-0.14	-0.03	4.86	0.73	-0.05	0.95	54.1	5.68	0	10.1	1.55	0	228
0.0415381443298969	0.00356701030927835	105.04	4.31	-0.11	-0.02	4.93	0.72	-0.06	0.99	55.2	5.7	0	10.2	1.55	0	229
0.0422144329896907	0.00362886597938144	106.76	4.39	-0.11	-0.02	5	0.73	-0.07	1.04	56.34	5.68	0	10.4	1.6	0	226
0.0429484536082474	0.00371134020618557	108.55	4.4	-0.1	-0.02	5.06	0.73	-0.09	1.07	57.42	5.7	0	10.55	1.55	0	225
0.0436865979381443	0.00375257731958763	110.37	4.43	-0.14	-0.04	5.13	0.72	-0.1	1.1	58.5	5.66	0	10.75	1.65	0	221
0.0444041237113402	0.00383505154639175	112.18	4.5	-0.14	-0.05	5.2	0.73	-0.12	1.14	59.64	5.66	0	10.9	1.6	0	218
0.0452288659793814	0.00387628865979381	114.18	4.5	-0.13	-0.03	5.28	0.72	-0.13	1.17	60.84	5.66	0	11.1	1.7	0	218
0.0459381443298969	0.00393814432989691	115.9	4.5	-0.13	-0.04	5.34	0.72	-0.15	1.21	61.92	5.66	0	11.25	1.7	0	217
0.046639175257732	0.00402061855670103	117.71	4.61	-0.13	-0.04	5.41	0.69	-0.16	1.24	63.1	5.64	0	11.45	1.7	0	218
0.0473855670103093	0.00410309278350515	119.52	4.61	-0.1	-0.03	5.44	0.7	-0.18	1.27	64.18	5.64	0	11.65	1.7	0	217
0.048140206185567	0.00414432989690722	121.34	4.6	-0.14	-0.04	5.53	0.69	-0.18	1.31	65.32	5.58	0	11.8	1.75	0	217
0.0488412371134021	0.00422680412371134	123.15	4.71	-0.14	-0.04	5.59	0.68	-0.21	1.34	66.5	5.62	0	12.05	1.8	0	217
0.049620618556701	0.0042680412371134	125.05	4.72	-0.14	-0.04	5.64	0.67	-0.22	1.38	67.66	5.62	0	12.2	1.85	0	218
0.0503422680412371	0.00430927835051546	126.8	4.72	-0.12	-0.04	5.71	0.66	-0.24	1.41	68.76	5.58	0	12.3	1.85	0	217
0.0511340206185567	0.00441237113402062	128.71	4.71	-0.14	-0.04	5.79	0.66	-0.23	1.45	69.9	5.6	0	12.55	1.85	0	216
0.0518185567010309	0.00445360824742268	130.44	4.78	-0.16	-0.05	5.85	0.65	-0.26	1.48	71	5.6	0	12.7	1.9	0	218
0.0525979381443299	0.00451546391752577	132.36	4.81	-0.24	-0.06	5.89	0.64	-0.28	1.52	72.18	5.58	0	12.85	1.9	0	217
0.0533072164948454	0.00457731958762887	134.08	4.81	-0.23	-0.04	5.93	0.64	-0.32	1.55	73.26	5.56	0	13.05	1.95	0	214
0.0540536082474227	0.00461855670103093	135.89	4.81	-0.23	-0.04	5.99	0.63	-0.32	1.58	74.32	5.52	0	13.2	2	0	210
0.054779381443299	0.00470103092783505	137.66	4.82	-0.23	-0.03	6.08	0.62	-0.33	1.62	75.44	5.5	0	13.4	2	0	209
0.0554927835051546	0.00476288659793814	139.48	4.91	-0.24	-0.04	6.08	0.58	-0.36	1.65	76.54	5.5	0	13.6	2.05	0	213
0.0562103092783505	0.00482474226804124	141.22	4.91	-0.24	-0.04	6.18	0.6	-0.37	1.69	77.6	5.5	0	13.75	2.05	0	211
0.0569690721649485	0.0048659793814433	143.06	4.91	-0.21	-0.02	6.26	0.6	-0.37	1.71	78.74	5.5	0	13.9	2.1	0	213
0.057719587628866	0.00492783505154639	144.89	4.92	-0.21	-0.02	6.32	0.58	-0.38	1.75	79.88	5.5	0	14.1	2.15	0	212
0.0584701030927835	0.00501030927835052	146.71	4.92	-0.21	-0.03	6.4	0.56	-0.39	1.79	81.02	5.5	0	14.25	2.1	0	212
0.0591917525773196	0.00509278350515464	148.46	4.92	-0.23	-0.04	6.46	0.57	-0.39	1.82	82.12	5.48	0	14.45	2.1	0	212
0.0599546391752577	0.00515463917525773	150.31	4.92	-0.21	-0.03	6.51	0.56	-0.4	1.85	83.22	5.5	0	14.65	2.15	0	213
0.0606721649484536	0.00519587628865979	152.04	4.91	-0.21	-0.02	6.58	0.54	-0.41	1.89	84.32	5.5	0	14.8	2.2	0	216
0.0613896907216495	0.00525773195876289	153.79	4.92	-0.21	0.01	6.68	0.53	-0.43	1.92	85.46	5.5	0	14.95	2.2	0	213
0.0621113402061856	0.00531958762886598	155.54	4.92	-0.2	-0.02	6.7	0.52	-0.44	1.95	86.5	5.48	0	15.15	2.25	0	216
0.0628536082474227	0.00538144329896907	157.33	4.91	-0.21	-0.02	6.78	0.51	-0.45	1.98	87.62	5.46	0	15.3	2.25	0	215
0.0635917525773196	0.00542268041237113	159.12	4.91	-0.24	-0.03	6.82	0.51	-0.46	2.03	88.76	5.48	0	15.45	2.3	0	215
0.0643587628865979	0.00550515463917526	161	4.93	-0.2	-0.02	6.89	0.5	-0.46	2.06	89.9	5.46	0	15.65	2.3	0	215
0.0652041237113402	0.00556701030927835	163.04	4.92	-0.21	-0.03	6.92	0.48	-0.48	2.1	91.08	5.48	0	15.85	2.35	0	216
0.0659257731958763	0.00562886597938144	164.79	4.92	-0.24	-0.04	6.99	0.47	-0.49	2.13	92.1	5.48	0	16.05	2.4	0	216
0.0666474226804124	0.0056701030927835	166.53	4.91	-0.25	-0.05	7.08	0.46	-0.5	2.16	93.06	5.48	0	16.15	2.4	0	216
0.0673649484536083	0.00571134020618557	168.31	4.95	-0.24	-0.05	7.14	0.45	-0.51	2.19	94.04	5.46	0	16.25	2.4	0	216
0.0681072164948454	0.00583505154639175	170.18	5.02	-0.24	-0.03	7.21	0.44	-0.51	2.23	95.02	5.48	0	16.55	2.4	0	218
0.0688701030927835	0.00583505154639175	172.04	5.03	-0.25	0.13	7.29	0.38	-0.53	2.29	96.8	5.94	0	16.7	2.55	0	220
0.0691958762886598	0.00589690721649485	172.81	5.01	-0.23	-0.03	7.3	0.38	-0.53	2.3	96.76	5.98	0	16.75	2.45	0	221
0.0702845360824742	0.00597938144329897	175.47	5.03	-0.21	-0.02	7.42	0.38	-0.54	2.34	96.7	5.98	0	17	2.5	0	223
0.0706432989690722	0.00597938144329897	176.45	5.14	-0.23	-0.03	7.34	0.33	-0.59	2.36	0	5.86	0	17	2.5	0	212
0.0706432989690722	0.006	176.45	5.14	-0.23	-0.03	7.33	0.31	-0.62	2.35	0	5.84	0	17.05	2.5	0	209
0.0706350515463918	0.00602061855670103	176.43	5.14	-0.23	-0.05	7.32	0.29	-0.62	2.36	0	5.86	0	17.05	2.45	0	209
0.0712247422680412	0.00604123711340206	177.96	5.24	-0.22	-0.03	7.4	0.28	-0.63	2.38	0	5.84	0	17.2	2.55	0	216
0.0719670103092783	0.00606185567010309	179.76	5.24	-0.24	-0.04	7.45	0.28	-0.64	2.41	0	5.86	0	17.3	2.6	0	220
0.0727092783505155	0.00612371134020619	181.56	5.24	-0.22	-0.03	7.52	0.27	-0.63	2.45	0	5.86	0	17.55	2.7	0	225
0.0734185567010309	0.00624742268041237	183.28	5.24	-0.23	-0.03	7.62	0.27	-0.63	2.47	0	5.86	0	17.75	2.6	0	226
0.0741278350515464	0.0062680412371134	185	5.24	-0.22	-0.03	7.68	0.26	-0.63	2.5	0	5.86	0	17.85	2.65	0	229
0.0747546391752577	0.00630927835051546	186.61	5.33	-0.22	-0.02	7.74	0.26	-0.64	2.53	0	5.86	0	18	2.7	0	232
0.0754969072164949	0.00637113402061856	188.43	5.35	-0.22	-0.02	7.8	0.27	-0.64	2.55	0	5.88	0	18.15	2.7	0	236
0.0762680412371134	0.00645360824742268	190.3	5.35	-0.22	0	7.89	0.26	-0.64	2.6	0	5.86	0	18.3	2.65	0	236
0.0770309278350516	0.00645360824742268	192.15	5.35	-0.22	-0.03	7.96	0.25	-0.65	2.62	0	5.86	0	18.4	2.75	0	240
0.0776907216494845	0.0065360824742268	193.86	5.46	-0.23	-0.04	8.03	0.25	-0.65	2.66	0	5.86	0	18.65	2.8	0	242
0.0784	0.00661855670103093	195.57	5.45	-0.33	-0.03	8.08	0.25	-0.65	2.7	0	5.88	0	18.8	2.75	0	245
0.0791587628865979	0.00665979381443299	197.4	5.44	-0.33	-0.04	8.13	0.25	-0.66	2.73	0	5.88	0	18.9	2.75	0	245
0.0799381443298969	0.00674226804123711	199.3	5.45	-0.32	-0.02	8.2	0.26	-0.67	2.75	0	5.88	0	19.15	2.8	0	248
0.0806144329896907	0.00678350515463918	200.94	5.45	-0.32	-0.03	8.27	0.24	-0.68	2.8	0	5.88	0	19.3	2.85	0	249
0.0813278350515464	0.00688659793814433	202.66	5.44	-0.32	-0.02	8.32	0.26	-0.68	2.82	0	5.9	0	19.55	2.85	0	250
0.0820412371134021	0.00688659793814433	204.39	5.44	-0.32	-0.03	8.39	0.23	-0.71	2.87	0	5.9	0	19.6	2.9	0	253
0.0827134020618557	0.00692783505154639	206.1	5.52	-0.32	-0.02	8.44	0.23	-0.7	2.89	0	5.9	0	19.7	2.9	0	254
0.0834226804123711	0.00698969072164948	207.84	5.54	-0.33	-0.02	8.5	0.22	-0.73	2.92	0	5.9	0	19.9	2.95	0	256
0.0841278350515464	0.00707216494845361	209.56	5.55	-0.32	-0.02	8.56	0.22	-0.73	2.95	0	5.9	0	20.1	2.95	0	259
0.0848412371134021	0.00707216494845361	211.29	5.55	-0.32	-0.03	8.62	0.22	-0.74	2.98	0	5.92	0	20.1	2.95	0	261
0.0855958762886598	0.00715463917525773	213.12	5.55	-0.32	-0.02	8.71	0.24	-0.75	3.01	0	5.92	0	20.35	3	0	260
0.0862309278350515	0.00717525773195876	214.76	5.65	-0.32	-0.02	8.73	0.21	-0.77	3.04	0	5.92	0	20.45	3.05	0	263
0.0870474226804124	0.00723711340206186	216.74	5.65	-0.32	-0.01	8.83	0.2	-0.77	3.08	0	5.94	0	20.6	3.05	0	266
0.0877773195876289	0.00729896907216495	218.51	5.65	-0.32	-0.01	8.89	0.2	-0.78	3.1	0	5.92	0	20.75	3.05	0	266
0.0885773195876289	0.00736082474226804	220.55	5.75	-0.33	-0.03	8.94	0.2	-0.8	3.12	0	5.94	0	20.95	3.1	0	268
0.0892865979381443	0.0074639175257732	222.28	5.76	-0.33	-0.04	9.01	0.21	-0.81	3.16	0	5.96	0	21.2	3.1	0	270
0.0896865979381443	0.0074020618556701	223.25	5.76	-0.33	-0.04	9.06	0.21	-0.81	3.17	0	5.94	0	21.1	3.15	0	269
0.0896824742268041	0.00744329896907217	223.34	5.86	-0.34	-0.04	9.01	0.18	-0.84	3.19	0	5.96	0	21.1	3.05	0	259
0.0887587628865979	0.00736082474226804	221.04	5.8	-0.34	-0.04	8.77	0.18	-0.86	3.18	0	5.94	0	20.95	3.1	0	242
0.0880164948453608	0.00734020618556701	219.2	5.76	-0.33	-0.04	8.69	0.18	-0.86	3.19	0	5.96	0	20.8	3	0	236
0.0872536082474227	0.00725773195876289	217.35	5.76	-0.33	-0.05	8.58	0.2	-0.88	3.18	0	5.94	0	20.6	3	0	229
0.086540206185567	0.00721649484536083	215.62	5.76	-0.33	-0.04	8.53	0.19	-0.88	3.19	0	5.94	0	20.5	3	0	226
0.0857443298969072	0.00715463917525773	213.7	5.77	-0.34	-0.04	8.46	0.18	-0.88	3.17	0	5.94	0	20.3	2.95	0	220
0.0849525773195876	0.00711340206185567	211.77	5.76	-0.34	-0.05	8.4	0.18	-0.88	3.15	0	5.94	0	20.15	2.9	0	215
0.0842103092783505	0.00701030927835052	209.91	5.7	-0.34	-0.06	8.32	0.18	-0.89	3.14	0	5.94	0	19.95	2.95	0	210
0.0834515463917526	0.00698969072164949	208.02	5.65	-0.34	-0.05	8.24	0.18	-0.89	3.11	0	5.94	0	19.85	2.9	0	204
0.0826226804123711	0.00692783505154639	206.01	5.65	-0.34	-0.04	8.16	0.17	-0.9	3.07	0	5.96	0	19.7	2.9	0	200
0.0818721649484536	0.0068659793814433	204.19	5.65	-0.34	-0.06	8.09	0.18	-0.89	3.03	0	5.88	0	19.55	2.9	0	195
0.0809608247422681	0.00682474226804124	201.99	5.66	-0.34	-0.04	8.03	0.18	-0.9	3	0	5.92	0	19.4	2.85	0	189
0.0802350515463918	0.00672164948453608	200.17	5.6	-0.32	-0.02	7.92	0.18	-0.9	2.96	0	5.92	0	19.15	2.85	0	187
0.0794432989690722	0.00665979381443299	198.19	5.54	-0.31	-0.03	7.83	0.18	-0.91	2.91	0	5.92	0	18.9	2.75	0	182
0.0787505154639175	0.00657731958762887	196.52	5.55	-0.33	-0.05	7.77	0.18	-0.92	2.87	0	5.92	0	18.75	2.8	0	177
0.0779711340206185	0.00657731958762887	194.63	5.55	-0.32	-0.03	7.69	0.18	-0.91	2.84	0	5.9	0	18.65	2.7	0	171
0.0771422680412371	0.00647422680412371	192.62	5.55	-0.33	-0.03	7.61	0.18	-0.91	2.79	0	5.92	0	18.4	2.7	0	168
0.0763587628865979	0.00643298969072165	190.62	5.45	-0.33	-0.02	7.53	0.18	-0.91	2.76	0	5.92	0	18.25	2.65	0	162
0.0755298969072165	0.00635051546391753	188.61	5.45	-0.34	-0.04	7.43	0.18	-0.91	2.71	0	5.92	0	18.1	2.7	0	158
0.0747422680412371	0.00628865979381443	186.7	5.45	-0.34	-0.05	7.32	0.16	-0.91	2.67	0	5.9	0	17.9	2.65	0	155
0.0739340206185567	0.00622680412371134	184.73	5.44	-0.33	-0.04	7.26	0.18	-0.92	2.62	0	5.9	0	17.7	2.6	0	151
0.0731422680412371	0.00618556701030928	182.71	5.34	-0.33	-0.04	7.13	0.19	-0.91	2.59	0	5.9	0	17.55	2.55	0	147
0.0723505154639175	0.00612371134020619	180.8	5.35	-0.33	-0.03	7.06	0.18	-0.91	2.54	0	5.92	0	17.45	2.6	0	144
0.071480412371134	0.00604123711340206	178.68	5.34	-0.33	-0.03	6.99	0.19	-0.91	2.51	0	5.9	0	17.2	2.55	0	141
0.0706680412371134	0.00595876288659794	176.71	5.34	-0.34	-0.03	6.89	0.19	-0.91	2.47	0	5.9	0	17	2.55	0	139
0.0698886597938144	0.00593814432989691	174.71	5.23	-0.34	-0.03	6.76	0.18	-0.92	2.43	0	5.88	0	16.85	2.45	0	135
0.0690721649484536	0.00587628865979381	172.73	5.23	-0.3	-0.02	6.69	0.19	-0.92	2.39	0	5.88	0	16.7	2.45	0	133
0.0682020618556701	0.00579381443298969	170.63	5.24	-0.21	-0.03	6.61	0.18	-0.91	2.35	0	5.9	0	16.45	2.4	0	131
0.0674061855670103	0.00569072164948454	168.63	5.17	-0.24	-0.03	6.53	0.18	-0.91	2.3	0	5.9	0	16.2	2.4	0	124
0.0665979381443299	0.00564948453608248	166.64	5.14	-0.24	-0.04	6.41	0.18	-0.92	2.26	0	5.88	0	16.05	2.35	0	121
0.0657814432989691	0.00556701030927835	164.65	5.13	-0.21	-0.03	6.33	0.18	-0.91	2.21	0	5.86	0	15.85	2.35	0	115
0.0649649484536082	0.00550515463917526	162.66	5.12	-0.22	-0.03	6.26	0.18	-0.91	2.18	0	5.88	0	15.6	2.25	0	111
0.0642226804123711	0.00544329896907216	160.76	5.02	-0.22	-0.03	6.19	0.18	-0.91	2.13	0	5.86	0	15.45	2.25	0	107
0.0634020618556701	0.00538144329896907	158.78	5.03	-0.24	-0.04	6.09	0.19	-0.91	2.09	0	5.86	0	15.3	2.25	0	105
0.0626185567010309	0.00529896907216495	156.87	5.02	-0.24	-0.04	6.02	0.18	-0.91	2.06	0	5.86	0	15.05	2.2	0	101
0.0617649484536082	0.00525773195876289	154.69	4.91	-0.24	-0.04	5.91	0.19	-0.91	2.02	0	5.86	0	14.9	2.15	0	98
0.0609814432989691	0.00517525773195876	152.79	4.91	-0.24	-0.04	5.8	0.18	-0.91	1.99	0	5.86	0	14.7	2.15	0	95
0.0600865979381443	0.00509278350515464	150.61	4.9	-0.24	-0.07	5.73	0.19	-0.91	1.95	0	5.84	0	14.5	2.15	0	93
0.0592824742268041	0.00503092783505155	148.58	4.82	-0.25	-0.08	5.63	0.18	-0.9	1.9	0	5.84	0	14.35	2.15	0	89
0.0584412371134021	0.00494845360824742	146.54	4.82	-0.25	-0.08	5.57	0.18	-0.91	1.87	0	5.86	0	14.1	2.1	0	89
0.0576536082474227	0.00488659793814433	144.55	4.74	-0.24	-0.09	5.47	0.18	-0.91	1.83	0	5.86	0	13.9	2.05	0	84
0.0568041237113402	0.00480412371134021	142.46	4.71	-0.25	-0.09	5.37	0.19	-0.9	1.8	0	5.84	0	13.65	2	0	82
0.056020618556701	0.00476288659793814	140.56	4.71	-0.25	-0.1	5.3	0.19	-0.9	1.75	0	5.84	0	13.55	2	0	81
0.0552412371134021	0.00468041237113402	138.57	4.61	-0.19	-0.09	5.24	0.18	-0.9	1.72	0	5.82	0	13.3	1.95	0	77
0.0544082474226804	0.00463917525773196	136.55	4.61	-0.11	-0.08	5.15	0.19	-0.9	1.67	0	5.82	0	13.15	1.9	0	74
0.0536329896907217	0.0045360824742268	134.58	4.52	-0.14	-0.1	5.07	0.18	-0.9	1.64	0	5.82	0	12.9	1.9	0	70
0.0528123711340206	0.00449484536082474	132.58	4.51	-0.11	-0.09	4.98	0.19	-0.9	1.6	0	5.82	0	12.75	1.85	0	68
0.0519958762886598	0.00441237113402062	130.56	4.47	-0.14	-0.1	4.91	0.18	-0.9	1.56	0	5.82	0	12.55	1.85	0	64
0.0512041237113402	0.00435051546391753	128.57	4.4	-0.14	-0.11	4.83	0.19	-0.9	1.52	0	5.8	0	12.35	1.8	0	59
0.0503257731958763	0.00424742268041237	126.39	4.35	-0.1	-0.09	4.72	0.19	-0.9	1.49	0	5.8	0	12.15	1.85	0	57
0.0495670103092783	0.00422680412371134	124.49	4.29	-0.1	-0.09	4.67	0.19	-0.91	1.45	0	5.78	0	12	1.75	0	56
0.0487381443298969	0.00412371134020619	122.48	4.29	-0.14	-0.14	4.57	0.19	-0.9	1.41	0	5.78	0	11.75	1.75	0	55
0.0480041237113402	0.00406185567010309	120.58	4.17	-0.14	-0.14	4.51	0.19	-0.92	1.37	0	5.74	0	11.55	1.7	0	49
0.0471670103092783	0.004	118.57	4.19	-0.1	-0.12	4.43	0.19	-0.9	1.34	0	5.76	0	11.4	1.7	0	51
0.0465030927835052	0.00393814432989691	116.85	4.08	-0.11	-0.12	4.36	0.19	-0.9	1.32	0	5.74	0	11.2	1.65	0	45
0.0456742268041237	0.00385567010309278	114.85	4.09	-0.1	-0.11	4.28	0.18	-0.88	1.28	0	5.74	0	11	1.65	0	46
0.0448041237113402	0.00379381443298969	112.74	4.09	-0.11	-0.12	4.2	0.19	-0.87	1.25	0	5.7	0	10.8	1.6	0	43
0.0440907216494845	0.0037319587628866	110.9	3.98	-0.1	-0.12	4.12	0.17	-0.86	1.22	0	5.7	0	10.65	1.6	0	41
0.0432618556701031	0.0036701030927835	108.89	3.98	-0.1	-0.13	4.05	0.18	-0.85	1.19	0	5.68	0	10.45	1.55	0	37
0.0425154639175258	0.00354639175257732	106.97	3.87	-0.11	-0.13	3.99	0.18	-0.83	1.15	0	5.66	0	10.2	1.6	0	37
0.0417319587628866	0.00350515463917526	105.06	3.86	-0.14	-0.15	3.89	0.17	-0.82	1.11	0	5.64	0	10	1.5	0	37
0.0409360824742268	0.0034020618556701	103.04	3.77	-0.11	-0.13	3.82	0.15	-0.8	1.09	0	5.66	0	9.75	1.5	0	36
0.0400247422680412	0.00338144329896907	100.83	3.77	-0.11	-0.13	3.71	0.14	-0.8	1.06	0	5.6	0	9.6	1.4	0	35
0.0390762886597938	0.00329896907216495	98.42	3.66	-0.15	-0.14	3.65	0.12	-0.77	1.04	0	5.58	0	9.4	1.4	0	33
0.0382474226804124	0.00323711340206186	96.41	3.66	-0.15	-0.16	3.57	0.12	-0.75	1	0	5.56	0	9.2	1.35	0	29
0.0373690721649485	0.00321649484536082	94.19	3.57	-0.15	-0.16	3.48	0.11	-0.74	0.97	0	5.54	0	9	1.2	0	29
0.0366185567010309	0.00311340206185567	92.38	3.58	-0.16	-0.16	3.41	0.09	-0.72	0.94	0	5.5	0	8.85	1.3	0	28
0.0357649484536082	0.00305154639175258	90.26	3.53	-0.15	-0.17	3.31	0.07	-0.71	0.91	0	5.5	0	8.6	1.2	0	28
0.0349979381443299	0.00294845360824742	88.32	3.45	-0.15	-0.16	3.26	0.06	-0.69	0.89	0	5.48	0	8.4	1.25	0	24
0.0341773195876289	0.00288659793814433	86.29	3.41	-0.14	-0.16	3.16	0.05	-0.67	0.87	0	5.46	0	8.25	1.25	0	22
0.0333649484536083	0.00282474226804124	84.26	3.35	-0.11	-0.14	3.08	0.03	-0.65	0.84	0	5.44	0	8	1.15	0	22
0.0325896907216495	0.00272164948453608	82.3	3.27	-0.11	-0.13	3.01	0.01	-0.64	0.81	0	5.44	0	7.85	1.25	0	23
0.0318061855670103	0.00272164948453608	80.38	3.25	-0.11	-0.14	2.94	0	-0.64	0.78	0	5.4	0	7.7	1.1	0	22
0.0310474226804124	0.0025979381443299	78.42	3.13	-0.14	-0.15	2.86	-0.02	-0.59	0.77	0	5.38	0	7.5	1.2	0	20
0.0302020618556701	0.00257731958762887	76.38	3.14	-0.13	-0.13	2.78	-0.03	-0.59	0.73	0	5.38	0	7.25	1	0	19
0.0293979381443299	0.00251546391752577	74.33	3.04	-0.12	-0.12	2.71	-0.04	-0.57	0.72	0	5.36	0	7.1	1	0	17
0.028560824742268	0.00243298969072165	72.29	3.03	-0.11	-0.13	2.62	-0.04	-0.55	0.7	0	5.36	0	6.95	1.05	0	17
0.0277113402061856	0.00237113402061856	70.13	2.93	-0.1	-0.13	2.54	-0.05	-0.52	0.67	0	5.36	0	6.7	0.95	0	16
0.0269649484536082	0.00228865979381443	68.27	2.88	-0.11	-0.14	2.49	-0.04	-0.49	0.66	0	5.36	0	6.55	1	0	16
0.0265525773195876	0.0022680412371134	67.21	2.82	-0.1	-0.12	2.45	-0.05	-0.49	0.66	0	5.36	0	6.45	0.95	0	14
0.0265567010309278	0.00222680412371134	67.21	2.81	-0.14	-0.15	2.45	-0.05	-0.46	0.66	0	5.34	0	6.4	1	0	17
0.0265484536082474	0.00224742268041237	67.21	2.83	-0.13	-0.14	2.47	-0.04	-0.46	0.63	0	5.36	0	6.45	1	0	16
0.0258886597938144	0.00220618556701031	65.6	2.82	-0.12	-0.14	2.4	-0.06	-0.46	0.63	0	5.34	0	6.25	0.9	0	16
0.0251546391752577	0.00214432989690722	63.71	2.71	-0.14	-0.16	2.33	-0.04	-0.43	0.62	0	5.34	0	6.1	0.9	0	14
0.0243670103092784	0.00204123711340206	61.81	2.72	-0.14	-0.15	2.27	-0.04	-0.42	0.62	0	5.34	0	5.85	0.9	0	12
0.0235876288659794	0.00204123711340206	59.82	2.62	-0.14	-0.15	2.16	-0.04	-0.41	0.61	0	5.34	0	5.75	0.8	0	11
0.022779381443299	0.00189690721649485	57.86	2.62	-0.14	-0.15	2.09	-0.03	-0.39	0.61	0	5.36	0	5.5	0.9	0	12
0.022020618556701	0.00187628865979381	55.91	2.51	-0.13	-0.15	2.02	0	-0.39	0.62	0	5.34	0	5.35	0.8	0	11
0.0212865979381443	0.00179381443298969	54.04	2.42	-0.14	-0.14	1.94	0.01	-0.37	0.65	0	5.36	0	5.15	0.8	0	11
0.020560824742268	0.00175257731958763	52.14	2.28	-0.14	-0.14	1.87	0.01	-0.35	0.69	0	5.34	0	4.95	0.7	0	10
0.0198515463917526	0.00164948453608247	50.34	2.2	-0.14	-0.14	1.8	0.01	-0.34	0.72	0	5.34	0	4.75	0.75	0	9
0.0190350515463918	0.00162886597938144	48.25	2.09	-0.11	-0.13	1.74	0.01	-0.32	0.78	0	5.34	0	4.6	0.65	0	9
0.0182268041237113	0.00148453608247423	46.19	1.99	-0.13	-0.13	1.68	0	-0.31	0.9	0	5.32	0	4.35	0.75	0	8
0.017439175257732	0.00144329896907216	44.17	1.88	-0.13	-0.14	1.61	0	-0.31	0.96	0	5.3	0	4.2	0.7	0	6
0.0165855670103093	0.00136082474226804	41.99	1.77	-0.13	-0.13	1.52	-0.02	-0.31	1.04	0	5.28	0	4	0.7	0	4
0.0158103092783505	0.00131958762886598	39.99	1.65	-0.14	-0.14	1.45	-0.03	-0.3	1.07	0	5.26	0	3.8	0.6	0	7
0.0149731958762887	0.00123711340206186	37.88	1.57	-0.13	-0.13	1.37	-0.05	-0.3	1.07	0	5.26	0	3.6	0.6	0	3
0.0141690721649485	0.00121649484536082	35.82	1.46	-0.13	-0.14	1.28	-0.07	-0.29	1.04	0	5.24	0	3.45	0.5	0	5
0.0133443298969072	0.0011340206185567	33.72	1.36	-0.13	-0.14	1.17	-0.1	-0.29	0.97	0	5.22	0	3.3	0.55	0	5
0.0125278350515464	0.00107216494845361	31.53	1.15	-0.11	-0.13	1.1	-0.12	-0.3	0.92	0	5.2	0	3.05	0.45	0	2
0.0118680412371134	0.000969072164948454	29.82	1.04	-0.11	-0.12	1.08	-0.12	-0.28	0.87	0	5.2	0	2.85	0.5	0	2
0.0115505154639175	0.000948453608247423	29.05	1.04	-0.13	-0.14	1.05	-0.14	-0.28	0.83	0	5.2	0	2.8	0.5	0	0
