4.94845360824742e-05	3	2.06185567010309e-05	0
0.000503092783505155	67	4.12371134020619e-05	0
0.00131958762886598	139	2.06185567010309e-05	0
0.00198350515463918	205	0.000103092783505155	0
0.00216907216494845	222	0.000144329896907216	0
0.00224742268041237	227	0.000164948453608247	0
0.00294845360824742	293	0.000206185567010309	0
0.00357525773195876	343	0.00022680412371134	0
0.00421443298969072	394	0.000309278350515464	0
0.00463092783505155	409	0.000371134020618557	0
0.00477113402061856	421	0.000371134020618557	0
0.00528247422680412	464	0.000412371134020619	0
0.0058680412371134	504	0.00043298969072165	0
0.00641237113402062	540	0.000474226804123711	0
0.00668865979381443	557	0.000515463917525773	0
0.00717113402061856	584	0.000536082474226804	0
0.00751752577319588	604	0.000597938144329897	0
0.00804536082474227	609	0.00065979381443299	0
0.00889484536082474	655	0.000721649484536082	0
0.0094680412371134	690	0.000783505154639175	0
0.0096659793814433	704	0.000783505154639175	0
0.00991340206185567	713	0.000824742268041237	0
0.0101072164948454	724	0.000865979381443299	0
0.0103463917525773	736	0.000845360824742268	0
0.0107340206185567	737	0.00088659793814433	0
0.0109319587628866	748	0.000907216494845361	0
0.0110886597938144	757	0.000907216494845361	0
0.0112371134020619	764	0.000948453608247423	0
0.011459793814433	771	0.000969072164948454	0
0.0116371134020619	778	0.000969072164948453	0
0.0118350515463918	786	0.000927835051546392	0
0.0120288659793814	794	0.00101030927835052	0
0.0122103092783505	802	0.000969072164948454	0
0.012379381443299	808	0.00101030927835052	0
0.0132783505154639	815	0.0011340206185567	0
0.013480412371134	823	0.0011340206185567	0
0.0136082474226804	830	0.00115463917525773	0
0.0137938144329897	834	0.00117525773195876	0
0.0139546391752577	840	0.00115463917525773	0
0.0142185567010309	849	0.00119587628865979	0
0.0147298969072165	861	0.00121649484536082	0
0.0149690721649485	871	0.00127835051546392	0
0.015319587628866	881	0.00131958762886598	0
0.015719587628866	885	0.00131958762886598	0
0.0159175257731959	886	0.00129896907216495	0
0.016140206185567	891	0.00136082474226804	0
0.0165443298969072	895	0.0014020618556701	0
0.0167010309278351	899	0.0014020618556701	0
0.0169360824742268	903	0.00138144329896907	0
0.0172082474226804	908	0.00138144329896907	0
