4.94845360824742e-05	3
0.000503092783505155	67
0.00131958762886598	139
0.00198350515463918	205
0.00216907216494845	222
0.00224742268041237	227
0.00294845360824742	293
0.00357525773195876	343
0.00421443298969072	394
0.00463092783505155	409
0.00477113402061856	421
0.00528247422680412	464
0.0058680412371134	504
0.00641237113402062	540
0.00668865979381443	557
0.00717113402061856	584
0.00751752577319588	604
0.00804536082474227	609
0.00889484536082474	655
0.0094680412371134	690
0.0096659793814433	704
0.00991340206185567	713
0.0101072164948454	724
0.0103463917525773	736
0.0107340206185567	737
0.0109319587628866	748
0.0110886597938144	757
0.0112371134020619	764
0.011459793814433	771
0.0116371134020619	778
0.0118350515463918	786
0.0120288659793814	794
0.0122103092783505	802
0.012379381443299	808
0.0132783505154639	815
0.013480412371134	823
0.0136082474226804	830
0.0137938144329897	834
0.0139546391752577	840
0.0142185567010309	849
0.0147298969072165	861
0.0149690721649485	871
0.015319587628866	881
0.015719587628866	885
0.0159175257731959	886
0.016140206185567	891
0.0165443298969072	895
0.0167010309278351	899
0.0169360824742268	903
0.0172082474226804	908
