## NFILE T1 T2 CB1 CB2 P1 P2 RWALL1 RWALL2 XMAX1 XMAX2 GMAX1 GMAX2 YMAX1 YMAX2 CEMAX1 CEMAX2
 1    0.10596E+01    0.45658E+00    0.50000E-01    0.77545E-01    0.24031E+01    0.16142E+01    0.13186E+02    0.88569E+01    0.20001E+03    0.99900E+02    0.72732E+00    0.39960E+00    0.24927E+03    0.20921E+03    0.69849E+02    0.21015E+02
 2    0.75304E+00    0.32641E+00    0.10000E+00    0.15020E+00    0.48062E+01    0.31265E+01    0.26371E+02    0.17155E+02    0.79940E+01    0.50857E+01    0.29069E-01    0.20343E-01    0.48331E+02    0.23615E+02    0.14229E+03    0.47440E+02
 3    0.61699E+00    0.26845E+00    0.15000E+00    0.22053E+00    0.72093E+01    0.45905E+01    0.39557E+02    0.25188E+02    0.10202E+02    0.50705E+01    0.37099E-01    0.20282E-01    0.48389E+02    0.28156E+02    0.15157E+03    0.49982E+02
 4    0.53576E+00    0.23376E+00    0.20000E+00    0.28929E+00    0.96124E+01    0.60218E+01    0.52743E+02    0.33041E+02    0.76364E+01    0.59787E+01    0.27769E-01    0.23915E-01    0.55080E+02    0.25843E+02    0.23504E+03    0.70888E+02
 5    0.43915E+00    0.19234E+00    0.30000E+00    0.42400E+00    0.14419E+02    0.88259E+01    0.79114E+02    0.48427E+02    0.12778E+02    0.75671E+01    0.46464E-01    0.30268E-01    0.54389E+02    0.24144E+02    0.26999E+03    0.85121E+02
 6    0.38152E+00    0.16758E+00    0.40000E+00    0.55503E+00    0.19225E+02    0.11553E+02    0.10549E+03    0.63394E+02    0.10359E+02    0.56074E+01    0.37670E-01    0.22430E-01    0.45142E+02    0.19793E+02    0.25869E+03    0.83752E+02
 7    0.34211E+00    0.15060E+00    0.50000E+00    0.68371E+00    0.24031E+02    0.14232E+02    0.13186E+03    0.78091E+02    0.97258E+01    0.18357E+01    0.35366E-01    0.73428E-02    0.45417E+02    0.19108E+02    0.31801E+03    0.27811E+02
 8    0.31297E+00    0.13802E+00    0.60000E+00    0.81055E+00    0.28837E+02    0.16872E+02    0.15823E+03    0.92578E+02    0.44614E+01    0.18569E+01    0.16223E-01    0.74277E-02    0.29445E+02    0.16645E+02    0.27677E+03    0.46155E+02
 9    0.29029E+00    0.12821E+00    0.70000E+00    0.93590E+00    0.33643E+02    0.19482E+02    0.18460E+03    0.10689E+03    0.17479E+01    0.13597E+01    0.63559E-02    0.54386E-02    0.21212E+02    0.17789E+02    0.15670E+03    0.64522E+02
10    0.27199E+00    0.12028E+00    0.80000E+00    0.10600E+01    0.38450E+02    0.22065E+02    0.21097E+03    0.12107E+03    0.15205E+01    0.12075E+01    0.55290E-02    0.48299E-02    0.19631E+02    0.15519E+02    0.13196E+03    0.50348E+02
11    0.25680E+00    0.11368E+00    0.90000E+00    0.11830E+01    0.43256E+02    0.24626E+02    0.23734E+03    0.13512E+03    0.13303E+01    0.10174E+01    0.48374E-02    0.40695E-02    0.16075E+02    0.14346E+02    0.10491E+03    0.36266E+02
12    0.24394E+00    0.10809E+00    0.10000E+01    0.13051E+01    0.48062E+02    0.27168E+02    0.26371E+03    0.14907E+03    0.10796E+01    0.77450E+00    0.39259E-02    0.30980E-02    0.13366E+02    0.12582E+02    0.74773E+02    0.20266E+02
