## NFILE T1 T2 CB1 CB2 P1 P2 RWALL1 RWALL2 XMAX1 XMAX2 GMAX1 GMAX2 YMAX1 YMAX2 CEMAX1 CEMAX2
 1    0.10596E+01    0.45658E+00    0.50000E-01    0.77545E-01    0.17682E+01    0.11877E+01    0.97022E+01    0.65171E+01    0.20001E+03    0.99899E+02    0.72732E+00    0.39960E+00    0.24927E+03    0.20921E+03    0.51396E+02    0.15463E+02
 2    0.75304E+00    0.32641E+00    0.10000E+00    0.15020E+00    0.35365E+01    0.23005E+01    0.19404E+02    0.12623E+02    0.79940E+01    0.50857E+01    0.29069E-01    0.20343E-01    0.48331E+02    0.23615E+02    0.10470E+03    0.34907E+02
 3    0.61699E+00    0.26845E+00    0.15000E+00    0.22053E+00    0.53047E+01    0.33777E+01    0.29107E+02    0.18534E+02    0.10202E+02    0.50705E+01    0.37099E-01    0.20282E-01    0.48389E+02    0.28156E+02    0.11153E+03    0.36777E+02
 4    0.53576E+00    0.23376E+00    0.20000E+00    0.28929E+00    0.70729E+01    0.44309E+01    0.38809E+02    0.24312E+02    0.76364E+01    0.59787E+01    0.27769E-01    0.23915E-01    0.55080E+02    0.25843E+02    0.17294E+03    0.52160E+02
 5    0.43915E+00    0.19234E+00    0.30000E+00    0.42400E+00    0.10609E+02    0.64942E+01    0.58213E+02    0.35633E+02    0.12778E+02    0.75671E+01    0.46464E-01    0.30268E-01    0.54389E+02    0.24144E+02    0.19866E+03    0.62633E+02
 6    0.38152E+00    0.16758E+00    0.40000E+00    0.55503E+00    0.14146E+02    0.85012E+01    0.77618E+02    0.46646E+02    0.10359E+02    0.56074E+01    0.37670E-01    0.22430E-01    0.45142E+02    0.19793E+02    0.19035E+03    0.61626E+02
 7    0.34211E+00    0.15060E+00    0.50000E+00    0.68371E+00    0.17682E+02    0.10472E+02    0.97022E+02    0.57460E+02    0.97258E+01    0.18357E+01    0.35366E-01    0.73428E-02    0.45417E+02    0.19108E+02    0.23400E+03    0.20464E+02
 8    0.31297E+00    0.13802E+00    0.60000E+00    0.81055E+00    0.21219E+02    0.12415E+02    0.11643E+03    0.68120E+02    0.44614E+01    0.18569E+01    0.16223E-01    0.74277E-02    0.29445E+02    0.16645E+02    0.20365E+03    0.33962E+02
 9    0.29029E+00    0.12821E+00    0.70000E+00    0.93590E+00    0.24755E+02    0.14335E+02    0.13583E+03    0.78655E+02    0.17479E+01    0.13597E+01    0.63559E-02    0.54386E-02    0.21212E+02    0.17789E+02    0.11530E+03    0.47476E+02
10    0.27199E+00    0.12028E+00    0.80000E+00    0.10600E+01    0.28292E+02    0.16236E+02    0.15524E+03    0.89084E+02    0.15205E+01    0.12075E+01    0.55290E-02    0.48298E-02    0.19631E+02    0.15519E+02    0.97100E+02    0.37047E+02
11    0.25680E+00    0.11368E+00    0.90000E+00    0.11830E+01    0.31828E+02    0.18120E+02    0.17464E+03    0.99424E+02    0.13303E+01    0.10174E+01    0.48374E-02    0.40695E-02    0.16075E+02    0.14346E+02    0.77194E+02    0.26685E+02
12    0.24394E+00    0.10809E+00    0.10000E+01    0.13051E+01    0.35365E+02    0.19990E+02    0.19404E+03    0.10969E+03    0.10796E+01    0.77450E+00    0.39258E-02    0.30980E-02    0.13366E+02    0.12582E+02    0.55019E+02    0.14912E+02
