0.000457731958762887	10	0.000412371134020619	8
0.00156701030927835	21	0.00123711340206186	8
0.00396288659793814	43	0.00329896907216495	25
0.00516701030927835	65	0.0045360824742268	80
0.00596288659793814	83	0.00536082474226804	130
0.00668453608247423	102	0.00556701030927835	173
0.00747216494845361	123	0.00597938144329897	238
0.00842886597938144	147	0.00701030927835052	303
0.00937319587628866	178	0.00783505154639175	380
0.0101814432989691	202	0.00824742268041237	453
0.0111381443298969	228	0.00948453608247423	528
0.0119711340206186	253	0.0103092783505155	590
0.0129154639175258	278	0.0111340206185567	660
0.0139051546391753	302	0.0117525773195876	725
0.0146226804123711	308	0.0123711340206186	753
0.0153855670103093	335	0.0134020618556701	820
0.0161938144329897	355	0.0138144329896907	865
0.0171958762886598	377	0.014639175257732	923
0.0183587628865979	403	0.0154639175257732	990
0.0195175257731959	417	0.0162886597938144	1038
0.0205855670103093	442	0.017319587628866	1098
0.0213814432989691	457	0.0179381443298969	1138
0.0222556701030928	471	0.0185567010309278	1175
0.0231628865979381	488	0.0193814432989691	1215
0.023839175257732	499	0.02	1243
0.0252577319587629	512	0.0210309278350515	1288
0.0260701030927835	531	0.0220618556701031	1333
0.0267628865979381	544	0.0224742268041237	1355
0.0276	555	0.0230927835051546	1385
0.0285237113402062	572	0.0239175257731959	1420
0.03	579	0.0251546391752577	1430
0.0306680412371134	591	0.0255670103092784	1458
0.0313030927835052	601	0.025979381443299	1485
0.0326103092783505	614	0.0274226804123711	1520
0.0334103092783505	629	0.0280412371134021	1560
0.0342103092783505	640	0.0288659793814433	1580
