-0.00280076975945013	10
-0.00169149140893467	21
0.000704384879725122	43
0.00190850859106533	65
0.00270438487972512	83
0.00342603436426121	102
0.00421366323024059	123
0.00517036426116842	147
0.00611469415807564	178
0.00692294158075608	202
0.00787964261168388	228
0.00871263230240558	253
0.00965696219931278	278
0.0106466529209623	302
0.0113641786941581	308
0.0121270652920963	335
0.0129353127147767	355
0.0139373745704468	377
0.0151002611683849	403
0.0162590240549829	417
0.0173270652920963	442
0.0181229415807561	457
0.0189971683848798	471
0.0199043848797251	488
0.020580673539519	499
0.0219992302405499	512
0.0228116013745705	531
0.0235043848797251	544
0.024341498281787	555
0.0252652096219932	572
0.026741498281787	579
0.0274095395189004	591
0.0280445910652922	601
0.0293518075601375	614
0.0301518075601375	629
0.0309518075601375	640
