## NFILE T1 T2 CB1 CB2 P1 P2 RWALL1 RWALL2 XMAX1 XMAX2 GMAX1 GMAX2 YMAX1 YMAX2 CEMAX1 CEMAX2
 1    0.10070E+01    0.39311E+00    0.50000E-01    0.11581E+00    0.17682E+01    0.17738E+01    0.97022E+01    0.97329E+01    0.20006E+03    0.41505E+02    0.72748E+00    0.16602E+00    0.22423E+03    0.95663E+02    0.12273E+03    0.19189E+02
 2    0.71453E+00    0.28164E+00    0.10000E+00    0.22408E+00    0.35365E+01    0.34321E+01    0.19404E+02    0.18832E+02    0.20006E+03    0.58703E+01    0.72751E+00    0.23481E-01    0.16841E+03    0.21789E+02    0.26018E+03    0.30592E+02
 3    0.58471E+00    0.23186E+00    0.15000E+00    0.32915E+00    0.53047E+01    0.50415E+01    0.29107E+02    0.27663E+02    0.20443E+02    0.55299E+01    0.74338E-01    0.22119E-01    0.88624E+02    0.22877E+02    0.38894E+03    0.43972E+02
 4    0.50731E+00    0.20213E+00    0.20000E+00    0.43153E+00    0.70729E+01    0.66096E+01    0.38809E+02    0.36267E+02    0.15093E+02    0.55020E+01    0.54884E-01    0.22008E-01    0.88272E+02    0.25802E+02    0.48770E+03    0.53038E+02
 5    0.41538E+00    0.16666E+00    0.30000E+00    0.63122E+00    0.10609E+02    0.96682E+01    0.58213E+02    0.53049E+02    0.21820E+02    0.20507E+01    0.79347E-01    0.82026E-02    0.10592E+03    0.20910E+02    0.69610E+03    0.22125E+02
 6    0.36049E+00    0.14537E+00    0.40000E+00    0.82610E+00    0.14146E+02    0.12653E+02    0.77618E+02    0.69427E+02    0.21574E+02    0.18580E+01    0.78453E-01    0.74319E-02    0.11073E+03    0.20371E+02    0.83971E+03    0.27188E+02
 7    0.32298E+00    0.13076E+00    0.50000E+00    0.10175E+01    0.17682E+02    0.15584E+02    0.97022E+02    0.85511E+02    0.18714E+02    0.18041E+01    0.68052E-01    0.72166E-02    0.87902E+02    0.21973E+02    0.86963E+03    0.29730E+02
 8    0.29527E+00    0.11993E+00    0.60000E+00    0.12061E+01    0.21219E+02    0.18474E+02    0.11643E+03    0.10137E+03    0.23595E+02    0.14055E+01    0.85802E-01    0.56222E-02    0.82138E+02    0.15460E+02    0.78361E+03    0.19433E+02
 9    0.27370E+00    0.11147E+00    0.70000E+00    0.13926E+01    0.24755E+02    0.21330E+02    0.13583E+03    0.11704E+03    0.19848E+02    0.12811E+01    0.72175E-01    0.51245E-02    0.72982E+02    0.13835E+02    0.76529E+03    0.19258E+02
10    0.25630E+00    0.10463E+00    0.80000E+00    0.15772E+01    0.28292E+02    0.24158E+02    0.15524E+03    0.13255E+03    0.82585E+01    0.13654E+01    0.30031E-01    0.54614E-02    0.49430E+02    0.19425E+02    0.67862E+03    0.45403E+02
11    0.24188E+00    0.98947E-01    0.90000E+00    0.17603E+01    0.31828E+02    0.26962E+02    0.17464E+03    0.14794E+03    0.69895E+01    0.10233E+01    0.25416E-01    0.40934E-02    0.42372E+02    0.18826E+02    0.52988E+03    0.36621E+02
12    0.22967E+00    0.94122E-01    0.10000E+01    0.19420E+01    0.35365E+02    0.29745E+02    0.19404E+03    0.16321E+03    0.32022E+01    0.13055E+01    0.11644E-01    0.52218E-02    0.43628E+02    0.18985E+02    0.37637E+03    0.59867E+02
