## NFILE T1 T2 CB1 CB2 P1 P2 RWALL1 RWALL2 XMAX1 XMAX2 GMAX1 GMAX2 YMAX1 YMAX2 CEMAX1 CEMAX2
 1    0.10596E+01    0.45658E+00    0.50000E-01    0.77545E-01    0.17682E+01    0.11877E+01    0.97022E+01    0.65171E+01    0.20002E+03    0.79633E+02    0.72734E+00    0.31853E+00    0.25604E+03    0.14969E+03    0.38928E+02    0.24662E+02
 2    0.75304E+00    0.32641E+00    0.10000E+00    0.15020E+00    0.35365E+01    0.23005E+01    0.19404E+02    0.12623E+02    0.20001E+03    0.27615E+02    0.72730E+00    0.11046E+00    0.15486E+03    0.66311E+02    0.15949E+03    0.57243E+02
 3    0.61699E+00    0.26845E+00    0.15000E+00    0.22053E+00    0.53047E+01    0.33777E+01    0.29107E+02    0.18534E+02    0.20002E+03    0.11048E+02    0.72735E+00    0.44192E-01    0.13182E+03    0.29805E+02    0.34071E+03    0.76028E+02
 4    0.53576E+00    0.23376E+00    0.20000E+00    0.28929E+00    0.70729E+01    0.44309E+01    0.38809E+02    0.24312E+02    0.20001E+03    0.10083E+02    0.72731E+00    0.40334E-01    0.11190E+03    0.40015E+02    0.62547E+03    0.14397E+03
 5    0.43915E+00    0.19234E+00    0.30000E+00    0.42400E+00    0.10609E+02    0.64942E+01    0.58213E+02    0.35633E+02    0.30064E+02    0.92219E+01    0.10932E+00    0.36888E-01    0.75086E+02    0.48675E+02    0.79619E+03    0.20286E+03
 6    0.38152E+00    0.16758E+00    0.40000E+00    0.55503E+00    0.14146E+02    0.85012E+01    0.77618E+02    0.46646E+02    0.11125E+02    0.11012E+02    0.40456E-01    0.44048E-01    0.46092E+02    0.60040E+02    0.61443E+03    0.16851E+03
 7    0.34211E+00    0.15060E+00    0.50000E+00    0.68371E+00    0.17682E+02    0.10472E+02    0.97022E+02    0.57460E+02    0.65682E+01    0.48180E+01    0.23884E-01    0.19272E-01    0.37381E+02    0.28128E+02    0.40637E+03    0.79663E+02
 8    0.31297E+00    0.13802E+00    0.60000E+00    0.81055E+00    0.21219E+02    0.12415E+02    0.11643E+03    0.68120E+02    0.53697E+01    0.37780E+01    0.19526E-01    0.15112E-01    0.39316E+02    0.24295E+02    0.31338E+03    0.10684E+03
 9    0.29029E+00    0.12821E+00    0.70000E+00    0.93590E+00    0.24755E+02    0.14335E+02    0.13583E+03    0.78655E+02    0.20109E+01    0.16284E+01    0.73124E-02    0.65136E-02    0.25980E+02    0.21024E+02    0.15741E+03    0.68839E+02
10    0.27199E+00    0.12028E+00    0.80000E+00    0.10600E+01    0.28292E+02    0.16236E+02    0.15524E+03    0.89084E+02    0.18404E+01    0.14536E+01    0.66923E-02    0.58143E-02    0.21352E+02    0.17265E+02    0.14137E+03    0.58621E+02
11    0.25680E+00    0.11368E+00    0.90000E+00    0.11830E+01    0.31828E+02    0.18120E+02    0.17464E+03    0.99424E+02    0.16434E+01    0.12901E+01    0.59761E-02    0.51605E-02    0.18893E+02    0.16473E+02    0.12087E+03    0.46541E+02
12    0.24394E+00    0.10809E+00    0.10000E+01    0.13051E+01    0.35365E+02    0.19990E+02    0.19404E+03    0.10969E+03    0.14441E+01    0.11323E+01    0.52513E-02    0.45293E-02    0.16782E+02    0.14954E+02    0.98110E+02    0.36260E+02
