6.5979381443299e-05	22	6.18556701030928e-05	23
0.000136082474226804	43	0.000123711340206186	53
0.000185567010309278	64	0.000144329896907216	88
0.00022680412371134	86	0.000185567010309278	120
0.000268041237113402	104	0.000206185567010309	150
0.000329896907216495	140	0.000247422680412371	210
0.000379381443298969	170	0.000309278350515464	255
0.000437113402061856	204	0.000350515463917526	298
0.000465979381443299	218	0.000371134020618557	343
0.000523711340206186	255	0.00045360824742268	395
0.000614432989690722	303	0.000536082474226804	473
0.000684536082474227	337	0.000577319587628866	523
0.000795876288659794	372	0.000639175257731959	583
0.000824742268041237	405	0.000680412371134021	628
0.000874226804123711	409	0.000742268041237113	653
0.000944329896907217	457	0.000804123711340206	720
0.00105154639175258	503	0.000907216494845361	780
0.00112577319587629	523	0.000927835051546392	833
0.00118350515463918	554	0.000989690721649484	875
0.00125773195876289	582	0.00105154639175258	908
0.00129896907216495	585	0.00111340206185567	918
0.00132371134020619	587	0.00111340206185567	918
0.00138969072164948	591	0.00115463917525773	930
0.00162061855670103	598	0.00121649484536082	948
0.00151340206185567	635	0.00125773195876289	1005
0.00157525773195876	662	0.00129896907216495	1040
0.00168659793814433	683	0.00142268041237113	1080
0.00174845360824742	707	0.00148453608247423	1113
0.00181855670103093	719	0.00154639175257732	1130
0.00188041237113402	730	0.00154639175257732	1143
0.00200824742268041	734	0.00169072164948454	1138
0.00211546391752577	738	0.00177319587628866	1155
0.00237938144329897	755	0.00183505154639175	1175
0.00294432989690722	760	0.00191752577319588	1150
