-1.69072164948452e-05	22
5.31958762886598e-05	43
0.000102680412371134	64
0.000143917525773196	86
0.000185154639175258	104
0.000247010309278351	140
0.000296494845360825	170
0.000354226804123712	204
0.000383092783505155	218
0.000440824742268042	255
0.000531546391752578	303
0.000601649484536083	337
0.00071298969072165	372
0.000741855670103093	405
0.000791340206185567	409
0.000861443298969073	457
0.000968659793814436	503
0.00104288659793815	523
0.00110061855670104	554
0.00117484536082475	582
0.00121608247422681	585
0.00124082474226805	587
0.00130680412371134	591
0.00153773195876289	598
0.00143051546391753	635
0.00149237113402062	662
0.00160371134020619	683
0.00166556701030928	707
0.00173567010309279	719
0.00179752577319588	730
0.00192536082474227	734
0.00203257731958763	738
0.00229649484536083	755
0.00286144329896908	760
