#変形角	gamma	gamma2	変位計1	変位計2	変位計3	変位計4	変位計5	変位計6	変位計7	変位計8	変位計9	変位計10	変位計11	変位計12	変位計13	荷重14	荷重0
-7.83505154639175e-05	0	-0.19	0	-0.01	0	0	0	0	0	0	-0.02	-0.02	0	0	-3	0
5.36082474226804e-05	0.000412371134020619	0.15	0.02	0	0.01	0.01	-0.01	0	0	0	-0.02	0.28	1	0	40	14
0.000325773195876289	0.000824742268041237	0.81	0.02	0.01	0	0	-0.01	0.01	0	0	-0.04	0.54	2	0	63	26
0.000602061855670103	0.000618556701030928	1.48	0.02	0.01	-0.01	0	-0.01	0.01	0	-0.04	-0.08	0.84	2.5	1	90	38
0.000882474226804124	0.00164948453608247	2.17	0.03	0.02	0	0.01	-0.01	0.03	0	-0.06	-0.14	1.1	4	0	113	47
0.00119587628865979	0.00144329896907216	2.94	0.04	0.02	-0.01	0.02	-0.01	0.02	-0.01	-0.08	-0.2	1.42	4	0.5	138	60
0.00151340206185567	0.0022680412371134	3.8	0.13	0.02	0.01	0.02	-0.01	0.04	0	-0.12	-0.24	1.74	5.5	0	168	78
0.00182680412371134	0.00144329896907216	4.56	0.13	0.02	0	0.03	0	0.05	-0.01	-0.16	-0.28	2.06	6	2.5	200	88
0.00218556701030928	0.00206185567010309	5.43	0.13	0.01	0	0.04	-0.01	0.05	0	-0.22	-0.34	2.38	7	2	233	98
0.00254845360824742	0.00329896907216495	6.3	0.12	0.02	0.01	0.04	-0.01	0.04	0	-0.28	-0.4	2.68	7	-1	265	112
0.00282474226804124	0.00371134020618557	7.07	0.22	0.02	0	0.05	-0.01	0.05	-0.01	-0.32	-0.5	3	8.5	-0.5	295	127
0.00305979381443299	0.00371134020618557	7.65	0.23	0.03	0.01	0.05	-0.01	0.04	0	-0.32	-0.54	3.08	7.5	-1.5	178	105
0.0026639175257732	0.00247422680412371	6.68	0.22	0.02	-0.01	0.05	-0.02	0.02	0.01	-0.22	-0.4	2.72	6.5	0.5	90	68
0.0022639175257732	0.0022680412371134	5.72	0.23	0.01	-0.01	0.06	-0.01	0.01	0.01	-0.1	-0.26	2.16	5.5	0	18	33
0.00187216494845361	0.0022680412371134	4.76	0.22	0.01	-0.01	0.06	0	-0.01	0.02	0	-0.14	1.54	5	-0.5	-3	16
0.00148041237113402	0.00123711340206186	3.72	0.13	0	-0.02	0.07	-0.02	-0.02	0.01	0.08	0	0.9	3.5	0.5	-20	6
0.00107216494845361	0.00123711340206186	2.73	0.13	0	-0.02	0.05	-0.03	-0.03	0.02	0.12	0.1	0.4	2.5	-0.5	-30	-6
0.000878350515463917	0.00144329896907216	2.25	0.12	0.01	0.01	0.05	-0.04	-0.03	0.01	0.14	0.16	0.38	3	-0.5	-25	-4
0.00103917525773196	0.00185567010309278	2.65	0.13	0.03	0	0.05	-0.05	-0.01	0.01	0.14	0.14	0.8	3.5	-1	-8	2
0.00143917525773196	0.0022680412371134	3.61	0.12	0.02	0	0.04	-0.04	0	0.01	0.1	0.04	1.44	5	-0.5	13	16
0.00183092783505155	0.00144329896907216	4.57	0.13	0.02	0	0.05	-0.04	0.02	0.01	0.04	-0.06	2	6	2.5	60	31
0.00216907216494845	0.00288659793814433	5.43	0.17	0.01	0	0.05	-0.04	0.02	0.01	-0.04	-0.14	2.32	7.5	0.5	133	56
0.00250721649484536	0.00309278350515464	6.31	0.23	0.01	0	0.06	-0.03	0.04	0.01	-0.16	-0.3	2.64	7.5	0	205	84
0.00285773195876289	0.0043298969072165	7.17	0.24	0.02	0	0.06	-0.03	0.02	0	-0.26	-0.42	2.96	9	-1.5	268	109
0.00317113402061856	0.00350515463917526	7.93	0.24	0.02	-0.01	0.06	-0.03	0.03	0.02	-0.36	-0.58	3.26	9	0.5	320	132
0.00353814432989691	0.00391752577319588	8.8	0.22	0.01	-0.01	0.06	-0.03	0.02	0.02	-0.44	-0.68	3.58	10.5	1	358	152
0.00389278350515464	0.00391752577319588	9.68	0.24	0.11	0	0.07	-0.02	0.01	0.02	-0.48	-0.76	3.86	10.5	1	395	168
0.00416907216494845	0.0043298969072165	10.44	0.33	0.11	-0.01	0.07	-0.03	0.01	0.02	-0.54	-0.86	4.1	12	1.5	420	181
0.00452783505154639	0.0045360824742268	11.31	0.33	0.11	-0.01	0.07	-0.03	-0.01	0.02	-0.58	-0.94	4.36	12	1	455	191
0.00487835051546392	0.00515463917525773	12.17	0.34	0.11	-0.02	0.06	-0.04	-0.01	0.02	-0.6	-1.02	4.58	13.5	1	483	202
0.00527422680412371	0.0045360824742268	13.12	0.33	0.12	0	0.07	-0.05	-0.03	0.01	-0.62	-1.08	4.8	12.5	1.5	513	213
0.00535257731958763	0.00515463917525773	13.42	0.44	0.12	-0.01	0.06	-0.05	-0.03	0.02	-0.56	-1.04	4.8	13.5	1	390	186
0.00499381443298969	0.00474226804123711	12.55	0.44	0.12	0	0.08	-0.04	-0.04	0.04	-0.44	-0.88	4.58	12.5	1	298	145
0.00463917525773196	0.00474226804123711	11.69	0.44	0.12	0.01	0.07	-0.04	-0.05	0.04	-0.32	-0.74	4.36	11.5	0	213	114
0.0043340206185567	0.0043298969072165	10.91	0.4	0.11	-0.01	0.08	-0.04	-0.05	0.04	-0.2	-0.6	4.02	11	0.5	148	88
0.00401237113402062	0.00391752577319588	10.06	0.33	0.11	0	0.08	-0.04	-0.06	0.05	-0.08	-0.44	3.56	10	0.5	95	65
0.00368247422680412	0.00371134020618557	9.27	0.34	0.11	-0.01	0.08	-0.05	-0.06	0.04	0	-0.3	3.24	9.5	0.5	45	45
0.00337319587628866	0.00350515463917526	8.52	0.34	0.11	-0.01	0.07	-0.04	-0.03	0.05	0.1	-0.2	2.74	8.5	0	23	27
0.00301855670103093	0.00268041237113402	7.64	0.32	0.12	0.01	0.08	-0.05	-0.03	0.06	0.18	-0.06	2.12	7.5	1	3	20
0.00270515463917526	0.00288659793814433	6.79	0.23	0.1	-0.01	0.08	-0.05	-0.03	0.06	0.24	0.06	1.6	7	0	-13	8
0.00234639175257732	0.0022680412371134	5.92	0.23	0.1	-0.02	0.08	-0.06	-0.02	0.05	0.32	0.2	1.08	7	1.5	-28	-3
0.00196288659793814	0.00206185567010309	5	0.24	0.11	-0.02	0.08	-0.06	-0.02	0.05	0.4	0.24	0.56	5	0	-38	-12
0.00174845360824742	0.00288659793814433	4.47	0.23	0.12	0	0.07	-0.07	-0.01	0.05	0.42	0.28	0.78	5.5	-1.5	-18	-2
0.00214432989690722	0.00309278350515464	5.43	0.23	0.12	-0.01	0.07	-0.08	0	0.06	0.38	0.22	1.4	6.5	-1	3	12
0.00252783505154639	0.00329896907216495	6.39	0.26	0.11	0	0.07	-0.08	0.02	0.06	0.32	0.14	2.08	7	-1	28	25
0.00284948453608247	0.00412371134020619	7.18	0.27	0.11	0	0.07	-0.07	0.04	0.05	0.26	0.04	2.5	9	-1	68	39
0.00316288659793814	0.00412371134020619	8.01	0.34	0.11	-0.02	0.06	-0.06	0.04	0.05	0.16	-0.06	2.84	9	-1	130	61
0.00349690721649485	0.00494845360824742	8.82	0.34	0.11	0	0.08	-0.06	0.04	0.05	0.04	-0.18	3.14	10.5	-1.5	193	85
0.00381030927835052	0.00515463917525773	9.58	0.34	0.11	0	0.1	-0.05	0.04	0.05	-0.06	-0.32	3.42	11	-1.5	248	108
0.00416907216494845	0.00494845360824742	10.44	0.33	0.12	0.01	0.08	-0.06	0.03	0.03	-0.2	-0.48	3.78	11	-1	305	128
0.00451958762886598	0.00515463917525773	11.3	0.34	0.11	-0.02	0.08	-0.05	0.02	0.05	-0.28	-0.62	4.08	12	-0.5	360	149
0.00484123711340206	0.00577319587628866	12.08	0.34	0.11	-0.01	0.08	-0.06	0	0.05	-0.38	-0.78	4.32	13	-1	420	172
0.00519175257731959	0.00618556701030928	12.93	0.34	0.21	0.01	0.08	-0.06	-0.02	0.04	-0.48	-0.96	4.58	14	-1	473	190
0.00551340206185567	0.00639175257731959	13.82	0.45	0.23	0	0.08	-0.07	-0.03	0.06	-0.54	-1.02	4.84	14.5	-1	525	216
0.00587216494845361	0.00721649484536083	14.68	0.44	0.22	0	0.08	-0.06	-0.04	0.05	-0.6	-1.14	5.04	16	-1.5	560	234
0.00618969072164948	0.00701030927835052	15.45	0.44	0.22	0	0.08	-0.06	-0.05	0.04	-0.62	-1.2	5.22	16.5	-0.5	593	245
0.00654845360824742	0.00762886597938144	16.31	0.43	0.22	-0.01	0.09	-0.07	-0.04	0.03	-0.6	-1.26	5.38	17.5	-1	620	258
0.0068659793814433	0.00762886597938144	17.09	0.44	0.22	-0.01	0.09	-0.08	-0.05	0.05	-0.6	-1.3	5.52	18	-0.5	645	270
0.00721237113402062	0.00804123711340206	17.93	0.44	0.22	0	0.09	-0.08	-0.07	0.04	-0.6	-1.32	5.66	19	-0.5	670	279
0.0075340206185567	0.00804123711340206	18.81	0.54	0.24	-0.01	0.09	-0.09	-0.07	0.04	-0.58	-1.36	5.8	19	-0.5	693	286
0.00789690721649485	0.00907216494845361	19.69	0.54	0.34	0	0.09	-0.09	-0.07	0.05	-0.58	-1.4	5.96	20.5	-1.5	723	297
0.0081979381443299	0.00927835051546392	20.44	0.56	0.32	0	0.09	-0.09	-0.08	0.05	-0.54	-1.42	6.08	22	-0.5	748	307
0.00849896907216495	0.00907216494845361	21.14	0.53	0.33	0.01	0.1	-0.09	-0.08	0.04	-0.5	-1.44	6.1	21.5	-0.5	730	310
0.00836288659793814	0.00865979381443299	20.83	0.55	0.33	-0.01	0.11	-0.09	-0.09	0.05	-0.38	-1.34	6.08	20.5	-0.5	583	262
0.00799587628865979	0.00804123711340206	20.07	0.68	0.32	-0.02	0.11	-0.1	-0.1	0.07	-0.26	-1.18	5.98	19.5	0	490	218
0.00769484536082474	0.00804123711340206	19.31	0.65	0.32	0	0.11	-0.09	-0.11	0.08	-0.16	-1.06	5.82	19.5	0	410	190
0.00739381443298969	0.00762886597938144	18.53	0.6	0.32	-0.01	0.11	-0.09	-0.12	0.09	-0.06	-0.92	5.64	18.5	0	338	162
0.00705567010309278	0.00680412371134021	17.66	0.55	0.33	-0.01	0.1	-0.08	-0.12	0.1	0.06	-0.72	5.42	17	0.5	260	135
0.00672577319587629	0.0065979381443299	16.86	0.55	0.33	0	0.12	-0.07	-0.12	0.1	0.18	-0.56	5.12	16.5	0.5	200	110
0.00638762886597938	0.00639175257731959	16.03	0.54	0.32	-0.01	0.12	-0.08	-0.12	0.1	0.32	-0.4	4.66	16	0.5	150	88
0.00601649484536082	0.00556701030927835	15.15	0.56	0.31	-0.01	0.11	-0.07	-0.09	0.1	0.42	-0.24	4.38	15	1.5	98	67
0.00565773195876289	0.00556701030927835	14.28	0.56	0.32	-0.01	0.11	-0.06	-0.07	0.11	0.52	-0.08	4.02	14	0.5	58	51
0.00530309278350515	0.00536082474226804	13.41	0.55	0.31	-0.01	0.11	-0.06	-0.06	0.11	0.6	0.06	3.52	13	0	35	37
0.00495670103092783	0.00536082474226804	12.54	0.52	0.32	-0.01	0.11	-0.07	-0.05	0.11	0.66	0.18	2.96	12.5	-0.5	18	26
0.00463917525773196	0.00515463917525773	11.68	0.43	0.32	-0.01	0.11	-0.08	-0.05	0.11	0.76	0.34	2.4	12	-0.5	3	18
0.00423092783505155	0.00474226804123711	10.71	0.45	0.33	0	0.1	-0.07	-0.04	0.1	0.84	0.44	1.84	11	-0.5	-5	10
0.00396288659793814	0.00515463917525773	10.05	0.44	0.32	0.01	0.09	-0.07	-0.04	0.1	0.86	0.5	1.66	11.5	-1	-13	6
0.00405360824742268	0.00536082474226804	10.26	0.43	0.34	0	0.1	-0.07	-0.04	0.11	0.82	0.48	2.18	11.5	-1.5	18	19
0.00442886597938144	0.00515463917525773	11.17	0.43	0.35	0	0.1	-0.07	-0.02	0.1	0.78	0.4	2.82	12.5	0	45	34
0.00475876288659794	0.00515463917525773	11.97	0.43	0.33	-0.01	0.11	-0.07	-0.01	0.11	0.72	0.34	3.44	14	1.5	80	48
0.00511340206185567	0.00494845360824742	12.84	0.44	0.32	0	0.11	-0.06	0	0.1	0.58	0.14	3.82	13.5	1.5	133	65
0.0054680412371134	0.00556701030927835	13.71	0.45	0.33	-0.01	0.12	-0.06	0.01	0.11	0.46	0	4.14	15	1.5	198	92
0.00574845360824742	0.0065979381443299	14.48	0.54	0.32	-0.01	0.13	-0.05	0.02	0.1	0.34	-0.14	4.4	16	0	263	116
0.00609896907216495	0.00639175257731959	15.33	0.54	0.32	-0.01	0.12	-0.06	0.01	0.1	0.22	-0.34	4.64	16.5	1	323	136
0.00641649484536082	0.00639175257731959	16.11	0.55	0.33	0	0.12	-0.06	0	0.1	0.12	-0.48	4.92	16.5	1	380	159
0.00677113402061856	0.0065979381443299	16.97	0.55	0.34	0	0.12	-0.06	-0.03	0.11	0.02	-0.64	5.2	17.5	1.5	438	183
0.00709278350515464	0.00721649484536083	17.75	0.55	0.33	0	0.12	-0.06	-0.04	0.11	-0.08	-0.8	5.42	19	1.5	498	204
0.00741855670103093	0.00721649484536083	18.53	0.54	0.32	0	0.13	-0.06	-0.05	0.11	-0.16	-0.94	5.58	19.5	2	553	225
0.00777319587628866	0.00721649484536083	19.39	0.54	0.33	0	0.12	-0.07	-0.07	0.11	-0.24	-1.06	5.76	19.5	2	610	245
0.00809896907216495	0.00762886597938144	20.18	0.54	0.39	0	0.13	-0.07	-0.07	0.11	-0.3	-1.2	5.88	21	2.5	668	267
0.00840824742268041	0.00762886597938144	20.93	0.54	0.43	-0.01	0.13	-0.08	-0.08	0.11	-0.34	-1.26	6.02	21.5	3	720	288
0.00871340206185567	0.00804123711340206	21.71	0.58	0.43	0	0.13	-0.09	-0.09	0.11	-0.38	-1.32	6.16	22.5	3	763	311
0.00903917525773196	0.00804123711340206	22.59	0.67	0.44	-0.02	0.13	-0.08	-0.09	0.11	-0.38	-1.36	6.28	23	3.5	795	325
0.00932371134020619	0.00824742268041237	23.26	0.65	0.43	-0.01	0.14	-0.09	-0.09	0.11	-0.36	-1.4	6.4	23.5	3.5	820	332
0.00963298969072165	0.0088659793814433	24.02	0.66	0.43	-0.01	0.13	-0.1	-0.11	0.1	-0.38	-1.4	6.5	24.5	3	843	344
0.00995876288659794	0.00927835051546392	24.8	0.65	0.43	0	0.13	-0.1	-0.11	0.1	-0.34	-1.44	6.58	25	2.5	865	350
0.0102721649484536	0.00948453608247423	25.66	0.75	0.42	-0.01	0.13	-0.11	-0.12	0.1	-0.3	-1.42	6.66	26	3	888	362
0.0106350515463918	0.00948453608247423	26.45	0.66	0.43	-0.01	0.13	-0.1	-0.12	0.11	-0.28	-1.42	6.76	26.5	3.5	908	371
0.0109525773195876	0.0101030927835052	27.21	0.65	0.43	-0.02	0.13	-0.1	-0.12	0.11	-0.22	-1.42	6.82	28	3.5	930	379
0.0112783505154639	0.0107216494845361	28	0.65	0.52	0	0.13	-0.1	-0.13	0.11	-0.16	-1.42	6.9	28.5	2.5	948	388
0.0115917525773196	0.0111340206185567	28.86	0.75	0.54	0	0.13	-0.11	-0.14	0.1	-0.12	-1.4	6.98	29.5	2.5	970	395
0.0119175257731959	0.011340206185567	29.65	0.75	0.54	0	0.13	-0.11	-0.14	0.1	-0.08	-1.4	7.08	30	2.5	990	402
0.0122721649484536	0.0119587628865979	30.51	0.75	0.54	0	0.13	-0.11	-0.14	0.1	-0.02	-1.46	7.12	31.5	2.5	1010	415
0.0125938144329897	0.0119587628865979	31.27	0.73	0.55	0	0.13	-0.11	-0.14	0.1	0.02	-1.42	7.22	31.5	2.5	1028	425
0.0129443298969072	0.0123711340206186	32.14	0.75	0.55	0.01	0.14	-0.12	-0.15	0.09	0.08	-1.42	7.26	32	2	1048	429
0.0132494845360825	0.0127835051546392	32.89	0.76	0.54	0	0.15	-0.1	-0.14	0.1	0.12	-1.42	7.32	33.5	2.5	1068	437
0.0135835051546392	0.0127835051546392	33.69	0.75	0.65	0	0.15	-0.12	-0.14	0.1	0.2	-1.38	7.4	33.5	2.5	1083	444
0.0138556701030928	0.0136082474226804	34.46	0.86	0.65	0	0.16	-0.12	-0.15	0.1	0.24	-1.38	7.46	35.5	2.5	1100	454
0.0141855670103093	0.0131958762886598	35.25	0.85	0.65	-0.01	0.17	-0.11	-0.14	0.11	0.3	-1.38	7.5	35.5	3.5	1120	461
0.0144824742268041	0.0134020618556701	35.98	0.86	0.65	0	0.16	-0.11	-0.14	0.11	0.36	-1.34	7.54	36	3.5	1135	468
0.014779381443299	0.014020618556701	36.69	0.85	0.64	-0.01	0.17	-0.1	-0.14	0.11	0.42	-1.3	7.6	37.5	3.5	1153	480
0.0150969072164948	0.0138144329896907	37.47	0.86	0.64	0	0.18	-0.11	-0.15	0.1	0.44	-1.28	7.68	37	3.5	1170	483
0.0154144329896907	0.0144329896907217	38.24	0.86	0.69	-0.01	0.18	-0.11	-0.16	0.11	0.52	-1.28	7.7	39	4	1185	486
0.015719587628866	0.0144329896907217	39.01	0.89	0.75	-0.01	0.17	-0.12	-0.15	0.11	0.58	-1.22	7.76	38.5	3.5	1203	497
0.0160164948453608	0.014639175257732	39.79	0.95	0.75	0	0.19	-0.11	-0.15	0.1	0.62	-1.2	7.78	39.5	4	1218	506
0.0163257731958763	0.0152577319587629	40.56	0.97	0.74	-0.01	0.18	-0.11	-0.16	0.11	0.68	-1.18	7.86	41	4	1235	508
0.016639175257732	0.0150515463917526	41.31	0.96	0.75	-0.01	0.19	-0.12	-0.15	0.1	0.76	-1.14	7.88	40.5	4	1253	519
0.0169814432989691	0.0154639175257732	42.12	0.94	0.75	-0.01	0.19	-0.16	-0.15	0.1	0.82	-1.12	7.94	42	4.5	1268	528
0.0172412371134021	0.0156701030927835	42.78	0.97	0.74	-0.01	0.19	-0.16	-0.15	0.1	0.86	-1.08	7.98	42.5	4.5	1285	532
0.0175711340206186	0.0162886597938144	43.58	0.97	0.85	-0.01	0.19	-0.16	-0.16	0.11	0.94	-1.04	8.02	44	4.5	1300	540
0.0178927835051546	0.0158762886597938	44.36	0.97	0.85	-0.01	0.19	-0.16	-0.18	0.1	1	-0.98	8.06	44	5.5	1313	551
0.0181731958762887	0.0169072164948454	45.14	1.07	0.85	-0.01	0.2	-0.16	-0.16	0.1	1.08	-0.98	8.1	45.5	4.5	1330	560
0.0184907216494845	0.0171134020618557	45.91	1.07	0.85	-0.01	0.21	-0.16	-0.16	0.1	1.16	-0.9	8.1	46.5	5	1348	565
0.0187958762886598	0.0171134020618557	46.65	1.07	0.85	-0.01	0.21	-0.17	-0.17	0.1	1.22	-0.86	8.16	46	4.5	1363	577
0.0190886597938144	0.0175257731958763	47.36	1.07	0.91	-0.01	0.23	-0.16	-0.16	0.11	1.32	-0.82	8.22	47.5	5	1378	586
0.0194061855670103	0.0183505154639175	48.12	1.06	0.96	0	0.25	-0.16	-0.17	0.1	1.38	-0.78	8.24	48	3.5	1390	598
0.0197360824742268	0.0185567010309278	48.92	1.06	0.96	0	0.26	-0.17	-0.17	0.1	1.48	-0.72	8.28	49	4	1408	602
0.0200494845360825	0.0191752577319588	49.7	1.08	0.95	0	0.27	-0.17	-0.18	0.1	1.54	-0.66	8.3	50	3.5	1420	613
0.0203587628865979	0.0191752577319588	50.47	1.1	0.96	0	0.28	-0.17	-0.17	0.1	1.62	-0.62	8.34	50	3.5	1435	622
0.0206556701030928	0.0197938144329897	51.26	1.17	1	0	0.28	-0.18	-0.18	0.1	1.7	-0.56	8.38	52.5	4.5	1448	628
0.0209360824742268	0.0195876288659794	51.93	1.16	1.07	0	0.3	-0.17	-0.17	0.1	1.78	-0.52	8.4	52	4.5	1463	633
0.0212577319587629	0.0193814432989691	52.73	1.18	1.06	0	0.31	-0.17	-0.17	0.04	1.88	-0.46	8.44	52	5	1475	643
0.0215711340206186	0.02	53.48	1.17	1.07	0	0.32	-0.17	-0.17	0.04	1.96	-0.42	8.46	53.5	5	1490	653
0.0219010309278351	0.0202061855670103	54.28	1.17	1.06	0	0.33	-0.17	-0.17	0.05	2.04	-0.36	8.5	54	5	1503	663
0.0222061855670103	0.0204123711340206	55.02	1.17	1.18	0	0.33	-0.17	-0.18	0.04	2.12	-0.28	8.52	55.5	6	1518	664
0.0225072164948454	0.0204123711340206	55.75	1.17	1.17	0	0.35	-0.17	-0.19	0.04	2.2	-0.24	8.56	55.5	6	1530	676
0.0228164948453608	0.0208247422680412	56.54	1.21	1.16	0	0.36	-0.16	-0.18	0.04	2.28	-0.18	8.6	56	5.5	1545	683
0.0231051546391753	0.0212371134020619	57.31	1.28	1.15	-0.01	0.36	-0.17	-0.18	0.04	2.36	-0.12	8.62	57	5.5	1558	689
0.0234268041237113	0.0212371134020619	58.09	1.28	1.27	0	0.4	-0.17	-0.18	0.04	2.44	-0.06	8.64	58	6.5	1573	702
0.023740206185567	0.0216494845360825	58.85	1.28	1.27	0	0.4	-0.17	-0.18	0.04	2.54	0.02	8.68	59.5	7	1583	707
0.0240288659793814	0.0214432989690722	59.55	1.28	1.27	-0.01	0.41	-0.17	-0.18	0.04	2.62	0.08	8.72	59	7	1598	712
0.0243546391752577	0.0214432989690722	60.34	1.28	1.27	0	0.42	-0.17	-0.19	0.04	2.72	0.12	8.74	59.5	7.5	1608	723
0.024639175257732	0.0222680412371134	61.02	1.27	1.27	-0.01	0.43	-0.17	-0.19	0.05	2.78	0.18	8.76	61	7	1620	734
0.024960824742268	0.0222680412371134	61.81	1.28	1.38	-0.01	0.44	-0.17	-0.19	0.04	2.86	0.22	8.78	61.5	7.5	1633	741
0.0252659793814433	0.022680412371134	62.57	1.3	1.37	-0.01	0.44	-0.17	-0.19	0.04	2.96	0.28	8.82	62.5	7.5	1648	753
0.0255546391752577	0.0228865979381443	63.35	1.38	1.38	0	0.44	-0.17	-0.2	0.04	3.04	0.32	8.84	63.5	8	1655	751
0.0258432989690722	0.0232989690721649	64.05	1.38	1.37	-0.01	0.45	-0.28	-0.2	0.05	3.12	0.4	8.86	63.5	7	1668	765
0.0261360824742268	0.0232989690721649	64.76	1.38	1.39	-0.01	0.46	-0.29	-0.2	0.05	3.22	0.44	8.9	64	7.5	1680	774
0.0264453608247423	0.0237113402061856	65.51	1.38	1.48	0	0.47	-0.28	-0.2	0.04	3.3	0.5	8.92	65	7.5	1690	778
0.0267711340206186	0.0241237113402062	66.3	1.38	1.47	-0.01	0.49	-0.28	-0.21	0.05	3.38	0.56	8.92	66.5	8	1703	786
0.027059793814433	0.0243298969072165	67	1.38	1.48	-0.02	0.51	-0.28	-0.19	0.05	3.48	0.62	8.94	66.5	7.5	1713	790
0.0273773195876289	0.0251546391752577	67.77	1.38	1.47	-0.01	0.52	-0.28	-0.2	0.04	3.56	0.68	9	67.5	6.5	1723	804
0.0276536082474227	0.0251546391752577	68.47	1.41	1.47	-0.01	0.53	-0.29	-0.22	0.04	3.64	0.74	9	68	7	1733	805
0.0279422680412371	0.0255670103092784	69.15	1.39	1.57	-0.01	0.52	-0.28	-0.21	0.05	3.74	0.78	9	69	7	1743	817
0.0282639175257732	0.0261855670103093	69.93	1.39	1.58	-0.01	0.52	-0.29	-0.21	0.04	3.8	0.86	9.04	70.5	7	1753	825
0.0285484536082474	0.0257731958762887	70.61	1.38	1.58	0	0.53	-0.29	-0.22	0.04	3.9	0.9	9.08	70	7.5	1763	837
0.0287917525773196	0.025979381443299	71.31	1.49	1.6	0	0.54	-0.29	-0.21	0.05	3.98	0.94	9.08	70.5	7.5	1773	837
0.0291134020618557	0.0265979381443299	72.09	1.49	1.57	-0.01	0.56	-0.28	-0.22	0.05	4.08	1	9.1	72	7.5	1788	844
0.0294020618556701	0.0268041237113402	72.79	1.49	1.64	-0.01	0.58	-0.28	-0.21	0.05	4.16	1.08	9.16	72	7	1795	847
0.0297731958762887	0.0272164948453608	73.69	1.49	1.68	-0.01	0.59	-0.28	-0.21	0.04	4.28	1.14	9.16	73	7	1808	860
0.0300329896907216	0.0276288659793814	74.32	1.49	1.68	-0.02	0.6	-0.28	-0.22	0.03	4.38	1.2	9.18	74	7	1815	871
0.0303752577319588	0.0278350515463918	75.15	1.49	1.69	-0.01	0.59	-0.29	-0.21	0.03	4.46	1.24	9.18	74.5	7	1825	883
0.0306639175257732	0.0284536082474227	75.84	1.48	1.69	0	0.61	-0.29	-0.22	0.02	4.56	1.3	9.22	76	7	1835	885
0.0309814432989691	0.028659793814433	76.64	1.51	1.69	0.01	0.62	-0.29	-0.22	0.02	4.66	1.36	9.26	76	6.5	1845	888
0.0312329896907216	0.028659793814433	77.33	1.59	1.8	0	0.62	-0.29	-0.22	0.02	4.76	1.42	9.26	76.5	7	1855	899
0.0315092783505155	0.0290721649484536	78	1.59	1.81	0	0.63	-0.29	-0.22	0.02	4.84	1.46	9.28	77	6.5	1865	908
0.0318350515463918	0.0294845360824742	78.79	1.59	1.8	0	0.65	-0.3	-0.22	0.02	4.94	1.52	9.32	78.5	7	1873	905
0.0321237113402062	0.0292783505154639	79.49	1.59	1.79	0	0.65	-0.29	-0.22	0.02	5.06	1.6	9.32	78.5	7.5	1883	910
0.0324164948453608	0.0296907216494845	80.2	1.59	1.79	0	0.67	-0.29	-0.23	0.02	5.16	1.66	9.34	79.5	7.5	1890	909
0.0326969072164948	0.0298969072164948	80.88	1.59	1.8	0.01	0.69	-0.29	-0.24	0.01	5.26	1.7	9.36	80	7.5	1898	919
0.0329896907216495	0.0305154639175258	81.57	1.57	1.8	0	0.7	-0.3	-0.24	0.01	5.36	1.78	9.36	81	7	1908	918
0.0332453608247423	0.0307216494845361	82.26	1.64	1.88	0	0.72	-0.29	-0.23	0.01	5.46	1.82	9.38	81	6.5	1915	916
0.0335463917525773	0.0309278350515464	83.04	1.69	1.9	0	0.71	-0.29	-0.24	0.01	5.58	1.88	9.4	82	7	1923	924
0.0338309278350515	0.0305154639175258	83.74	1.7	1.91	-0.01	0.72	-0.29	-0.25	0.02	5.7	1.96	9.42	83	9	1928	937
0.0341072164948454	0.0305154639175258	84.41	1.7	1.9	-0.02	0.73	-0.28	-0.25	0	5.78	2.02	9.44	83.5	9.5	1938	940
0.0344041237113402	0.0307216494845361	85.12	1.69	1.9	-0.01	0.73	-0.29	-0.26	0.02	5.9	2.08	9.44	84	9.5	1943	941
0.0346886597938144	0.031340206185567	85.83	1.71	1.89	0	0.73	-0.29	-0.26	0.01	6.02	2.14	9.46	85	9	1948	937
0.0349731958762887	0.0315463917525773	86.5	1.69	1.91	0	0.75	-0.29	-0.26	0.01	6.1	2.16	9.48	85.5	9	1955	943
0.0352247422680412	0.031340206185567	87.12	1.7	2	0	0.74	-0.29	-0.28	0.01	6.24	2.26	9.5	86	10	1960	950
0.035480412371134	0.0315463917525773	87.82	1.78	2.01	0	0.75	-0.29	-0.29	0.02	6.32	2.32	9.52	86.5	10	1968	947
0.0357237113402062	0.0315463917525773	88.42	1.79	2.01	0	0.76	-0.29	-0.29	0.02	6.42	2.38	9.52	87	10.5	1973	944
0.036	0.0317525773195876	89.09	1.79	2	-0.01	0.75	-0.28	-0.29	0.02	6.52	2.42	9.54	87.5	10.5	1980	951
0.0362432989690722	0.0325773195876289	89.69	1.8	2	0.01	0.75	-0.29	-0.32	0.01	6.62	2.46	9.54	88.5	9.5	1980	952
0.0365278350515464	0.0331958762886598	90.38	1.8	2.01	0.01	0.75	-0.29	-0.31	0.02	6.72	2.54	9.56	89.5	9	1985	957
0.0367752577319588	0.0336082474226804	90.97	1.79	2.01	0	0.75	-0.29	-0.31	0.01	6.82	2.56	9.56	90	8.5	1993	958
0.0370268041237113	0.0338144329896907	91.58	1.79	2.01	0.01	0.76	-0.29	-0.31	0.02	6.94	2.64	9.58	90.5	8.5	1998	968
0.0372701030927835	0.0338144329896907	92.17	1.79	2.11	0	0.76	-0.29	-0.33	0.01	7.02	2.7	9.6	91.5	9.5	2005	969
0.0375134020618557	0.0336082474226804	92.87	1.9	2.11	0.01	0.77	-0.29	-0.33	0.02	7.14	2.72	9.62	91.5	10	2008	974
0.037760824742268	0.0336082474226804	93.47	1.9	2.11	0	0.77	-0.28	-0.34	0.02	7.24	2.8	9.64	92	10.5	2015	981
0.0380041237113402	0.0338144329896907	94.07	1.91	2.11	-0.01	0.77	-0.29	-0.34	0.01	7.34	2.84	9.64	92.5	10.5	2018	983
0.0382845360824742	0.034639175257732	94.75	1.91	2.11	0	0.78	-0.28	-0.35	0.02	7.48	2.9	9.64	94	10	2023	983
0.0386268041237113	0.0342268041237113	95.57	1.9	2.12	0	0.78	-0.36	-0.35	0.01	7.64	2.98	9.66	94	11	2025	987
0.0387876288659794	0.0352577319587629	96.06	2	2.2	0	0.78	-0.35	-0.36	0.02	8.02	3.16	9.64	94.5	9	1815	888
0.0387835051546392	0.0348453608247423	96.06	2.01	2.19	0	0.78	-0.35	-0.36	-0.01	8.08	3.22	9.62	94.5	10	1785	871
0.0387546391752577	0.0350515463917526	96.05	2.07	2.2	0	0.78	-0.37	-0.37	-0.01	8.1	3.22	9.64	94.5	9.5	1758	860
0.0388783505154639	0.0344329896907217	96.35	2.07	2.21	0	0.79	-0.35	-0.36	-0.01	8.12	3.26	9.62	95	11.5	1828	883
0.0391670103092783	0.0350515463917526	97.02	2.04	2.21	0	0.79	-0.35	-0.37	-0.01	8.14	3.24	9.68	95.5	10.5	1885	910
0.0394185567010309	0.0354639175257732	97.64	2.05	2.22	0	0.78	-0.36	-0.37	-0.02	8.16	3.26	9.7	97	11	1933	931
0.0396824742268041	0.0352577319587629	98.29	2.06	2.22	0	0.79	-0.36	-0.38	-0.01	8.22	3.28	9.74	97	11.5	1970	952
0.0398927835051546	0.0354639175257732	98.85	2.11	2.21	0	0.79	-0.35	-0.39	-0.02	8.28	3.32	9.72	97.5	11.5	2003	968
0.0401773195876289	0.0358762886597938	99.55	2.12	2.23	-0.01	0.8	-0.35	-0.41	-0.01	8.36	3.36	9.74	98	11	2025	986
0.0404536082474227	0.0356701030927835	100.23	2.13	2.3	0	0.8	-0.35	-0.41	0	8.44	3.4	9.76	98.5	12	2045	994
0.040701030927835	0.0362886597938144	100.82	2.12	2.31	-0.01	0.84	-0.35	-0.41	0	8.54	3.44	9.78	100	12	2058	993
0.0409484536082474	0.0362886597938144	101.41	2.11	2.32	-0.01	0.84	-0.36	-0.42	-0.01	8.64	3.5	9.78	100	12	2068	1004
0.0411752577319588	0.0371134020618557	101.97	2.12	2.31	0	0.85	-0.35	-0.42	-0.01	8.72	3.52	9.8	100.5	10.5	2075	1010
0.0414226804123711	0.0367010309278351	102.56	2.11	2.32	0	0.85	-0.36	-0.43	-0.01	8.82	3.58	9.78	101	12	2080	1014
0.0416577319587629	0.0369072164948454	103.13	2.11	2.31	0	0.86	-0.35	-0.44	-0.01	8.94	3.62	9.8	101.5	12	2085	1022
0.0418969072164948	0.0371134020618557	103.72	2.12	2.32	0	0.87	-0.35	-0.43	-0.01	9.06	3.64	9.82	102.5	12.5	2093	1026
0.042140206185567	0.037319587628866	104.31	2.12	2.31	0.01	0.87	-0.36	-0.44	-0.01	9.18	3.68	9.8	102.5	12	2090	1034
0.0423381443298969	0.0377319587628866	104.78	2.11	2.32	0	0.88	-0.36	-0.45	-0.01	9.3	3.72	9.84	103	11.5	2090	1038
0.0425443298969072	0.0381443298969072	105.3	2.13	2.32	0.01	0.88	-0.35	-0.45	-0.04	9.44	3.78	9.82	104	11.5	2093	1037
0.042820618556701	0.0379381443298969	105.96	2.12	2.32	0	0.88	-0.36	-0.45	-0.03	9.58	3.82	9.82	104.5	12.5	2090	1040
0.0430268041237113	0.0381443298969072	106.45	2.11	2.33	-0.01	0.89	-0.35	-0.45	-0.04	9.72	3.82	9.82	105	12.5	2093	1041
0.043220618556701	0.0383505154639175	107.03	2.22	2.32	0	0.9	-0.36	-0.46	-0.03	9.84	3.86	9.82	105.5	12.5	2095	1050
0.0434556701030928	0.0387628865979381	107.6	2.22	2.31	0	0.91	-0.36	-0.47	-0.04	9.98	3.88	9.82	106	12	2093	1057
0.0437030927835052	0.0387628865979381	108.19	2.21	2.31	0.01	0.9	-0.36	-0.47	-0.03	10.16	3.94	9.82	107	13	2093	1054
0.0439381443298969	0.0389690721649485	108.77	2.22	2.35	0	0.93	-0.36	-0.47	-0.04	10.28	3.96	9.82	107.5	13	2098	1054
0.0442144329896907	0.0393814432989691	109.44	2.22	2.42	0	0.94	-0.35	-0.48	-0.03	10.44	4	9.84	108	12.5	2100	1058
0.0444494845360825	0.0402061855670103	110.01	2.22	2.42	0.01	0.93	-0.36	-0.48	-0.05	10.56	4.02	9.84	108.5	11	2098	1063
0.0446927835051546	0.0402061855670103	110.59	2.21	2.43	0	0.95	-0.36	-0.48	-0.03	10.7	4.06	9.84	109	11.5	2103	1070
0.0449030927835052	0.0406185567010309	111.17	2.28	2.43	0	0.95	-0.36	-0.49	-0.04	10.84	4.08	9.86	110	11.5	2108	1073
0.0451257731958763	0.0406185567010309	111.75	2.32	2.43	0.01	0.96	-0.36	-0.49	-0.03	10.98	4.14	9.86	110.5	12	2108	1076
0.0453731958762887	0.0408247422680412	112.33	2.3	2.43	0.01	0.97	-0.36	-0.49	-0.04	11.12	4.14	9.86	111	12	2110	1078
0.0456041237113402	0.0410309278350515	112.92	2.33	2.43	0.01	0.98	-0.36	-0.49	-0.04	11.28	4.2	9.86	111.5	12	2113	1082
0.0458432989690722	0.0410309278350515	113.49	2.32	2.42	0.01	0.98	-0.36	-0.5	-0.03	11.42	4.22	9.86	112	12.5	2118	1087
0.0460824742268041	0.0416494845360825	114.07	2.32	2.41	0.01	1	-0.36	-0.5	-0.03	11.56	4.26	9.84	113.5	12.5	2120	1086
0.0463587628865979	0.0410309278350515	114.75	2.33	2.42	0	1.03	-0.36	-0.51	-0.03	11.7	4.28	9.88	113	13.5	2125	1092
0.0466432989690722	0.0414432989690722	115.43	2.32	2.43	0	1.04	-0.36	-0.51	-0.04	11.86	4.32	9.88	113.5	13	2128	1099
0.0468329896907216	0.0416494845360825	115.99	2.42	2.42	0.02	1.04	-0.36	-0.51	-0.04	11.98	4.34	9.88	114.5	13.5	2130	1103
0.0471175257731959	0.0420618556701031	116.68	2.42	2.43	0.01	1.06	-0.36	-0.53	-0.04	12.14	4.4	9.88	115	13	2135	1101
0.0473979381443299	0.0420618556701031	117.36	2.42	2.49	0.01	1.06	-0.35	-0.53	-0.04	12.3	4.42	9.88	116	14	2138	1105
0.0476494845360825	0.0424742268041237	117.97	2.42	2.53	0.01	1.06	-0.36	-0.54	-0.04	12.44	4.48	9.9	116.5	13.5	2140	1105
0.0479092783505155	0.0418556701030928	118.6	2.42	2.53	-0.01	1.08	-0.35	-0.55	-0.03	12.56	4.5	9.92	117	15.5	2145	1110
0.0481525773195876	0.0424742268041237	119.2	2.43	2.53	-0.02	1.08	-0.36	-0.56	-0.04	12.72	4.54	9.92	117.5	14.5	2143	1110
0.0483835051546392	0.042680412371134	119.86	2.53	2.53	0	1.08	-0.35	-0.55	-0.04	12.86	4.6	9.92	118	14.5	2148	1116
0.0486639175257732	0.0430927835051546	120.54	2.53	2.52	-0.01	1.09	-0.36	-0.56	-0.03	13.04	4.64	9.94	118.5	14	2143	1124
0.048940206185567	0.0432989690721649	121.21	2.53	2.53	0	1.11	-0.36	-0.57	-0.02	13.56	4.72	9.94	119.5	14.5	2010	1110
0.0493278350515464	0.0437113402061856	122.47	2.85	2.52	-0.14	1.3	-0.1	-0.52	0.1	16.16	5.18	9.7	120.5	14.5	1348	792
0.0496082474226804	0.0435051546391753	123.15	2.85	2.53	-0.13	1.35	-0.1	-0.5	0.12	16.38	5.18	9.66	120.5	15	1378	791
0.0499134020618557	0.0443298969072165	123.89	2.85	2.53	-0.14	1.41	-0.09	-0.49	0.13	16.62	5.2	9.64	122	14.5	1383	785
0.0501690721649485	0.0441237113402062	124.51	2.85	2.52	-0.14	1.44	-0.08	-0.48	0.14	16.86	5.2	9.66	122.5	15.5	1393	780
0.0504659793814433	0.0443298969072165	125.26	2.88	2.52	-0.14	1.5	0.02	-0.4	0.24	18.26	5.48	9.52	123	15.5	1035	780
0.050779381443299	0.0451546391752577	126.21	3.07	2.61	-0.12	1.7	0.06	-0.4	0.25	18.6	5.46	9.52	124.5	15	1053	630
0.0511010309278351	0.0449484536082474	126.99	3.07	2.63	-0.11	1.75	0.07	-0.39	0.26	18.84	5.48	9.52	124.5	15.5	1070	628
0.0515340206185567	0.0451546391752577	128.14	3.17	2.51	-0.1	1.99	0.25	-0.29	0.38	20.92	5.94	9.06	125.5	16	668	467
0.051839175257732	0.0455670103092784	128.99	3.28	2.51	-0.09	2.05	0.26	-0.26	0.39	21.2	5.94	9.06	126.5	16	680	471
0.0521319587628866	0.0461855670103093	129.68	3.26	2.52	-0.08	2.1	0.27	-0.26	0.41	21.42	5.94	9.06	126.5	14.5	650	476
0.0521690721649485	0.045979381443299	129.77	3.26	2.52	0.16	2.13	0.29	-0.24	0.43	21.66	5.94	9.08	127	15.5	645	445
0.0524371134020619	0.045979381443299	130.43	3.27	2.52	-0.1	2.17	0.28	-0.24	0.43	21.78	5.94	9.06	127.5	16	688	469
0.0527463917525773	0.0461855670103093	131.2	3.29	2.53	-0.09	2.22	0.29	-0.22	0.44	22.04	5.96	9.06	128.5	16.5	680	477
0.053039175257732	0.0463917525773196	132	3.38	2.53	-0.09	2.27	0.29	-0.21	0.45	22.36	5.96	9.06	129.5	17	675	478
0.0533525773195876	0.0472164948453608	132.76	3.38	2.53	-0.09	2.32	0.3	-0.21	0.47	22.66	5.94	9.06	130.5	16	678	482
0.0536618556701031	0.0472164948453608	133.51	3.38	2.54	-0.1	2.38	0.31	-0.13	0.79	27.12	6.7	6.92	131	16.5	150	485
0.0541278350515464	0.0474226804123711	134.85	3.59	2.52	-0.12	3.37	0.52	0.03	0.75	27	6.86	7.52	132	17	195	312
0.0544536082474227	0.0474226804123711	135.64	3.59	2.53	-0.1	3.37	0.53	0.04	0.75	27.2	6.86	7.5	133	18	203	323
0.0548164948453608	0.0480412371134021	136.51	3.58	2.53	-0.1	3.37	0.53	0.04	0.77	27.48	6.86	7.5	134	17.5	203	327
0.0551298969072165	0.0480412371134021	137.27	3.58	2.53	-0.1	3.38	0.54	0.06	0.78	27.82	6.86	7.48	134	17.5	190	327
0.0554762886597938	0.048659793814433	138.1	3.57	2.53	-0.09	3.46	0.56	0.07	0.8	28.14	6.86	7.46	135.5	17.5	185	330
0.0557567010309278	0.048659793814433	138.9	3.69	2.52	-0.11	3.48	0.56	0.07	0.81	28.44	6.86	7.46	136	18	185	329
0.0560783505154639	0.0492783505154639	139.67	3.68	2.53	-0.09	3.55	0.56	0.09	0.83	28.76	6.86	7.48	137	17.5	188	330
0.0564329896907216	0.0494845360824742	140.54	3.69	2.54	-0.09	3.6	0.58	0.11	0.83	29.06	6.86	7.48	137.5	17.5	188	333
0.0568	0.0501030927835052	141.42	3.68	2.53	-0.11	3.65	0.58	0.12	0.86	29.38	6.86	7.46	139.5	18	188	336
0.0570845360824742	0.0498969072164948	142.17	3.74	2.53	-0.1	3.68	0.6	0.13	0.86	29.72	6.86	7.5	139.5	18.5	180	328
0.0573896907216495	0.0503092783505155	142.98	3.81	2.52	-0.1	3.72	0.6	0.14	0.88	30.04	6.88	7.48	140	18	178	331
0.0577360824742268	0.0503092783505155	143.8	3.79	2.53	-0.1	3.77	0.62	0.15	0.89	30.36	6.88	7.48	140.5	18.5	173	334
0.058098969072165	0.0507216494845361	144.68	3.79	2.53	-0.1	3.81	0.62	0.16	0.9	30.66	6.86	7.46	141.5	18.5	173	335
0.0584494845360825	0.0507216494845361	145.54	3.8	2.53	-0.1	3.85	0.63	0.17	0.92	31	6.88	7.48	142.5	19.5	170	337
0.0588041237113402	0.048659793814433	146.5	3.9	2.53	-0.06	4.25	0.66	0.29	1.1	64.66	10.88	7.46	143.5	25.5	-75	263
0.0591587628865979	0.0490721649484536	147.36	3.9	2.52	-0.1	4.25	0.67	0.29	1.11	65	10.88	7.54	143.5	24.5	-53	272
0.0595175257731959	0.0498969072164948	148.23	3.9	2.52	-0.1	4.28	0.68	0.31	1.13	65.28	10.9	7.54	146	25	-53	270
0.0598309278350515	0.0498969072164948	148.99	3.9	2.52	-0.1	4.32	0.67	0.33	1.15	65.58	10.88	7.52	145.5	24.5	-53	273
0.0602226804123711	0.0503092783505155	149.96	3.92	2.53	-0.09	4.37	0.68	0.34	1.17	65.92	10.88	7.52	146.5	24.5	-53	278
0.0611051546391752	0.0515463917525773	152.17	3.99	2.53	-0.09	4.5	0.68	0.38	1.2	66.74	10.86	7.5	149.5	24.5	-53	278
0.0615340206185567	0.0519587628865979	153.21	3.99	2.53	-0.09	4.54	0.68	0.39	1.22	67.1	10.88	7.5	150.5	24.5	-53	279
0.0618556701030928	0.0525773195876289	154	4	2.54	-0.08	4.58	0.69	0.41	1.23	67.4	10.86	7.5	151.5	24	-53	284
0.0622268041237113	0.0529896907216495	154.9	4	2.53	-0.1	4.63	0.69	0.43	1.24	67.74	10.88	7.5	152.5	24	-53	281
0.0625649484536082	0.0527835051546392	155.83	4.11	2.54	-0.09	4.68	0.7	0.43	1.26	68.08	10.88	7.5	152.5	24.5	-53	287
0.0629154639175258	0.0527835051546392	156.68	4.11	2.52	-0.11	4.71	0.72	0.45	1.27	68.38	10.88	7.5	153.5	25.5	-53	287
0.0632742268041237	0.0534020618556701	157.55	4.11	2.53	-0.09	4.75	0.71	0.45	1.29	68.74	10.88	7.5	154.5	25	-53	290
0.0635917525773196	0.0538144329896907	158.32	4.11	2.53	-0.09	4.79	0.72	0.47	1.3	69.04	10.88	7.5	155.5	25	-50	288
0.0639134020618557	0.0538144329896907	159.1	4.11	2.52	-0.09	4.82	0.73	0.48	1.31	69.3	10.88	7.5	155	24.5	-53	289
0.0642350515463918	0.0534020618556701	159.87	4.1	2.53	-0.11	4.87	0.73	0.49	1.33	69.62	10.88	7.5	156	26.5	-55	293
0.0645484536082474	0.0542268041237113	160.64	4.11	2.53	-0.1	4.91	0.74	0.5	1.34	70.12	10.86	7.5	157	25.5	-53	293
0.0648701030927835	0.0548453608247423	161.52	4.21	2.53	-0.09	4.94	0.74	0.51	1.35	71.08	10.88	7.48	157.5	24.5	-50	293
0.065179381443299	0.0550515463917526	162.28	4.22	2.53	-0.1	4.97	0.74	0.53	1.36	71.4	10.86	7.48	159	25.5	-53	291
0.065501030927835	0.0554639175257732	163.05	4.21	2.53	-0.09	5	0.75	0.54	1.38	71.7	10.86	7.48	159.5	25	-53	293
0.065859793814433	0.0552577319587629	163.92	4.21	2.53	-0.1	5.03	0.75	0.54	1.4	76.1	10.88	7.5	160	26	-55	295
0.0661731958762887	0.0552577319587629	164.68	4.21	2.53	-0.1	5.07	0.77	0.56	1.4	76.3	10.86	7.52	161	27	-53	296
0.0664123711340206	0.0556701030927835	165.37	4.32	2.52	-0.1	5.1	0.77	0.56	1.41	76.58	10.88	7.5	161.5	26.5	-53	296
0.0667257731958763	0.0558762886597938	166.13	4.32	2.52	-0.1	5.14	0.78	0.58	1.42	76.88	10.86	7.54	162	26.5	-53	296
0.0670474226804124	0.0562886597938144	166.91	4.32	2.53	-0.1	5.17	0.79	0.59	1.43	77.24	10.86	7.54	163	26.5	-53	297
0.0673649484536082	0.0567010309278351	167.69	4.33	2.51	-0.09	5.22	0.79	0.61	1.44	100.36	10.84	7.52	164	26.5	-50	302
0.0676371134020619	0.0567010309278351	168.37	4.35	2.51	-0.09	5.23	0.79	0.62	1.45	-5.1	10.84	7.56	164	26.5	-53	302
0.0679092783505155	0.0583505154639175	169.11	4.43	2.53	-0.1	5.28	0.8	0.62	1.46	-21.08	10.82	7.62	164.5	23	-53	303
0.0681896907216495	0.0591752577319588	169.8	4.44	2.53	-0.1	5.31	0.8	0.63	1.47	-20.74	10.84	7.56	165.5	22	-50	301
0.0685237113402062	0.0585567010309278	170.59	4.42	2.53	-0.1	5.32	0.81	0.64	1.48	-20.3	10.82	7.6	166.5	24.5	-48	301
0.0687958762886598	0.057319587628866	171.25	4.42	2.53	-0.11	5.37	0.81	0.65	1.49	-20.2	10.8	7.62	167	28	-53	306
0.0690680412371134	0.0595876288659794	172.02	4.53	2.52	-0.11	5.41	0.82	0.67	1.51	-20.16	10.82	7.58	167.5	23	-50	307
0.0693855670103093	0.06	172.79	4.53	2.52	-0.1	5.46	0.83	0.69	1.51	-20.16	10.8	7.6	168.5	23	-50	304
0.0696659793814433	0.042680412371134	173.48	4.54	2.52	-0.1	5.48	0.83	0.69	1.52	10.64	10.8	7.64	169.5	66	-50	309
0.0699876288659794	0.0610309278350515	174.25	4.53	2.53	-0.1	5.49	0.83	0.69	1.54	78.08	10.8	7.64	170.5	22.5	-50	308
0.0703051546391753	0.0614432989690722	175.03	4.54	2.52	-0.1	5.51	0.83	0.7	1.56	78.36	10.8	7.64	171.5	22.5	-48	309
0.0705814432989691	0.0624742268041237	175.79	4.63	2.53	-0.1	5.54	0.86	0.71	1.57	78.7	10.78	7.64	171.5	20	-50	312
0.0708618556701031	0.0618556701030928	176.47	4.63	2.53	-0.1	5.61	0.85	0.73	1.57	78.98	10.78	7.64	172	22	-50	311
0.0711835051546392	0.0616494845360825	177.25	4.63	2.53	-0.09	5.66	0.86	0.74	1.59	79.26	10.8	7.64	172.5	23	-50	312
0.0714639175257732	0.0616494845360825	177.93	4.63	2.52	-0.11	5.7	0.88	0.76	1.6	79.56	10.8	7.64	173.5	24	-50	311
0.0717484536082474	0.0618556701030928	178.65	4.66	2.53	-0.1	5.72	0.88	0.76	1.6	79.8	10.78	7.64	174	24	-50	310
0.0720577319587629	0.0620618556701031	179.37	4.63	2.53	-0.1	5.74	0.9	0.77	1.61	80.06	10.78	7.64	174.5	24	-50	312
0.072379381443299	0.0624742268041237	180.15	4.63	2.53	-0.09	5.76	0.91	0.78	1.62	80.3	10.78	7.64	175	23.5	-50	308
0.0726556701030928	0.0593814432989691	180.92	4.73	2.53	-0.1	5.79	0.91	0.8	1.64	80.54	10.78	7.64	176	32	-50	312
0.0729319587628866	0.0610309278350515	181.58	4.72	2.53	-0.11	5.83	0.9	0.8	1.65	80.8	10.78	7.62	176	28	-50	315
0.0732164948453608	0.0614432989690722	182.28	4.73	2.54	-0.09	5.87	0.92	0.81	1.66	81.08	10.78	7.62	177	28	-53	318
0.0735010309278351	0.0616494845360825	182.97	4.73	2.53	-0.1	5.9	0.92	0.83	1.66	81.32	10.76	7.62	178	28.5	-50	320
0.0738103092783505	0.0624742268041237	183.72	4.73	2.53	-0.09	5.93	0.92	0.84	1.67	81.64	10.78	7.6	179	27.5	-53	319
0.0740907216494845	0.0624742268041237	184.4	4.73	2.52	-0.09	5.96	0.93	0.85	1.68	81.88	10.8	7.62	179	27.5	-50	318
0.0743670103092784	0.062680412371134	185.18	4.84	2.52	-0.09	5.97	0.95	0.86	1.7	82.18	10.78	7.6	180.5	28.5	-53	315
0.074680412371134	0.063298969072165	185.95	4.85	2.52	-0.1	6.01	0.95	0.87	1.71	82.44	10.78	7.58	181	27.5	-53	318
0.0749690721649484	0.063298969072165	186.63	4.83	2.52	-0.09	6.02	0.95	0.87	1.72	82.68	10.76	7.58	181.5	28	-53	319
0.0752453608247423	0.0637113402061856	187.31	4.84	2.52	-0.1	6.07	0.95	0.88	1.73	82.92	10.76	7.56	182.5	28	-55	318
0.0755257731958763	0.0641237113402062	187.99	4.84	2.53	-0.08	6.09	0.96	0.9	1.74	83.2	10.78	7.56	184	28.5	-53	322
0.0758432989690722	0.0639175257731959	188.87	4.95	2.53	-0.09	6.17	0.98	0.95	1.78	83.56	10.78	7.58	184	29	-53	318
0.076119587628866	0.0635051546391753	189.54	4.95	2.53	-0.09	6.18	0.98	0.94	1.79	83.8	10.78	7.56	184	30	-53	322
0.0764412371134021	0.0643298969072165	190.32	4.95	2.52	-0.1	6.22	0.99	0.96	1.82	84.06	10.78	7.54	186	30	-53	321
0.0767711340206186	0.0645360824742268	191.1	4.93	2.53	-0.1	6.24	0.99	0.97	1.82	84.32	10.78	7.56	185.5	29	-53	324
0.0770432989690722	0.0645360824742268	191.78	4.95	2.54	-0.1	6.27	1.01	0.98	1.83	84.58	10.78	7.56	186.5	30	-53	324
0.0773237113402062	0.0641237113402062	192.55	5.04	2.53	-0.09	6.3	1.01	0.99	1.84	84.88	10.78	7.56	186.5	31	-53	325
0.0775958762886598	0.0647422680412371	193.23	5.06	2.53	-0.09	6.34	1.01	1	1.85	85.12	10.78	7.56	188	31	-53	329
0.0778556701030928	0.0651546391752577	193.85	5.05	2.52	-0.11	6.36	1.02	1.01	1.86	85.38	10.8	7.56	189	31	-55	333
0.0781649484536082	0.0655670103092783	194.6	5.05	2.53	-0.1	6.38	1.03	1.02	1.86	85.62	10.78	7.54	189	30	-48	335
0.0784164948453608	0.065979381443299	195.27	5.11	2.51	-0.1	6.4	1.04	1.02	1.87	85.86	10.78	7.56	189.5	29.5	-53	340
0.078639175257732	0.0657731958762887	195.86	5.16	2.52	-0.1	6.4	1.05	1.04	1.87	86.06	10.8	7.56	190	30.5	-55	345
0.0789237113402062	0.0661855670103093	196.55	5.16	2.54	-0.09	6.42	1.06	1.04	1.88	86.34	10.78	7.56	191	30.5	-53	348
0.0792082474226804	0.0668041237113402	197.23	5.15	2.53	-0.1	6.45	1.06	1.05	1.88	86.56	10.78	7.56	192	30	-53	353
0.0794474226804124	0.0672164948453608	197.81	5.15	2.53	-0.09	6.45	1.07	1.05	1.89	86.78	10.78	7.54	192.5	29.5	-55	345
0.079719587628866	0.0672164948453608	198.58	5.26	2.52	-0.09	6.53	1.06	1.07	1.93	87	10.76	7.56	193	30	-53	327
0.0799752577319588	0.0674226804123711	199.19	5.25	2.53	-0.09	6.58	1.06	1.08	1.94	87.24	10.76	7.56	193	29.5	-53	329
0.0802556701030928	0.0678350515463918	199.87	5.25	2.53	-0.09	6.61	1.07	1.1	1.96	87.42	10.76	7.58	194.5	30	-55	329
0.0804865979381443	0.0676288659793814	200.44	5.26	2.53	-0.09	6.64	1.08	1.1	1.96	87.6	10.74	7.6	194	30	-53	328
0.0807381443298969	0.0680412371134021	201.06	5.27	2.52	-0.11	6.68	1.08	1.11	1.97	87.82	10.76	7.6	195.5	30.5	-50	328
0.0809773195876289	0.0680412371134021	201.73	5.36	2.51	-0.1	6.72	1.09	1.12	1.99	88.08	10.76	7.56	196.5	31.5	-55	331
0.0812164948453608	0.0682474226804124	202.31	5.36	2.52	-0.09	6.74	1.09	1.14	2	88.34	10.76	7.54	197	31.5	-53	329
0.0814969072164948	0.0682474226804124	202.99	5.36	2.52	-0.09	6.76	1.1	1.13	2	88.52	10.76	7.54	197.5	32	-50	327
0.0817278350515464	0.068659793814433	203.56	5.37	2.51	-0.1	6.8	1.1	1.15	2.01	88.74	10.76	7.54	198.5	32	-53	330
0.0819752577319588	0.0688659793814433	204.16	5.37	2.52	-0.1	6.83	1.11	1.16	2.02	88.96	10.76	7.54	199	32	-50	330
0.0821731958762887	0.0688659793814433	204.74	5.47	2.51	-0.1	6.86	1.11	1.18	2.03	89.2	10.76	7.54	199.5	32.5	-55	328
0.082420618556701	0.0684536082474227	205.35	5.48	2.52	-0.1	6.88	1.12	1.19	2.04	89.44	10.74	7.54	199.5	33.5	-55	333
0.0826927835051546	0.0690721649484536	206.01	5.48	2.52	-0.1	6.89	1.12	1.19	2.05	89.66	10.76	7.52	200	32.5	-53	337
0.0829443298969072	0.0694845360824742	206.61	5.47	2.52	-0.11	6.9	1.12	1.19	2.06	89.82	10.74	7.54	201	32.5	-53	337
0.0832164948453608	0.0696907216494845	207.28	5.48	2.51	-0.11	6.92	1.13	1.21	2.08	90.04	10.76	7.54	201.5	32.5	-53	337
0.0834639175257732	0.0707216494845361	207.97	5.57	2.57	-0.11	7.07	1.13	1.22	2.14	90.2	10.76	7.54	203	31.5	-50	324
0.0836288659793814	0.0707216494845361	208.37	5.57	2.56	-0.09	7.07	1.13	1.36	2.14	90.26	10.76	7.54	203	31.5	-53	320
0.0835835051546392	0.0696907216494845	208.46	5.77	2.51	-0.1	7.12	1.14	1.5	2.14	0	10.66	7.92	201.5	32.5	-50	290
0.0835876288659794	0.0717525773195876	208.46	5.76	2.52	-0.08	7.12	1.12	1.5	2.14	0	10.64	7.9	202	28	-50	290
0.0835876288659794	0.0707216494845361	208.46	5.76	2.52	-0.07	7.12	1.12	1.49	2.15	0	10.66	7.92	202	30.5	-50	290
0.0838556701030928	0.0709278350515464	209.12	5.77	2.53	-0.1	7.14	1.12	1.51	2.14	0	10.64	7.92	202.5	30.5	-55	297
0.0842226804123711	0.071340206185567	210.01	5.77	2.53	-0.1	7.16	1.12	1.52	2.15	0	10.64	7.9	203.5	30.5	-53	300
0.0845690721649485	0.0719587628865979	210.86	5.78	2.53	-0.1	7.18	1.11	1.54	2.16	0	10.64	7.92	204.5	30	-53	302
0.0849360824742268	0.0723711340206186	211.73	5.76	2.54	-0.11	7.24	1.12	1.55	2.18	0	10.64	7.9	206	30.5	-50	309
0.0851958762886598	0.0723711340206186	212.48	5.88	2.53	-0.1	7.28	1.13	1.55	2.19	0	10.64	7.9	206.5	31	-53	312
0.0855505154639175	0.0719587628865979	213.35	5.89	2.52	-0.1	7.34	1.13	1.57	2.19	0	10.64	7.92	206.5	32	-50	312
0.0858762886597938	0.0723711340206186	214.12	5.87	2.53	-0.1	7.38	1.12	1.56	2.2	0	10.62	7.9	208	32.5	-53	313
0.0862309278350516	0.0727835051546392	214.99	5.88	2.54	-0.1	7.43	1.13	1.58	2.21	0	10.64	7.92	208.5	32	-53	315
0.0865443298969072	0.0734020618556701	215.76	5.89	2.56	-0.1	7.47	1.14	1.6	2.23	0	10.64	7.9	210	32	-50	320
0.0868618556701031	0.0734020618556701	216.52	5.88	2.55	-0.11	7.51	1.14	1.6	2.24	0	10.64	7.9	210	32	-50	322
0.0871587628865979	0.0736082474226804	217.3	5.94	2.55	-0.1	7.54	1.15	1.62	2.25	0	10.62	7.92	210.5	32	-50	323
0.0874969072164948	0.0744329896907217	218.07	5.89	2.56	-0.1	7.57	1.16	1.62	2.27	0	10.62	7.9	212.5	32	-53	323
0.0878144329896907	0.0742268041237113	218.84	5.89	2.57	-0.1	7.61	1.16	1.63	2.28	0	10.64	7.9	212.5	32.5	-50	321
0.0881319587628866	0.0748453608247423	219.61	5.89	2.58	-0.1	7.66	1.16	1.64	2.29	0	10.64	7.92	213.5	32	-50	322
0.0884494845360825	0.074639175257732	220.47	5.98	2.57	-0.09	7.71	1.17	1.65	2.3	0	10.64	7.9	214	33	-53	323
0.0887628865979381	0.074639175257732	221.24	5.99	2.57	-0.1	7.76	1.18	1.67	2.33	0	10.62	7.9	214.5	33.5	-53	329
0.089080412371134	0.0752577319587629	222.01	5.99	2.6	-0.1	7.79	1.19	1.67	2.33	0	10.64	7.92	216	33.5	-53	330
0.089439175257732	0.074639175257732	222.89	6	2.61	-0.1	7.84	1.19	1.7	2.34	0	10.64	7.92	216.5	35.5	-50	330
0.089719587628866	0.0748453608247423	223.57	6	2.62	-0.1	7.87	1.2	1.7	2.36	0	10.64	7.9	217	35.5	-50	332
0.0899835051546392	0.0748453608247423	224.31	6.1	2.63	-0.1	7.91	1.21	1.72	2.37	0	10.64	7.9	217.5	36	-53	331
0.0903010309278351	0.0756701030927835	225.08	6.1	2.63	-0.1	7.94	1.21	1.73	2.38	0	10.64	7.92	219	35.5	-53	332
0.0906185567010309	0.0754639175257732	225.85	6.1	2.63	-0.11	7.99	1.22	1.74	2.39	0	10.64	7.92	219	36	-50	333
0.0908948453608247	0.0762886597938144	226.52	6.1	2.63	-0.1	8.03	1.22	1.75	2.41	0	10.64	7.92	220	35	-53	334
0.0911670103092783	0.076701030927835	227.29	6.21	2.63	-0.1	8.05	1.22	1.78	2.42	0	10.66	7.92	220.5	34.5	-53	334
0.0914474226804124	0.0769072164948454	227.96	6.2	2.63	-0.1	8.09	1.24	1.79	2.43	0	10.64	7.92	221	34.5	-50	334
0.091719587628866	0.0769072164948454	228.63	6.21	2.63	-0.09	8.12	1.24	1.79	2.43	0	10.62	7.9	221	34.5	-50	337
0.0920412371134021	0.0771134020618557	229.4	6.2	2.64	-0.09	8.15	1.24	1.81	2.44	0	10.64	7.92	222	35	-50	337
0.0923175257731959	0.076701030927835	230.08	6.21	2.64	-0.09	8.19	1.25	1.82	2.45	0	10.62	7.9	223	37	-50	337
0.0925525773195876	0.0771134020618557	230.75	6.31	2.64	-0.1	8.22	1.26	1.84	2.47	0	10.64	7.9	224	37	-50	337
0.0928494845360825	0.077319587628866	231.46	6.3	2.65	-0.09	8.25	1.26	1.85	2.48	0	10.64	7.9	224	36.5	-50	338
0.0931463917525773	0.0775257731958763	232.19	6.31	2.63	-0.09	8.28	1.26	1.89	2.49	0	10.64	7.9	224.5	36.5	-50	339
0.0933896907216495	0.0777319587628866	232.78	6.31	2.63	-0.09	8.31	1.26	1.92	2.5	0	10.62	7.92	225.5	37	-50	339
0.0936659793814433	0.0779381443298969	233.45	6.31	2.64	-0.1	8.35	1.27	1.92	2.5	0	10.62	7.9	226.5	37.5	-50	341
0.0938969072164949	0.0781443298969072	234.12	6.42	2.63	-0.09	8.4	1.31	1.94	2.52	0	10.62	7.9	227.5	38	-53	341
0.0941360824742268	0.0781443298969072	234.7	6.42	2.64	-0.09	8.42	1.3	1.94	2.53	0	10.64	7.9	228	38.5	-50	342
0.0944123711340206	0.0781443298969072	235.37	6.42	2.63	-0.1	8.48	1.31	1.96	2.53	0	10.64	7.92	228.5	39	-53	346
0.0946886597938144	0.0789690721649485	236.04	6.42	2.64	-0.1	8.52	1.32	1.98	2.54	0	10.62	7.9	229	37.5	-50	344
0.0949443298969072	0.0793814432989691	236.66	6.42	2.64	-0.09	8.55	1.32	1.99	2.55	0	10.62	7.92	229.5	37	-53	345
0.0951587628865979	0.0793814432989691	237.28	6.52	2.62	-0.11	8.58	1.33	1.99	2.55	0	10.64	7.92	229.5	37	-48	350
0.0954350515463918	0.0795876288659794	237.97	6.54	2.62	-0.09	8.61	1.34	2.01	2.56	0	10.6	7.88	230.5	37.5	-50	348
0.0956783505154639	0.0797938144329897	238.54	6.52	2.64	-0.1	8.64	1.34	2.03	2.56	0	10.62	7.9	230.5	37	-53	350
0.0959134020618557	0.0804123711340206	239.12	6.53	2.63	-0.09	8.67	1.35	2.05	2.58	0	10.62	7.9	231.5	36.5	-50	349
0.0961525773195876	0.0808247422680412	239.8	6.63	2.63	-0.1	8.7	1.35	2.06	2.59	0	10.62	7.9	232.5	36.5	-53	349
0.0963835051546392	0.0806185567010309	240.37	6.64	2.62	-0.09	8.73	1.37	2.08	2.6	0	10.64	7.92	233.5	38	-53	351
0.0966350515463918	0.0812371134020619	240.97	6.63	2.63	-0.09	8.77	1.36	2.09	2.61	0	10.62	7.92	234	37	-53	352
0.0969072164948454	0.0810309278350515	241.63	6.63	2.63	-0.09	8.79	1.37	2.09	2.61	0	10.62	7.92	234	37.5	-50	353
0.0971463917525773	0.0814432989690722	242.2	6.62	2.63	-0.1	8.81	1.4	2.11	2.62	0	10.6	7.9	235	37.5	-53	355
0.097340206185567	0.0816494845360825	242.78	6.73	2.63	-0.09	8.84	1.4	2.12	2.62	0	10.62	7.92	235	37	-50	354
0.0975752577319588	0.0816494845360825	243.36	6.74	2.62	-0.09	8.86	1.4	2.13	2.63	0	10.62	7.9	235.5	37.5	-50	355
0.0978103092783505	0.0818556701030928	243.93	6.74	2.62	-0.09	8.9	1.41	2.15	2.64	0	10.62	7.9	236	37.5	-50	355
0.0980948453608248	0.0816494845360825	244.61	6.73	2.63	-0.09	8.92	1.41	2.17	2.65	0	10.62	7.9	236	38	-53	352
0.0983298969072165	0.0818556701030928	245.2	6.75	2.62	-0.09	8.95	1.42	2.18	2.67	0	10.62	7.9	236.5	38	-50	352
0.0985649484536082	0.0822680412371134	245.86	6.84	2.63	-0.09	8.98	1.42	2.19	2.67	0	10.6	7.88	237.5	38	-53	355
0.0988041237113402	0.082680412371134	246.44	6.84	2.63	-0.09	9.01	1.43	2.2	2.68	0	10.62	7.9	238.5	38	-50	353
0.0990432989690722	0.0828865979381443	247.02	6.84	2.64	-0.09	9.05	1.43	2.2	2.68	0	10.6	7.9	239	38	-53	355
0.0992865979381443	0.0828865979381443	247.6	6.83	2.63	-0.09	9.08	1.43	2.23	2.69	0	10.6	7.9	238	37	-53	357
0.0995092783505155	0.0830927835051546	248.19	6.88	2.63	-0.09	9.12	1.44	2.25	2.71	0	10.6	7.9	239.5	38	-50	357
0.099740206185567	0.0837113402061856	248.81	6.94	2.63	-0.08	9.14	1.44	2.26	2.71	0	10.58	7.9	240.5	37.5	-50	356
0.0999670103092783	0.0837113402061856	249.35	6.93	2.62	-0.09	9.18	1.45	2.26	2.71	0	10.62	7.9	240.5	37.5	-50	359
0.100828865979381	0.0845360824742268	251.56	7.05	2.63	-0.09	9.33	1.47	2.31	2.74	0	10.6	7.9	243	38	-50	364
0.101463917525773	0.0857731958762887	253.1	7.05	2.63	-0.08	9.4	1.5	2.34	2.77	0	10.58	7.9	244.5	36.5	-50	362
0.102140206185567	0.085979381443299	254.83	7.14	2.64	-0.08	9.49	1.51	2.38	2.79	0	10.58	7.9	246	37.5	-53	365
0.102622680412371	0.0865979381443299	256	7.14	2.65	-0.07	9.54	1.52	2.41	2.8	0	10.58	7.9	248	38	-50	368
0.103129896907216	0.0868041237113402	257.25	7.16	2.64	-0.08	9.6	1.52	2.42	2.82	0	10.54	7.9	248	37.5	-50	366
0.103612371134021	0.0874226804123711	258.51	7.25	2.64	-0.09	9.65	1.52	2.46	2.84	0	10.56	7.9	249.5	37.5	-50	366
0.104016494845361	0.0872164948453608	259.48	7.24	2.65	-0.07	9.71	1.54	2.48	2.85	0	10.56	7.92	250	38.5	-53	368
0.104371134020619	0.0882474226804124	260.44	7.34	2.64	-0.08	9.75	1.54	2.49	2.86	0	10.54	7.9	252	38	-53	369
0.104754639175258	0.088659793814433	261.38	7.35	2.64	-0.08	9.8	1.56	2.51	2.88	0	10.56	7.86	252	37	-53	370
0.105121649484536	0.0890721649484536	262.28	7.36	2.64	-0.09	9.85	1.56	2.53	2.88	0	10.56	7.9	253.5	37.5	-55	372
0.105439175257732	0.0882474226804124	263.15	7.46	2.63	-0.08	9.9	1.59	2.57	2.9	0	10.56	7.9	253.5	39.5	-50	372
0.105835051546392	0.0890721649484536	264.11	7.46	2.63	-0.09	9.94	1.61	2.57	2.91	0	10.56	7.9	255.5	39.5	-50	373
0.106235051546392	0.0884536082474227	265.08	7.46	2.63	-0.09	9.99	1.61	2.59	2.93	0	10.58	7.92	255	40.5	-48	373
0.106639175257732	0.0890721649484536	266.17	7.57	2.63	-0.09	10.04	1.62	2.61	2.95	0	10.56	7.9	256	40	-53	375
0.107072164948454	0.0894845360824742	267.21	7.56	2.63	-0.1	10.13	1.64	2.64	2.96	0	10.56	7.9	257.5	40.5	-53	375
0.107430927835052	0.0896907216494845	268.09	7.57	2.62	-0.1	10.18	1.65	2.7	2.96	0	10.58	7.92	258.5	41	-53	377
0.107789690721649	0.0898969072164948	269.06	7.67	2.63	-0.08	10.21	1.64	2.72	2.98	0	10.54	7.9	258.5	40.5	-50	382
0.108169072164948	0.0907216494845361	269.98	7.67	2.62	-0.1	10.26	1.65	2.74	2.99	0	10.56	7.92	260	40	-53	380
0.108548453608247	0.0917525773195876	270.9	7.67	2.62	-0.09	10.31	1.69	2.75	3	0	10.56	7.9	261.5	39	-50	378
0.108911340206186	0.0919587628865979	271.88	7.77	2.63	-0.09	10.34	1.69	2.77	3.03	0	10.54	7.9	261.5	38.5	-50	379
0.109344329896907	0.0921649484536082	272.93	7.77	2.62	-0.07	10.4	1.69	2.79	3.03	0	10.54	7.9	262.5	39	-50	382
0.109781443298969	0.0921649484536082	274	7.78	2.63	-0.09	10.46	1.7	2.81	3.05	0	10.56	7.9	263.5	40	-55	382
0.110618556701031	0.0927835051546392	276.14	7.89	2.62	-0.1	10.56	1.73	2.85	3.09	0	10.56	7.9	265.5	40.5	-50	386
0.111616494845361	0.0936082474226804	278.66	7.99	2.62	-0.11	10.7	1.74	2.9	3.14	0	10.56	7.9	268	41	-50	391
0.112461855670103	0.0942268041237113	280.82	8.1	2.62	-0.12	10.77	1.76	2.93	3.16	0	10.56	7.9	270.5	42	-50	395
0.113179381443299	0.0950515463917526	282.56	8.1	2.61	-0.13	10.86	1.79	2.96	3.19	0	10.58	7.9	271.5	41	-53	398
0.114507216494845	0.0960824742268041	285.98	8.3	2.62	-0.1	11.04	1.82	3.02	3.26	0	10.54	7.92	274.5	41.5	-50	397
0.115109278350515	0.0964948453608247	287.45	8.31	2.63	-0.12	11.11	1.82	3.06	3.28	0	10.54	7.9	276	42	-53	399
0.115637113402062	0.097319587628866	288.82	8.4	2.62	-0.11	11.18	1.83	3.07	3.3	0	10.54	7.88	278	42	-50	403
0.116358762886598	0.0983505154639175	290.58	8.41	2.63	-0.11	11.27	1.84	3.1	3.32	0	10.54	7.9	280	41.5	-48	405
0.117084536082474	0.0987628865979381	292.44	8.51	2.62	-0.1	11.38	1.88	3.15	3.35	0	10.54	7.9	280.5	41	-53	405
0.117616494845361	0.0989690721649484	293.72	8.5	2.62	-0.11	11.48	1.89	3.2	3.38	0	10.54	7.88	282	42	-50	408
0.117971134020619	0.0997938144329897	294.69	8.61	2.63	-0.11	11.52	1.9	3.2	3.4	0	10.54	7.9	283.5	41.5	-53	412
0.118494845360825	0.10020618556701	295.96	8.61	2.62	-0.11	11.58	1.91	3.24	3.41	0	10.52	7.88	284	41	-53	411
0.118783505154639	0.100618556701031	296.65	8.6	2.62	-0.09	11.62	1.91	3.24	3.43	0	10.52	7.88	285	41	-50	408
0.118692783505155	0.0991752577319588	296.65	8.82	2.61	-0.24	11.65	1.93	3.28	3.43	0	10.54	7.9	284	43.5	-50	389
0.118243298969072	0.0983505154639175	295.47	8.73	2.63	-0.11	11.64	1.92	3.29	3.44	0	10.54	7.9	282.5	44	-50	361
0.11779793814433	0.0979381443298969	294.39	8.73	2.62	-0.12	11.63	1.94	3.27	3.44	0	10.54	7.9	281.5	44	-53	353
0.11739793814433	0.0979381443298969	293.42	8.73	2.62	-0.1	11.6	1.93	3.26	3.43	0	10.52	7.9	280.5	43	-53	346
0.117039175257732	0.0981443298969072	292.54	8.72	2.62	-0.12	11.59	1.93	3.25	3.43	0	10.52	7.9	280	42	-50	340
0.116647422680412	0.0979381443298969	291.56	8.69	2.62	-0.11	11.57	1.92	3.23	3.43	0	10.52	7.9	278.5	41	-58	333
0.116148453608247	0.0975257731958763	290.28	8.62	2.63	-0.11	11.55	1.91	3.22	3.42	0	10.54	7.88	277.5	41	-53	325
0.115744329896907	0.0977319587628866	289.3	8.62	2.64	-0.1	11.51	1.91	3.2	3.42	0	10.54	7.86	277.5	40.5	-53	322
0.115311340206186	0.0964948453608247	288.23	8.6	2.64	-0.1	11.48	1.89	3.18	3.41	0	10.52	7.88	275.5	41.5	-55	315
0.114519587628866	0.0969072164948454	286.32	8.61	2.65	-0.1	11.4	1.89	3.16	3.39	0	10.52	7.88	274.5	39.5	-50	307
0.113620618556701	0.0960824742268041	284.03	8.5	2.63	-0.11	11.28	1.88	3.13	3.37	0	10.5	7.88	272.5	39.5	-55	297
0.112622680412371	0.0952577319587629	281.59	8.48	2.64	-0.09	11.14	1.87	3.1	3.36	0	10.52	7.88	270.5	39.5	-53	285
0.11159587628866	0.094020618556701	279.06	8.44	2.63	-0.1	10.98	1.86	3.04	3.33	0	10.52	7.92	267.5	39.5	-53	276
0.110927835051546	0.0936082474226804	277.4	8.4	2.63	-0.11	10.88	1.85	3.02	3.31	0	10.52	7.9	266	39	-55	270
0.110127835051546	0.0927835051546392	275.47	8.41	2.64	-0.09	10.75	1.85	2.99	3.29	0	10.52	7.88	265	40	-55	260
0.109488659793814	0.0921649484536082	273.91	8.4	2.63	-0.09	10.65	1.84	2.98	3.27	0	10.5	7.88	262.5	39	-53	255
0.108927835051546	0.0917525773195876	272.45	8.3	2.64	-0.08	10.54	1.84	2.96	3.25	0	10.52	7.9	261	38.5	-50	252
0.10840824742268	0.0911340206185567	271.19	8.3	2.64	-0.1	10.46	1.83	2.94	3.23	0	10.5	7.92	259.5	38.5	-55	247
0.107723711340206	0.0909278350515464	269.53	8.3	2.64	-0.1	10.4	1.82	2.92	3.21	0	10.52	7.88	258.5	38	-50	242
0.107249484536082	0.0903092783505155	268.38	8.3	2.63	-0.1	10.33	1.82	2.91	3.21	0	10.52	7.9	257.5	38.5	-55	238
0.106729896907216	0.0898969072164948	267.12	8.3	2.63	-0.09	10.24	1.82	2.9	3.18	0	10.52	7.9	256	38	-50	235
0.106247422680412	0.0890721649484536	265.85	8.2	2.63	-0.09	10.16	1.82	2.88	3.17	0	10.52	7.9	254.5	38.5	-55	230
0.105690721649485	0.088659793814433	264.5	8.2	2.52	-0.09	10.08	1.82	2.86	3.16	0	10.52	7.9	254	39	-53	226
0.105129896907216	0.0882474226804124	263.14	8.2	2.54	-0.09	9.96	1.81	2.85	3.15	0	10.54	7.9	252.5	38.5	-55	220
0.104296907216495	0.0874226804123711	261.12	8.2	2.51	-0.08	9.88	1.78	2.81	3.12	0	10.54	7.9	250	38	-53	223
0.103785567010309	0.0870103092783505	259.76	8.08	2.53	-0.06	9.84	1.78	2.79	3.12	0	10.54	7.9	249	38	-53	221
0.103505154639175	0.0870103092783505	259.09	8.09	2.52	-0.06	9.81	1.77	2.78	3.11	0	10.54	7.9	248.5	37.5	-53	218
0.10339381443299	0.0870103092783505	258.8	8.07	2.53	-0.06	9.78	1.78	2.78	3.1	0	10.52	7.92	248.5	37.5	-50	216
0.102230927835052	0.085979381443299	255.99	8.08	2.52	-0.07	9.61	1.78	2.75	3.09	0	10.52	7.9	245.5	37	-53	209
0.100280412371134	0.0843298969072165	251.16	7.98	2.52	-0.07	9.33	1.76	2.7	3.02	0	10.54	7.92	240.5	36	-53	194
0.098140206185567	0.0824742268041237	245.86	7.87	2.53	-0.07	8.99	1.75	2.63	2.94	0	10.52	7.92	235.5	35.5	-53	174
0.0965072164948454	0.0808247422680412	241.81	7.78	2.52	-0.07	8.77	1.74	2.59	2.91	0	10.52	7.92	231	35	-53	169
0.0962845360824742	0.0808247422680412	241.26	7.77	2.52	-0.07	8.74	1.73	2.59	2.9	0	10.54	7.9	231.5	35.5	-53	167
0.0956742268041237	0.0797938144329897	239.79	7.78	2.41	-0.07	8.65	1.73	2.58	2.88	0	10.52	7.92	229	35.5	-55	161
0.0948123711340206	0.0795876288659794	237.58	7.66	2.42	-0.09	8.52	1.72	2.55	2.84	0	10.54	7.94	227.5	34.5	-53	157
0.0945278350515464	0.0793814432989691	236.91	7.68	2.41	-0.07	8.48	1.71	2.54	2.84	0	10.54	7.9	227.5	35	-53	153
0.0943340206185567	0.0789690721649485	236.42	7.66	2.43	-0.07	8.45	1.71	2.53	2.84	0	10.52	7.92	226	34.5	-53	151
0.0940536082474227	0.0785567010309278	235.75	7.67	2.41	-0.05	8.38	1.71	2.52	2.83	0	10.52	7.9	225.5	35	-53	150
0.0929443298969072	0.0779381443298969	232.96	7.57	2.42	-0.07	8.21	1.7	2.49	2.8	0	10.52	7.92	223	34	-50	143
0.0918762886597938	0.0771134020618557	230.37	7.57	2.42	-0.07	8	1.7	2.46	2.77	0	10.52	7.92	220.5	33.5	-55	136
0.0906927835051546	0.0769072164948454	227.38	7.45	2.42	-0.06	7.86	1.69	2.43	2.74	0	10.52	7.92	217.5	31	-53	130
0.0899010309278351	0.0756701030927835	225.46	7.45	2.42	-0.06	7.75	1.69	2.41	2.7	0	10.54	7.92	215.5	32	-53	124
0.0885938144329897	0.074020618556701	222.2	7.36	2.31	-0.06	7.53	1.69	2.38	2.65	0	10.54	7.92	212.5	33	-53	111
0.0871298969072165	0.0729896907216495	218.54	7.25	2.31	-0.06	7.34	1.66	2.34	2.6	0	10.54	7.94	209	32	-53	107
0.0856247422680412	0.071340206185567	214.79	7.15	2.32	-0.07	7.12	1.65	2.29	2.54	0	10.54	7.94	204.5	31.5	-53	91
0.0838474226804124	0.0698969072164948	210.38	7.05	2.21	-0.07	6.91	1.65	2.26	2.44	0	10.54	7.94	200.5	31	-53	83
0.082540206185567	0.0684536082474227	207.21	7.05	2.22	-0.07	6.73	1.64	2.24	2.39	0	10.54	7.94	197.5	31.5	-53	76
0.0811134020618557	0.0674226804123711	203.63	6.93	2.2	-0.07	6.48	1.64	2.22	2.32	0	10.54	7.92	194	30.5	-53	51
0.0794103092783505	0.0665979381443299	199.4	6.83	2.11	-0.06	6.25	1.63	2.18	2.24	0	10.54	7.94	190	28.5	-53	46
0.0776247422680412	0.0651546391752577	194.97	6.73	2.12	-0.05	6.01	1.61	2.15	2.16	0	10.52	7.92	186	28	-58	33
0.0765484536082474	0.0641237113402062	192.25	6.62	2.11	-0.06	5.8	1.61	2.1	2.09	0	10.52	7.92	183.5	28	-53	14
0.0731092783505155	0.0606185567010309	183.71	6.42	2	-0.08	5.36	1.52	2.04	1.93	0	10.54	7.94	174	27	-53	4
0.0724824742268041	0.0606185567010309	182.07	6.3	2	-0.06	5.28	1.52	2.04	1.91	0	10.54	7.92	173.5	26.5	-53	7
