5.36082474226804e-05	14	0.000412371134020619	40
0.000325773195876289	26	0.000824742268041237	63
0.000602061855670103	38	0.000618556701030928	90
0.000882474226804124	47	0.00164948453608247	113
0.00119587628865979	60	0.00144329896907216	138
0.00151340206185567	78	0.0022680412371134	168
0.00182680412371134	88	0.00144329896907216	200
0.00218556701030928	98	0.00206185567010309	233
0.00254845360824742	112	0.00329896907216495	265
0.00282474226804124	127	0.00371134020618557	295
0.00317113402061856	132	0.00350515463917526	320
0.00353814432989691	152	0.00391752577319588	358
0.00389278350515464	168	0.00391752577319588	395
0.00416907216494845	181	0.0043298969072165	420
0.00452783505154639	191	0.0045360824742268	455
0.00487835051546392	202	0.00515463917525773	483
0.00527422680412371	213	0.0045360824742268	513
0.00551340206185567	216	0.00639175257731959	525
0.00587216494845361	234	0.00721649484536083	560
0.00618969072164948	245	0.00701030927835052	593
0.00654845360824742	258	0.00762886597938144	620
0.0068659793814433	270	0.00762886597938144	645
0.00721237113402062	279	0.00804123711340206	670
0.0075340206185567	286	0.00804123711340206	693
0.00789690721649485	297	0.00907216494845361	723
0.0081979381443299	307	0.00927835051546392	748
0.00849896907216495	310	0.00907216494845361	730
0.00871340206185567	311	0.00804123711340206	763
0.00903917525773196	325	0.00804123711340206	795
0.00932371134020619	332	0.00824742268041237	820
0.00963298969072165	344	0.0088659793814433	843
0.00995876288659794	350	0.00927835051546392	865
0.0102721649484536	362	0.00948453608247423	888
0.0106350515463918	371	0.00948453608247423	908
0.0109525773195876	379	0.0101030927835052	930
0.0112783505154639	388	0.0107216494845361	948
0.0115917525773196	395	0.0111340206185567	970
0.0119175257731959	402	0.011340206185567	990
0.0122721649484536	415	0.0119587628865979	1010
0.0125938144329897	425	0.0119587628865979	1028
0.0129443298969072	429	0.0123711340206186	1048
0.0132494845360825	437	0.0127835051546392	1068
0.0135835051546392	444	0.0127835051546392	1083
0.0138556701030928	454	0.0136082474226804	1100
0.0141855670103093	461	0.0131958762886598	1120
0.0144824742268041	468	0.0134020618556701	1135
0.014779381443299	480	0.014020618556701	1153
0.0150969072164948	483	0.0138144329896907	1170
0.0154144329896907	486	0.0144329896907217	1185
0.015719587628866	497	0.0144329896907217	1203
0.0160164948453608	506	0.014639175257732	1218
0.0163257731958763	508	0.0152577319587629	1235
0.016639175257732	519	0.0150515463917526	1253
0.0169814432989691	528	0.0154639175257732	1268
0.0172412371134021	532	0.0156701030927835	1285
0.0175711340206186	540	0.0162886597938144	1300
0.0178927835051546	551	0.0158762886597938	1313
0.0181731958762887	560	0.0169072164948454	1330
0.0184907216494845	565	0.0171134020618557	1348
0.0187958762886598	577	0.0171134020618557	1363
0.0190886597938144	586	0.0175257731958763	1378
0.0194061855670103	598	0.0183505154639175	1390
0.0197360824742268	602	0.0185567010309278	1408
0.0200494845360825	613	0.0191752577319588	1420
0.0203587628865979	622	0.0191752577319588	1435
0.0206556701030928	628	0.0197938144329897	1448
0.0209360824742268	633	0.0195876288659794	1463
0.0212577319587629	643	0.0193814432989691	1475
0.0215711340206186	653	0.02	1490
0.0219010309278351	663	0.0202061855670103	1503
0.0222061855670103	664	0.0204123711340206	1518
0.0225072164948454	676	0.0204123711340206	1530
0.0228164948453608	683	0.0208247422680412	1545
0.0231051546391753	689	0.0212371134020619	1558
0.0234268041237113	702	0.0212371134020619	1573
0.023740206185567	707	0.0216494845360825	1583
0.0240288659793814	712	0.0214432989690722	1598
0.0243546391752577	723	0.0214432989690722	1608
0.024639175257732	734	0.0222680412371134	1620
0.024960824742268	741	0.0222680412371134	1633
0.0252659793814433	753	0.022680412371134	1648
0.0258432989690722	765	0.0232989690721649	1668
0.0261360824742268	774	0.0232989690721649	1680
0.0264453608247423	778	0.0237113402061856	1690
0.0267711340206186	786	0.0241237113402062	1703
0.027059793814433	790	0.0243298969072165	1713
0.0273773195876289	804	0.0251546391752577	1723
0.0276536082474227	805	0.0251546391752577	1733
0.0279422680412371	817	0.0255670103092784	1743
0.0282639175257732	825	0.0261855670103093	1753
0.0285484536082474	837	0.0257731958762887	1763
0.0291134020618557	844	0.0265979381443299	1788
0.0294020618556701	847	0.0268041237113402	1795
0.0297731958762887	860	0.0272164948453608	1808
0.0300329896907216	871	0.0276288659793814	1815
0.0303752577319588	883	0.0278350515463918	1825
0.0306639175257732	885	0.0284536082474227	1835
0.0309814432989691	888	0.028659793814433	1845
0.0312329896907216	899	0.028659793814433	1855
0.0315092783505155	908	0.0290721649484536	1865
0.0321237113402062	910	0.0292783505154639	1883
0.0326969072164948	919	0.0298969072164948	1898
0.0335463917525773	924	0.0309278350515464	1923
0.0338309278350515	937	0.0305154639175258	1928
0.0341072164948454	940	0.0305154639175258	1938
0.0344041237113402	941	0.0307216494845361	1943
0.0349731958762887	943	0.0315463917525773	1955
0.0352247422680412	950	0.031340206185567	1960
0.036	951	0.0317525773195876	1980
0.0362432989690722	952	0.0325773195876289	1980
0.0365278350515464	957	0.0331958762886598	1985
0.0367752577319588	958	0.0336082474226804	1993
0.0370268041237113	968	0.0338144329896907	1998
0.0372701030927835	969	0.0338144329896907	2005
0.0375134020618557	974	0.0336082474226804	2008
0.037760824742268	981	0.0336082474226804	2015
0.0380041237113402	983	0.0338144329896907	2018
0.0386268041237113	987	0.0342268041237113	2025
0.0404536082474227	994	0.0356701030927835	2045
0.0409484536082474	1004	0.0362886597938144	2068
0.0411752577319588	1010	0.0371134020618557	2075
0.0414226804123711	1014	0.0367010309278351	2080
0.0416577319587629	1022	0.0369072164948454	2085
0.0418969072164948	1026	0.0371134020618557	2093
0.042140206185567	1034	0.037319587628866	2090
0.0423381443298969	1038	0.0377319587628866	2090
0.042820618556701	1040	0.0379381443298969	2090
0.0430268041237113	1041	0.0381443298969072	2093
0.043220618556701	1050	0.0383505154639175	2095
0.0434556701030928	1057	0.0387628865979381	2093
0.0442144329896907	1058	0.0393814432989691	2100
0.0444494845360825	1063	0.0402061855670103	2098
0.0446927835051546	1070	0.0402061855670103	2103
0.0449030927835052	1073	0.0406185567010309	2108
0.0451257731958763	1076	0.0406185567010309	2108
0.0453731958762887	1078	0.0408247422680412	2110
0.0456041237113402	1082	0.0410309278350515	2113
0.0458432989690722	1087	0.0410309278350515	2118
0.0463587628865979	1092	0.0410309278350515	2125
0.0466432989690722	1099	0.0414432989690722	2128
0.0468329896907216	1103	0.0416494845360825	2130
0.0473979381443299	1105	0.0420618556701031	2138
0.0479092783505155	1110	0.0418556701030928	2145
0.0483835051546392	1116	0.042680412371134	2148
0.0486639175257732	1124	0.0430927835051546	2143
