## NFILE T1 T2 CB1 CB2 P1 P2 RWALL1 RWALL2 XMAX1 XMAX2 GMAX1 GMAX2 YMAX1 YMAX2 CEMAX1 CEMAX2
 1    0.10335E+01    0.38171E+00    0.50000E-01    0.10184E+00    0.27518E+01    0.28302E+01    0.15099E+02    0.15529E+02    0.20001E+03    0.15164E+02    0.72731E+00    0.60658E-01    0.19339E+03    0.36108E+02    0.18800E+03    0.69762E+02
 2    0.73345E+00    0.27283E+00    0.10000E+00    0.19790E+00    0.55037E+01    0.54998E+01    0.30199E+02    0.30177E+02    0.14482E+02    0.30862E+01    0.52663E-01    0.12345E-01    0.81012E+02    0.25457E+02    0.41361E+03    0.52846E+02
 3    0.60034E+00    0.22436E+00    0.15000E+00    0.29122E+00    0.82555E+01    0.80933E+01    0.45298E+02    0.44408E+02    0.21881E+02    0.31041E+01    0.79567E-01    0.12417E-01    0.86631E+02    0.25721E+02    0.61288E+03    0.64685E+02
 4    0.52084E+00    0.19528E+00    0.20000E+00    0.38304E+00    0.11007E+02    0.10645E+02    0.60397E+02    0.58410E+02    0.12624E+02    0.66681E+01    0.45905E-01    0.26672E-01    0.87452E+02    0.27714E+02    0.72496E+03    0.11881E+03
 5    0.42650E+00    0.16072E+00    0.30000E+00    0.56216E+00    0.16511E+02    0.15623E+02    0.90596E+02    0.85723E+02    0.20015E+02    0.34075E+01    0.72783E-01    0.13630E-01    0.80937E+02    0.29443E+02    0.92785E+03    0.92269E+02
 6    0.37017E+00    0.14001E+00    0.40000E+00    0.73754E+00    0.22015E+02    0.20497E+02    0.12079E+03    0.11247E+03    0.17138E+02    0.10068E+02    0.62321E-01    0.40271E-01    0.10076E+03    0.41742E+02    0.11408E+04    0.20289E+03
 7    0.33168E+00    0.12581E+00    0.50000E+00    0.91019E+00    0.27518E+02    0.25295E+02    0.15099E+03    0.13879E+03    0.18178E+02    0.20700E+01    0.66104E-01    0.82800E-02    0.87968E+02    0.25719E+02    0.13326E+04    0.60721E+02
 8    0.30322E+00    0.11529E+00    0.60000E+00    0.10807E+01    0.33022E+02    0.30034E+02    0.18119E+03    0.16480E+03    0.22735E+02    0.16648E+01    0.82674E-01    0.66593E-02    0.81252E+02    0.19470E+02    0.12032E+04    0.44164E+02
 9    0.28109E+00    0.10709E+00    0.70000E+00    0.12495E+01    0.38526E+02    0.34726E+02    0.21139E+03    0.19054E+03    0.19527E+02    0.14887E+01    0.71007E-01    0.59546E-02    0.73439E+02    0.17477E+02    0.11778E+04    0.43858E+02
10    0.26322E+00    0.10045E+00    0.80000E+00    0.14169E+01    0.44030E+02    0.39377E+02    0.24159E+03    0.21606E+03    0.15678E+02    0.13865E+01    0.57010E-01    0.55462E-02    0.63571E+02    0.15784E+02    0.11236E+04    0.46923E+02
11    0.24841E+00    0.94940E-01    0.90000E+00    0.15831E+01    0.49533E+02    0.43995E+02    0.27179E+03    0.24140E+03    0.71180E+01    0.11790E+01    0.25884E-01    0.47161E-02    0.42575E+02    0.19643E+02    0.83936E+03    0.80482E+02
12    0.23587E+00    0.90266E-01    0.10000E+01    0.17482E+01    0.55037E+02    0.48583E+02    0.30199E+03    0.26657E+03    0.31571E+01    0.14966E+01    0.11480E-01    0.59863E-02    0.43854E+02    0.19758E+02    0.58789E+03    0.12488E+03
