## NFILE T1 T2 CB1 CB2 P1 P2 RWALL1 RWALL2 XMAX1 XMAX2 GMAX1 GMAX2 YMAX1 YMAX2 CEMAX1 CEMAX2
 1    0.10020E+01    0.41647E+00    0.50000E-01    0.11279E+00    0.14185E+01    0.12368E+01    0.77833E+01    0.67861E+01    0.20008E+03    0.59949E+02    0.72756E+00    0.23980E+00    0.25174E+03    0.12520E+03    0.84200E+02    0.11944E+02
 2    0.71110E+00    0.29872E+00    0.10000E+00    0.21765E+00    0.28370E+01    0.23866E+01    0.15567E+02    0.13095E+02    0.20007E+03    0.87235E+01    0.72752E+00    0.34894E-01    0.18421E+03    0.22945E+02    0.20822E+03    0.24078E+02
 3    0.58207E+00    0.24621E+00    0.15000E+00    0.31878E+00    0.42555E+01    0.34954E+01    0.23350E+02    0.19179E+02    0.22074E+02    0.57594E+01    0.80268E-01    0.23038E-01    0.87168E+02    0.23117E+02    0.30927E+03    0.35323E+02
 4    0.50500E+00    0.21466E+00    0.20000E+00    0.41787E+00    0.56740E+01    0.45820E+01    0.31133E+02    0.25141E+02    0.15123E+02    0.60896E+01    0.54994E-01    0.24358E-01    0.88345E+02    0.26476E+02    0.39048E+03    0.43271E+02
 5    0.41357E+00    0.17714E+00    0.30000E+00    0.60991E+00    0.85110E+01    0.66878E+01    0.46700E+02    0.36696E+02    0.20052E+02    0.20578E+01    0.72915E-01    0.82311E-02    0.79602E+02    0.20803E+02    0.48499E+03    0.14948E+02
 6    0.35898E+00    0.15462E+00    0.40000E+00    0.79691E+00    0.11348E+02    0.87382E+01    0.62266E+02    0.47946E+02    0.21862E+02    0.20219E+01    0.79497E-01    0.80874E-02    0.11044E+03    0.22050E+02    0.67460E+03    0.20540E+02
 7    0.32168E+00    0.13916E+00    0.50000E+00    0.98024E+00    0.14185E+02    0.10748E+02    0.77833E+02    0.58976E+02    0.18927E+02    0.18646E+01    0.68824E-01    0.74584E-02    0.88580E+02    0.22679E+02    0.69999E+03    0.22393E+02
 8    0.29411E+00    0.12768E+00    0.60000E+00    0.11607E+01    0.17022E+02    0.12727E+02    0.93400E+02    0.69835E+02    0.13254E+02    0.18259E+01    0.48195E-01    0.73035E-02    0.63497E+02    0.21902E+02    0.64990E+03    0.21859E+02
 9    0.27266E+00    0.11872E+00    0.70000E+00    0.13389E+01    0.19859E+02    0.14681E+02    0.10897E+03    0.80555E+02    0.20061E+02    0.13572E+01    0.72950E-01    0.54289E-02    0.73220E+02    0.15004E+02    0.61436E+03    0.14980E+02
10    0.25535E+00    0.11147E+00    0.80000E+00    0.15151E+01    0.22696E+02    0.16614E+02    0.12453E+03    0.91159E+02    0.15910E+02    0.12667E+01    0.57856E-01    0.50666E-02    0.63430E+02    0.13758E+02    0.57933E+03    0.16395E+02
11    0.24100E+00    0.10544E+00    0.90000E+00    0.16898E+01    0.25533E+02    0.18528E+02    0.14010E+03    0.10166E+03    0.69510E+01    0.11216E+01    0.25276E-01    0.44866E-02    0.42135E+02    0.17524E+02    0.40821E+03    0.26347E+02
12    0.22886E+00    0.10033E+00    0.10000E+01    0.18629E+01    0.28370E+02    0.20427E+02    0.15567E+03    0.11208E+03    0.32275E+01    0.14051E+01    0.11736E-01    0.56204E-02    0.43451E+02    0.19898E+02    0.30168E+03    0.46798E+02
