## NFILE T1 T2 CB1 CB2 P1 P2 RWALL1 RWALL2 XMAX1 XMAX2 GMAX1 GMAX2 YMAX1 YMAX2 CEMAX1 CEMAX2
 1    0.10296E+01    0.45667E+00    0.50000E-01    0.88846E-01    0.14185E+01    0.97421E+00    0.77833E+01    0.53455E+01    0.20005E+03    0.12029E+03    0.72744E+00    0.48116E+00    0.25674E+03    0.23446E+03    0.78704E+02    0.14014E+02
 2    0.73143E+00    0.32712E+00    0.10000E+00    0.17155E+00    0.28370E+01    0.18811E+01    0.15567E+02    0.10322E+02    0.13824E+02    0.47433E+01    0.50269E-01    0.18973E-01    0.81462E+02    0.27975E+02    0.20329E+03    0.33843E+02
 3    0.59913E+00    0.26938E+00    0.15000E+00    0.25136E+00    0.42555E+01    0.27562E+01    0.23350E+02    0.15123E+02    0.21137E+02    0.96675E+01    0.76862E-01    0.38670E-01    0.86094E+02    0.32139E+02    0.29214E+03    0.58209E+02
 4    0.52015E+00    0.23479E+00    0.20000E+00    0.32922E+00    0.56740E+01    0.36100E+01    0.31133E+02    0.19808E+02    0.15373E+02    0.51200E+01    0.55901E-01    0.20480E-01    0.82943E+02    0.34278E+02    0.35154E+03    0.68436E+02
 5    0.42626E+00    0.19346E+00    0.30000E+00    0.48137E+00    0.85110E+01    0.52783E+01    0.46700E+02    0.28962E+02    0.16113E+02    0.11951E+02    0.58594E-01    0.47805E-01    0.96932E+02    0.41080E+02    0.48266E+03    0.10260E+03
 6    0.37024E+00    0.16874E+00    0.40000E+00    0.62905E+00    0.11348E+02    0.68976E+01    0.62266E+02    0.37847E+02    0.19427E+02    0.55609E+01    0.70644E-01    0.22244E-01    0.10433E+03    0.32420E+02    0.61061E+03    0.86785E+02
 7    0.33195E+00    0.15178E+00    0.50000E+00    0.77382E+00    0.14185E+02    0.84851E+01    0.77833E+02    0.46557E+02    0.15305E+02    0.14159E+02    0.55655E-01    0.56637E-01    0.79607E+02    0.55539E+02    0.57395E+03    0.13689E+03
 8    0.30363E+00    0.13919E+00    0.60000E+00    0.91634E+00    0.17022E+02    0.10048E+02    0.93400E+02    0.55132E+02    0.22321E+02    0.36975E+01    0.81166E-01    0.14790E-01    0.83332E+02    0.24349E+02    0.58194E+03    0.69809E+02
 9    0.28160E+00    0.12937E+00    0.70000E+00    0.10570E+01    0.19859E+02    0.11591E+02    0.10897E+03    0.63597E+02    0.20070E+02    0.19389E+01    0.72984E-01    0.77557E-02    0.74914E+02    0.23314E+02    0.60320E+03    0.25982E+02
10    0.26382E+00    0.12143E+00    0.80000E+00    0.11962E+01    0.22696E+02    0.13116E+02    0.12453E+03    0.71970E+02    0.16174E+02    0.17750E+01    0.58814E-01    0.70999E-02    0.64670E+02    0.21139E+02    0.57412E+03    0.29061E+02
11    0.24907E+00    0.11483E+00    0.90000E+00    0.13341E+01    0.25533E+02    0.14628E+02    0.14010E+03    0.80264E+02    0.70784E+01    0.16244E+01    0.25740E-01    0.64977E-02    0.42424E+02    0.24410E+02    0.42749E+03    0.47826E+02
12    0.23658E+00    0.10923E+00    0.10000E+01    0.14708E+01    0.28370E+02    0.16127E+02    0.15567E+03    0.88490E+02    0.31183E+01    0.20090E+01    0.11339E-01    0.80358E-02    0.40954E+02    0.26844E+02    0.29554E+03    0.66427E+02
