## NFILE T1 T2 CB1 CB2 P1 P2 RWALL1 RWALL2 XMAX1 XMAX2 GMAX1 GMAX2 YMAX1 YMAX2 CEMAX1 CEMAX2
 1    0.10449E+01    0.44170E+00    0.50000E-01    0.85199E-01    0.17682E+01    0.13050E+01    0.97022E+01    0.71603E+01    0.20003E+03    0.13500E+03    0.72737E+00    0.53999E+00    0.25222E+03    0.25575E+03    0.94277E+02    0.20417E+02
 2    0.74232E+00    0.31595E+00    0.10000E+00    0.16498E+00    0.35365E+01    0.25269E+01    0.19404E+02    0.13865E+02    0.14434E+02    0.52028E+01    0.52488E-01    0.20811E-01    0.80390E+02    0.28811E+02    0.24686E+03    0.49723E+02
 3    0.60803E+00    0.25994E+00    0.15000E+00    0.24218E+00    0.53047E+01    0.37094E+01    0.29107E+02    0.20353E+02    0.20161E+02    0.54735E+01    0.73313E-01    0.21894E-01    0.84748E+02    0.33223E+02    0.36095E+03    0.81287E+02
 4    0.52787E+00    0.22641E+00    0.20000E+00    0.31766E+00    0.70729E+01    0.48655E+01    0.38809E+02    0.26697E+02    0.12453E+02    0.53449E+01    0.45284E-01    0.21380E-01    0.80689E+02    0.35652E+02    0.43555E+03    0.10351E+03
 5    0.43255E+00    0.18638E+00    0.30000E+00    0.46544E+00    0.10609E+02    0.71290E+01    0.58213E+02    0.39117E+02    0.17488E+02    0.67104E+01    0.63595E-01    0.26842E-01    0.95097E+02    0.35271E+02    0.59442E+03    0.12653E+03
 6    0.37568E+00    0.16243E+00    0.40000E+00    0.60924E+00    0.14146E+02    0.93316E+01    0.77618E+02    0.51202E+02    0.18531E+02    0.60164E+01    0.67384E-01    0.24066E-01    0.10297E+03    0.32616E+02    0.74136E+03    0.12754E+03
 7    0.33681E+00    0.14601E+00    0.50000E+00    0.75046E+00    0.17682E+02    0.11495E+02    0.97022E+02    0.63070E+02    0.14508E+02    0.14739E+02    0.52757E-01    0.58956E-01    0.78568E+02    0.58328E+02    0.69054E+03    0.19375E+03
 8    0.30806E+00    0.13384E+00    0.60000E+00    0.88966E+00    0.21219E+02    0.13627E+02    0.11643E+03    0.74769E+02    0.19988E+02    0.72963E+01    0.72682E-01    0.29185E-01    0.73944E+02    0.28037E+02    0.67318E+03    0.14411E+03
 9    0.28570E+00    0.12435E+00    0.70000E+00    0.10272E+01    0.24755E+02    0.15734E+02    0.13583E+03    0.86331E+02    0.19893E+02    0.19953E+01    0.72339E-01    0.79813E-02    0.75282E+02    0.24399E+02    0.74779E+03    0.37498E+02
10    0.26764E+00    0.11667E+00    0.80000E+00    0.11634E+01    0.28292E+02    0.17820E+02    0.15524E+03    0.97778E+02    0.16131E+02    0.18319E+01    0.58657E-01    0.73275E-02    0.65012E+02    0.22244E+02    0.71436E+03    0.41612E+02
11    0.25267E+00    0.11029E+00    0.90000E+00    0.12985E+01    0.31828E+02    0.19888E+02    0.17464E+03    0.10913E+03    0.11763E+02    0.16160E+01    0.42775E-01    0.64640E-02    0.54503E+02    0.18416E+02    0.64928E+03    0.40332E+02
12    0.23999E+00    0.10488E+00    0.10000E+01    0.14325E+01    0.35365E+02    0.21941E+02    0.19404E+03    0.12039E+03    0.54751E+01    0.14128E+01    0.19910E-01    0.56512E-02    0.36220E+02    0.22284E+02    0.43720E+03    0.53453E+02
