0	1	-2.06185567010309e-05	0
0.000527835051546392	19	8.24742268041237e-05	25
0.00197113402061856	51	0.000164948453608247	83
0.00366185567010309	82	0.000350515463917526	160
0.00418556701030928	102	0.000391752577319588	208
0.00587216494845361	120	0.000577319587628866	240
0.00712164948453608	152	0.000721649484536082	328
0.00727835051546392	153	0.000701030927835052	328
0.00892783505154639	199	0.000804123711340206	443
0.00964123711340206	210	0.000865979381443299	468
0.0105979381443299	231	0.000989690721649484	525
0.0111670103092783	240	0.000969072164948454	553
0.0116041237113402	250	0.00107216494845361	575
0.0121690721649485	261	0.0011340206185567	605
0.0128	271	0.00117525773195876	635
0.0133237113402062	280	0.00121649484536082	658
0.013979381443299	290	0.00125773195876289	688
0.0146309278350515	299	0.00134020618556701	713
0.0154680412371134	300	0.00142268041237113	725
0.0164164948453608	319	0.00150515463917526	770
0.0171711340206186	331	0.00154639175257732	800
0.0179628865979381	340	0.00160824742268041	823
0.0188824742268041	350	0.00169072164948454	855
0.0198350515463918	360	0.00175257731958763	880
0.0209113402061856	370	0.00183505154639175	905
0.0219752577319588	380	0.00195876288659794	935
0.0230103092783505	390	0.00202061855670103	958
0.024140206185567	399	0.00218556701030928	985
0.0254556701030928	410	0.00220618556701031	1010
0.0266432989690722	419	0.0023298969072165	1038
0.0276659793814433	429	0.00239175257731959	1060
0.0280948453608247	433	0.00247422680412371	1070
0.0287752577319588	438	0.00251546391752577	1083
0.0293525773195876	443	0.00257731958762887	1095
0.0304371134020619	450	0.00265979381443299	1113
0.0319298969072165	451	0.00276288659793814	1115
0.0328247422680412	460	0.00288659793814433	1143
0.0337525773195876	470	0.00294845360824742	1168
0.034919587628866	481	0.00305154639175258	1195
0.0358556701030928	489	0.0031340206185567	1218
0.036779381443299	498	0.00317525773195876	1243
0.0373237113402062	502	0.00319587628865979	1255
0.0382350515463918	510	0.00334020618556701	1278
0.0392247422680412	519	0.00336082474226804	1308
0.0398680412371134	527	0.00342268041237113	1325
0.0401814432989691	530	0.00348453608247423	1335
0.041220618556701	540	0.00354639175257732	1365
0.0422226804123711	550	0.00364948453608247	1393
0.0434474226804124	551	0.0037319587628866	1393
0.0442515463917526	560	0.00381443298969072	1413
0.0452123711340206	568	0.00385567010309278	1440
0.0455670103092784	571	0.00389690721649485	1445
0.0467257731958763	579	0.00397938144329897	1473
0.0492865979381443	589	0.00422680412371134	1490
0.0503340206185567	597	0.0043298969072165	1498
0.0513855670103093	599	0.00441237113402062	1513
0.0533360824742268	610	0.00455670103092784	1540
0.0544536082474227	613	0.00468041237113402	1518
