-0.000553061855670134	1
-2.52268041237422e-05	19
0.00141807216494843	51
0.00310879381443296	82
0.00363250515463915	102
0.00531910309278348	120
0.00656858762886595	152
0.00672528865979379	153
0.00837477319587626	199
0.00908817525773193	210
0.0100448762886598	231
0.0106139484536082	240
0.0110510618556701	250
0.0116160103092784	261
0.0122469381443299	271
0.0127706494845361	280
0.0134263195876289	290
0.0140778659793814	299
0.0149149793814433	300
0.0158634329896907	319
0.0166180721649485	331
0.017409824742268	340
0.018329412371134	350
0.0192819896907217	360
0.0203582783505155	370
0.0214221958762887	380
0.0224572474226804	390
0.0235871443298969	399
0.0249026082474227	410
0.0260902371134021	419
0.0271129175257732	429
0.0275417835051546	433
0.0282221958762887	438
0.0287995154639175	443
0.0298840515463918	450
0.0313768350515464	451
0.0322716804123711	460
0.0331995154639175	470
0.0343665257731959	481
0.0353026082474227	489
0.0362263195876289	498
0.0367706494845361	502
0.0376819896907217	510
0.0386716804123711	519
0.0393149793814433	527
0.039628381443299	530
0.0406675567010309	540
0.041669618556701	550
0.0428943608247423	551
0.0436984845360825	560
0.0446593092783505	568
0.0450139484536083	571
0.0461727113402062	579
0.0487335360824742	589
0.0497809587628866	597
0.0508325051546392	599
0.0527830206185567	610
0.0539005463917526	613
