## NFILE T1 T2 CB1 CB2 P1 P2 RWALL1 RWALL2 XMAX1 XMAX2 GMAX1 GMAX2 YMAX1 YMAX2 CEMAX1 CEMAX2
 1    0.10851E+01    0.42940E+00    0.50000E-01    0.73007E-01    0.27518E+01    0.20289E+01    0.15099E+02    0.11133E+02    0.14963E+03    0.20014E+03    0.54411E+00    0.80056E+00    0.18990E+03    0.36667E+03    0.13386E+03    0.31459E+02
 2    0.77097E+00    0.30642E+00    0.10000E+00    0.14199E+00    0.55037E+01    0.39461E+01    0.30199E+02    0.21652E+02    0.39470E+02    0.20006E+03    0.14353E+00    0.80023E+00    0.74849E+02    0.26173E+03    0.34821E+03    0.10464E+03
 3    0.63156E+00    0.25171E+00    0.15000E+00    0.20905E+00    0.82555E+01    0.58098E+01    0.45298E+02    0.31878E+02    0.18330E+02    0.85106E+01    0.66654E-01    0.34042E-01    0.78230E+02    0.38603E+02    0.48512E+03    0.18014E+03
 4    0.54834E+00    0.21898E+00    0.20000E+00    0.27482E+00    0.11007E+02    0.76374E+01    0.60397E+02    0.41906E+02    0.11142E+02    0.71902E+01    0.40516E-01    0.28761E-01    0.74813E+02    0.39925E+02    0.58701E+03    0.23301E+03
 5    0.44936E+00    0.17995E+00    0.30000E+00    0.40399E+00    0.16511E+02    0.11227E+02    0.90596E+02    0.61604E+02    0.11139E+02    0.25247E+02    0.40507E-01    0.10099E+00    0.83923E+02    0.52517E+02    0.77662E+03    0.32492E+03
 6    0.39030E+00    0.15663E+00    0.40000E+00    0.53013E+00    0.22015E+02    0.14733E+02    0.12079E+03    0.80838E+02    0.18135E+02    0.98320E+01    0.65946E-01    0.39328E-01    0.89818E+02    0.38650E+02    0.98260E+03    0.34276E+03
 7    0.34992E+00    0.14065E+00    0.50000E+00    0.65430E+00    0.27518E+02    0.18183E+02    0.15099E+03    0.99772E+02    0.15465E+02    0.22230E+02    0.56237E-01    0.88920E-01    0.78851E+02    0.71876E+02    0.97684E+03    0.40609E+03
 8    0.32007E+00    0.12882E+00    0.60000E+00    0.77693E+00    0.33022E+02    0.21592E+02    0.18119E+03    0.11847E+03    0.22240E+02    0.12067E+02    0.80874E-01    0.48268E-01    0.73149E+02    0.34132E+02    0.93356E+03    0.34265E+03
 9    0.29683E+00    0.11960E+00    0.70000E+00    0.89832E+00    0.38526E+02    0.24965E+02    0.21139E+03    0.13698E+03    0.20627E+02    0.10678E+02    0.75007E-01    0.42712E-01    0.69294E+02    0.32001E+02    0.93663E+03    0.34882E+03
10    0.27808E+00    0.11214E+00    0.80000E+00    0.10187E+01    0.44030E+02    0.28310E+02    0.24159E+03    0.15533E+03    0.17910E+02    0.89514E+01    0.65127E-01    0.35806E-01    0.62479E+02    0.28414E+02    0.89614E+03    0.34088E+03
11    0.26252E+00    0.10595E+00    0.90000E+00    0.11381E+01    0.49533E+02    0.31629E+02    0.27179E+03    0.17355E+03    0.16298E+02    0.19288E+01    0.59267E-01    0.77153E-02    0.59324E+02    0.23303E+02    0.10379E+04    0.90794E+02
12    0.24935E+00    0.10071E+00    0.10000E+01    0.12568E+01    0.55037E+02    0.34927E+02    0.30199E+03    0.19165E+03    0.56776E+01    0.17012E+01    0.20646E-01    0.68050E-02    0.35433E+02    0.23524E+02    0.70601E+03    0.10843E+03
