## NFILE T1 T2 CB1 CB2 P1 P2 RWALL1 RWALL2 XMAX1 XMAX2 GMAX1 GMAX2 YMAX1 YMAX2 CEMAX1 CEMAX2
 1    0.10429E+01    0.47256E+00    0.50000E-01    0.80865E-01    0.14185E+01    0.88670E+00    0.77833E+01    0.48653E+01    0.20010E+03    0.16524E+03    0.72763E+00    0.66097E+00    0.28986E+03    0.31347E+03    0.71745E+02    0.13079E+02
 2    0.74123E+00    0.33829E+00    0.10000E+00    0.15619E+00    0.28370E+01    0.17126E+01    0.15567E+02    0.93973E+01    0.34088E+02    0.20002E+03    0.12396E+00    0.80008E+00    0.78323E+02    0.24558E+03    0.19645E+03    0.35754E+02
 3    0.60735E+00    0.27847E+00    0.15000E+00    0.22889E+00    0.42555E+01    0.25098E+01    0.23350E+02    0.13771E+02    0.20003E+03    0.60424E+01    0.72738E+00    0.24170E-01    0.16119E+03    0.32908E+02    0.26055E+03    0.61730E+02
 4    0.52742E+00    0.24264E+00    0.20000E+00    0.29983E+00    0.56740E+01    0.32876E+01    0.31133E+02    0.18039E+02    0.11923E+02    0.63228E+01    0.43358E-01    0.25291E-01    0.78534E+02    0.36473E+02    0.33590E+03    0.80471E+02
 5    0.43236E+00    0.19984E+00    0.30000E+00    0.43853E+00    0.85110E+01    0.48086E+01    0.46700E+02    0.26384E+02    0.22317E+02    0.92526E+01    0.81154E-01    0.37010E-01    0.90168E+02    0.37417E+02    0.44763E+03    0.10884E+03
 6    0.37565E+00    0.17424E+00    0.40000E+00    0.57311E+00    0.11348E+02    0.62842E+01    0.62266E+02    0.34481E+02    0.21223E+02    0.79711E+01    0.77175E-01    0.31884E-01    0.95659E+02    0.36246E+02    0.55884E+03    0.12178E+03
 7    0.33687E+00    0.15668E+00    0.50000E+00    0.70504E+00    0.14185E+02    0.77309E+01    0.77833E+02    0.42419E+02    0.18117E+02    0.19534E+02    0.65881E-01    0.78134E-01    0.82267E+02    0.63317E+02    0.55876E+03    0.15783E+03
 8    0.30821E+00    0.14366E+00    0.60000E+00    0.83491E+00    0.17022E+02    0.91549E+01    0.93400E+02    0.50233E+02    0.27132E+02    0.44184E+01    0.98663E-01    0.17674E-01    0.88093E+02    0.26999E+02    0.55411E+03    0.92223E+02
 9    0.28589E+00    0.13350E+00    0.70000E+00    0.96311E+00    0.19859E+02    0.10561E+02    0.10897E+03    0.57946E+02    0.24239E+02    0.37169E+01    0.88141E-01    0.14868E-01    0.79773E+02    0.25895E+02    0.55734E+03    0.83660E+02
10    0.26788E+00    0.12528E+00    0.80000E+00    0.10899E+01    0.22696E+02    0.11951E+02    0.12453E+03    0.65576E+02    0.21188E+02    0.20208E+01    0.77047E-01    0.80830E-02    0.69201E+02    0.24929E+02    0.57800E+03    0.34993E+02
11    0.25294E+00    0.11846E+00    0.90000E+00    0.12155E+01    0.25533E+02    0.13329E+02    0.14010E+03    0.73133E+02    0.15939E+02    0.17817E+01    0.57961E-01    0.71268E-02    0.58102E+02    0.20888E+02    0.52557E+03    0.33606E+02
12    0.24028E+00    0.11266E+00    0.10000E+01    0.13401E+01    0.28370E+02    0.14695E+02    0.15567E+03    0.80628E+02    0.56101E+01    0.15615E+01    0.20400E-01    0.62460E-02    0.35712E+02    0.24318E+02    0.35167E+03    0.40761E+02
