## NFILE T1 T2 CB1 CB2 P1 P2 RWALL1 RWALL2 XMAX1 XMAX2 GMAX1 GMAX2 YMAX1 YMAX2 CEMAX1 CEMAX2
 1    0.10596E+01    0.45658E+00    0.50000E-01    0.77545E-01    0.17682E+01    0.11877E+01    0.97022E+01    0.65171E+01    0.20009E+03    0.17087E+03    0.72761E+00    0.68349E+00    0.28794E+03    0.32451E+03    0.88066E+02    0.18697E+02
 2    0.75304E+00    0.32641E+00    0.10000E+00    0.15020E+00    0.35365E+01    0.23005E+01    0.19404E+02    0.12623E+02    0.15802E+02    0.90915E+01    0.57462E-01    0.36366E-01    0.77079E+02    0.30459E+02    0.23608E+03    0.55618E+02
 3    0.61699E+00    0.26845E+00    0.15000E+00    0.22053E+00    0.53047E+01    0.33777E+01    0.29107E+02    0.18534E+02    0.20005E+03    0.56786E+01    0.72746E+00    0.22714E-01    0.18361E+03    0.28894E+02    0.12281E+03    0.34840E+02
 4    0.53576E+00    0.23376E+00    0.20000E+00    0.28929E+00    0.70729E+01    0.44309E+01    0.38809E+02    0.24312E+02    0.12497E+02    0.66180E+01    0.45445E-01    0.26472E-01    0.77178E+02    0.37513E+02    0.40898E+03    0.12014E+03
 5    0.43915E+00    0.19234E+00    0.30000E+00    0.42400E+00    0.10609E+02    0.64942E+01    0.58213E+02    0.35633E+02    0.19019E+02    0.10135E+02    0.69161E-01    0.40539E-01    0.87806E+02    0.39038E+02    0.53677E+03    0.16021E+03
 6    0.38152E+00    0.16758E+00    0.40000E+00    0.55503E+00    0.14146E+02    0.85012E+01    0.77618E+02    0.46646E+02    0.19966E+02    0.87093E+01    0.72603E-01    0.34837E-01    0.93394E+02    0.36277E+02    0.66986E+03    0.17940E+03
 7    0.34211E+00    0.15060E+00    0.50000E+00    0.68371E+00    0.17682E+02    0.10472E+02    0.97022E+02    0.57460E+02    0.17121E+02    0.20643E+02    0.62257E-01    0.82572E-01    0.80832E+02    0.66738E+02    0.66849E+03    0.22254E+03
 8    0.31297E+00    0.13802E+00    0.60000E+00    0.81055E+00    0.21219E+02    0.12415E+02    0.11643E+03    0.68120E+02    0.23851E+02    0.10778E+02    0.86730E-01    0.43110E-01    0.75879E+02    0.31240E+02    0.63000E+03    0.18634E+03
 9    0.29029E+00    0.12821E+00    0.70000E+00    0.93590E+00    0.24755E+02    0.14335E+02    0.13583E+03    0.78655E+02    0.20813E+02    0.56003E+01    0.75684E-01    0.22401E-01    0.65773E+02    0.33646E+02    0.63048E+03    0.16512E+03
10    0.27199E+00    0.12028E+00    0.80000E+00    0.10600E+01    0.28292E+02    0.16236E+02    0.15524E+03    0.89084E+02    0.21111E+02    0.20743E+01    0.76766E-01    0.82972E-02    0.69638E+02    0.25882E+02    0.71940E+03    0.49538E+02
11    0.25680E+00    0.11368E+00    0.90000E+00    0.11830E+01    0.31828E+02    0.18120E+02    0.17464E+03    0.99424E+02    0.16081E+02    0.18484E+01    0.58477E-01    0.73938E-02    0.58485E+02    0.21844E+02    0.65968E+03    0.48462E+02
12    0.24394E+00    0.10809E+00    0.10000E+01    0.13051E+01    0.35365E+02    0.19990E+02    0.19404E+03    0.10969E+03    0.55753E+01    0.16128E+01    0.20274E-01    0.64511E-02    0.35476E+02    0.24061E+02    0.44207E+03    0.57884E+02
