## NFILE T1 T2 CB1 CB2 P1 P2 RWALL1 RWALL2 XMAX1 XMAX2 GMAX1 GMAX2 YMAX1 YMAX2 CEMAX1 CEMAX2
 1    0.10851E+01    0.42940E+00    0.50000E-01    0.73007E-01    0.27518E+01    0.20289E+01    0.15099E+02    0.11133E+02    0.20003E+03    0.56576E+02    0.72739E+00    0.22630E+00    0.20206E+03    0.11827E+03    0.15017E+03    0.64060E+02
 2    0.77097E+00    0.30642E+00    0.10000E+00    0.14199E+00    0.55037E+01    0.39461E+01    0.30199E+02    0.21652E+02    0.18795E+02    0.81808E+01    0.68346E-01    0.32723E-01    0.81029E+02    0.52401E+02    0.29386E+03    0.11518E+03
 3    0.63156E+00    0.25171E+00    0.15000E+00    0.20905E+00    0.82555E+01    0.58098E+01    0.45298E+02    0.31878E+02    0.13395E+02    0.11226E+02    0.48709E-01    0.44904E-01    0.85717E+02    0.55103E+02    0.44156E+03    0.22708E+03
 4    0.54834E+00    0.21898E+00    0.20000E+00    0.27482E+00    0.11007E+02    0.76374E+01    0.60397E+02    0.41906E+02    0.13258E+02    0.93024E+01    0.48210E-01    0.37209E-01    0.82397E+02    0.61383E+02    0.57504E+03    0.28215E+03
 5    0.44936E+00    0.17995E+00    0.30000E+00    0.40399E+00    0.16511E+02    0.11227E+02    0.90596E+02    0.61604E+02    0.12164E+02    0.11789E+02    0.44233E-01    0.47155E-01    0.99453E+02    0.73800E+02    0.77403E+03    0.39512E+03
 6    0.39030E+00    0.15663E+00    0.40000E+00    0.53013E+00    0.22015E+02    0.14733E+02    0.12079E+03    0.80838E+02    0.15156E+02    0.10537E+02    0.55113E-01    0.42147E-01    0.97851E+02    0.66558E+02    0.92864E+03    0.40928E+03
 7    0.34992E+00    0.14065E+00    0.50000E+00    0.65430E+00    0.27518E+02    0.18183E+02    0.15099E+03    0.99772E+02    0.98335E+01    0.14606E+02    0.35758E-01    0.58425E-01    0.62903E+02    0.69661E+02    0.76797E+03    0.48179E+03
 8    0.32007E+00    0.12882E+00    0.60000E+00    0.77693E+00    0.33022E+02    0.21592E+02    0.18119E+03    0.11847E+03    0.13078E+02    0.91625E+01    0.47555E-01    0.36650E-01    0.62519E+02    0.45189E+02    0.92830E+03    0.35900E+03
 9    0.29683E+00    0.11960E+00    0.70000E+00    0.89832E+00    0.38526E+02    0.24965E+02    0.21139E+03    0.13698E+03    0.13285E+02    0.48913E+01    0.48310E-01    0.19565E-01    0.67833E+02    0.31756E+02    0.10873E+04    0.20436E+03
10    0.27808E+00    0.11214E+00    0.80000E+00    0.10187E+01    0.44030E+02    0.28310E+02    0.24159E+03    0.15533E+03    0.97398E+01    0.77527E+01    0.35417E-01    0.31011E-01    0.57671E+02    0.47790E+02    0.84806E+03    0.34127E+03
11    0.26252E+00    0.10595E+00    0.90000E+00    0.11381E+01    0.49533E+02    0.31629E+02    0.27179E+03    0.17355E+03    0.90664E+01    0.24274E+01    0.32969E-01    0.97095E-02    0.66707E+02    0.32881E+02    0.78761E+03    0.31032E+03
12    0.24935E+00    0.10071E+00    0.10000E+01    0.12568E+01    0.55037E+02    0.34927E+02    0.30199E+03    0.19165E+03    0.49033E+01    0.17047E+01    0.17830E-01    0.68188E-02    0.44841E+02    0.21782E+02    0.61106E+03    0.14875E+03
