## NFILE T1 T2 CB1 CB2 P1 P2 RWALL1 RWALL2 XMAX1 XMAX2 GMAX1 GMAX2 YMAX1 YMAX2 CEMAX1 CEMAX2
 1    0.10429E+01    0.47256E+00    0.50000E-01    0.80865E-01    0.14185E+01    0.88670E+00    0.77833E+01    0.48653E+01    0.20002E+03    0.51322E+02    0.72734E+00    0.20529E+00    0.22579E+03    0.11697E+03    0.81039E+02    0.23461E+02
 2    0.74123E+00    0.33829E+00    0.10000E+00    0.15619E+00    0.28370E+01    0.17126E+01    0.15567E+02    0.93973E+01    0.14967E+02    0.87983E+01    0.54426E-01    0.35193E-01    0.85675E+02    0.45354E+02    0.18650E+03    0.51537E+02
 3    0.60735E+00    0.27847E+00    0.15000E+00    0.22889E+00    0.42555E+01    0.25098E+01    0.23350E+02    0.13771E+02    0.14461E+02    0.94798E+01    0.52585E-01    0.37919E-01    0.88853E+02    0.53552E+02    0.27139E+03    0.84377E+02
 4    0.52742E+00    0.24264E+00    0.20000E+00    0.29983E+00    0.56740E+01    0.32876E+01    0.31133E+02    0.18039E+02    0.14148E+02    0.88552E+01    0.51448E-01    0.35421E-01    0.89289E+02    0.61067E+02    0.34646E+03    0.10725E+03
 5    0.43236E+00    0.19984E+00    0.30000E+00    0.43853E+00    0.85110E+01    0.48086E+01    0.46700E+02    0.26384E+02    0.13676E+02    0.10603E+02    0.49730E-01    0.42412E-01    0.10625E+03    0.64611E+02    0.46020E+03    0.15202E+03
 6    0.37565E+00    0.17424E+00    0.40000E+00    0.57311E+00    0.11348E+02    0.62842E+01    0.62266E+02    0.34481E+02    0.16903E+02    0.92320E+01    0.61466E-01    0.36928E-01    0.10299E+03    0.56620E+02    0.54353E+03    0.15488E+03
 7    0.33687E+00    0.15668E+00    0.50000E+00    0.70504E+00    0.14185E+02    0.77309E+01    0.77833E+02    0.42419E+02    0.11546E+02    0.13912E+02    0.41987E-01    0.55649E-01    0.10493E+03    0.72676E+02    0.51101E+03    0.19391E+03
 8    0.30821E+00    0.14366E+00    0.60000E+00    0.83491E+00    0.17022E+02    0.91549E+01    0.93400E+02    0.50233E+02    0.13885E+02    0.85143E+01    0.50492E-01    0.34057E-01    0.65497E+02    0.46684E+02    0.53025E+03    0.12952E+03
 9    0.28589E+00    0.13350E+00    0.70000E+00    0.96311E+00    0.19859E+02    0.10561E+02    0.10897E+03    0.57946E+02    0.11946E+02    0.79578E+01    0.43440E-01    0.31831E-01    0.57991E+02    0.48092E+02    0.52936E+03    0.12724E+03
10    0.26788E+00    0.12528E+00    0.80000E+00    0.10899E+01    0.22696E+02    0.11951E+02    0.12453E+03    0.65576E+02    0.10922E+02    0.20609E+01    0.39717E-01    0.82436E-02    0.67934E+02    0.30795E+02    0.54527E+03    0.69556E+02
11    0.25294E+00    0.11846E+00    0.90000E+00    0.12155E+01    0.25533E+02    0.13329E+02    0.14010E+03    0.73133E+02    0.51681E+01    0.50474E+01    0.18793E-01    0.20190E-01    0.54795E+02    0.43952E+02    0.43412E+03    0.14005E+03
12    0.24028E+00    0.11266E+00    0.10000E+01    0.13401E+01    0.28370E+02    0.14695E+02    0.15567E+03    0.80628E+02    0.49655E+01    0.16657E+01    0.18057E-01    0.66630E-02    0.45276E+02    0.23424E+02    0.29652E+03    0.63429E+02
