## NFILE T1 T2 CB1 CB2 P1 P2 RWALL1 RWALL2 XMAX1 XMAX2 GMAX1 GMAX2 YMAX1 YMAX2 CEMAX1 CEMAX2
 1    0.10596E+01    0.45658E+00    0.50000E-01    0.77545E-01    0.17682E+01    0.11877E+01    0.97022E+01    0.65171E+01    0.20003E+03    0.48886E+02    0.72738E+00    0.19554E+00    0.21576E+03    0.10993E+03    0.10007E+03    0.33386E+02
 2    0.75304E+00    0.32641E+00    0.10000E+00    0.15020E+00    0.35365E+01    0.23005E+01    0.19404E+02    0.12623E+02    0.14691E+02    0.94179E+01    0.53423E-01    0.37672E-01    0.86525E+02    0.43010E+02    0.20749E+03    0.75936E+02
 3    0.61699E+00    0.26845E+00    0.15000E+00    0.22053E+00    0.53047E+01    0.33777E+01    0.29107E+02    0.18534E+02    0.14068E+02    0.10236E+02    0.51157E-01    0.40945E-01    0.87718E+02    0.53446E+02    0.31701E+03    0.12097E+03
 4    0.53576E+00    0.23376E+00    0.20000E+00    0.28929E+00    0.70729E+01    0.44309E+01    0.38809E+02    0.24312E+02    0.13814E+02    0.88146E+01    0.50232E-01    0.35259E-01    0.86493E+02    0.61850E+02    0.40849E+03    0.15200E+03
 5    0.43915E+00    0.19234E+00    0.30000E+00    0.42400E+00    0.10609E+02    0.64942E+01    0.58213E+02    0.35633E+02    0.12929E+02    0.11138E+02    0.47013E-01    0.44550E-01    0.10361E+03    0.68505E+02    0.54211E+03    0.21608E+03
 6    0.38152E+00    0.16758E+00    0.40000E+00    0.55503E+00    0.14146E+02    0.85012E+01    0.77618E+02    0.46646E+02    0.16219E+02    0.97711E+01    0.58978E-01    0.39084E-01    0.10104E+03    0.60583E+02    0.64483E+03    0.22134E+03
 7    0.34211E+00    0.15060E+00    0.50000E+00    0.68371E+00    0.17682E+02    0.10472E+02    0.97022E+02    0.57460E+02    0.10338E+02    0.13856E+02    0.37593E-01    0.55422E-01    0.63890E+02    0.66380E+02    0.52844E+03    0.27284E+03
 8    0.31297E+00    0.13802E+00    0.60000E+00    0.81055E+00    0.21219E+02    0.12415E+02    0.11643E+03    0.68120E+02    0.13555E+02    0.87746E+01    0.49291E-01    0.35099E-01    0.64357E+02    0.46136E+02    0.66626E+03    0.19058E+03
 9    0.29029E+00    0.12821E+00    0.70000E+00    0.93590E+00    0.24755E+02    0.14335E+02    0.13583E+03    0.78655E+02    0.11722E+02    0.81926E+01    0.42624E-01    0.32770E-01    0.57398E+02    0.48627E+02    0.63976E+03    0.18306E+03
10    0.27199E+00    0.12028E+00    0.80000E+00    0.10600E+01    0.28292E+02    0.16236E+02    0.15524E+03    0.89084E+02    0.99032E+01    0.74405E+01    0.36012E-01    0.29762E-01    0.59040E+02    0.47284E+02    0.56237E+03    0.19288E+03
11    0.25680E+00    0.11368E+00    0.90000E+00    0.11830E+01    0.31828E+02    0.18120E+02    0.17464E+03    0.99424E+02    0.55878E+01    0.39745E+01    0.20319E-01    0.15898E-01    0.54649E+02    0.35827E+02    0.54496E+03    0.20005E+03
12    0.24394E+00    0.10809E+00    0.10000E+01    0.13051E+01    0.35365E+02    0.19990E+02    0.19404E+03    0.10969E+03    0.49043E+01    0.16451E+01    0.17834E-01    0.65805E-02    0.44919E+02    0.22619E+02    0.38033E+03    0.85677E+02
