## NFILE T1 T2 CB1 CB2 P1 P2 RWALL1 RWALL2 XMAX1 XMAX2 GMAX1 GMAX2 YMAX1 YMAX2 CEMAX1 CEMAX2
 1    0.12400E+01    0.53303E+00    0.50000E-01    0.78539E-01    0.17682E+01    0.12030E+01    0.97022E+01    0.66006E+01    0.20004E+03    0.71664E+02    0.72742E+00    0.28666E+00    0.25838E+03    0.17268E+03    0.65896E+02    0.19801E+02
 2    0.88085E+00    0.38074E+00    0.10000E+00    0.15254E+00    0.35365E+01    0.23364E+01    0.19404E+02    0.12820E+02    0.51048E+02    0.20001E+03    0.18563E+00    0.80004E+00    0.84955E+02    0.25975E+03    0.15722E+03    0.37304E+01
 3    0.72149E+00    0.31299E+00    0.15000E+00    0.22430E+00    0.53047E+01    0.34356E+01    0.29107E+02    0.18851E+02    0.20000E+03    0.87373E+01    0.72729E+00    0.34949E-01    0.17078E+03    0.28437E+02    0.50709E+02    0.20227E+02
 4    0.62638E+00    0.27246E+00    0.20000E+00    0.29453E+00    0.70729E+01    0.45113E+01    0.38809E+02    0.24753E+02    0.23505E+02    0.20006E+03    0.85474E-01    0.80025E+00    0.87086E+02    0.21323E+03    0.33381E+03    0.76579E+02
 5    0.51339E+00    0.22419E+00    0.30000E+00    0.43173E+00    0.10609E+02    0.66127E+01    0.58213E+02    0.36283E+02    0.12753E+02    0.83275E+01    0.46375E-01    0.33310E-01    0.91543E+02    0.44048E+02    0.42681E+03    0.13071E+03
 6    0.44582E+00    0.19519E+00    0.40000E+00    0.56642E+00    0.14146E+02    0.86756E+01    0.77618E+02    0.47603E+02    0.20002E+03    0.19829E+01    0.72734E+00    0.79316E-02    0.10384E+03    0.33111E+02    0.26069E+03    0.11687E+02
 7    0.39972E+00    0.17540E+00    0.50000E+00    0.69807E+00    0.17682E+02    0.10692E+02    0.97022E+02    0.58668E+02    0.20002E+03    0.40640E+01    0.72735E+00    0.16256E-01    0.12091E+03    0.37777E+02    0.49066E+03    0.65833E+02
 8    0.36564E+00    0.16074E+00    0.60000E+00    0.82784E+00    0.21219E+02    0.12680E+02    0.11643E+03    0.69573E+02    0.34563E+02    0.13925E+02    0.12568E+00    0.55698E-01    0.92660E+02    0.40109E+02    0.47530E+03    0.14455E+03
 9    0.33911E+00    0.14931E+00    0.70000E+00    0.95605E+00    0.24755E+02    0.14643E+02    0.13583E+03    0.80348E+02    0.29091E+02    0.14266E+02    0.10579E+00    0.57065E-01    0.91822E+02    0.41231E+02    0.49934E+03    0.15679E+03
10    0.31771E+00    0.14007E+00    0.80000E+00    0.10830E+01    0.28292E+02    0.16587E+02    0.15524E+03    0.91014E+02    0.27515E+02    0.13800E+02    0.10005E+00    0.55198E-01    0.89750E+02    0.40978E+02    0.51731E+03    0.17003E+03
11    0.29996E+00    0.13239E+00    0.90000E+00    0.12088E+01    0.31828E+02    0.18514E+02    0.17464E+03    0.10159E+03    0.30594E+02    0.47706E+01    0.11125E+00    0.19082E-01    0.93371E+02    0.38029E+02    0.58163E+03    0.85391E+02
12    0.28493E+00    0.12589E+00    0.10000E+01    0.13336E+01    0.35365E+02    0.20426E+02    0.19404E+03    0.11207E+03    0.28417E+02    0.20168E+01    0.10333E+00    0.80670E-02    0.88834E+02    0.29722E+02    0.64226E+03    0.34856E+02
