## NFILE T1 T2 CB1 CB2 P1 P2 RWALL1 RWALL2 XMAX1 XMAX2 GMAX1 GMAX2 YMAX1 YMAX2 CEMAX1 CEMAX2
 1    0.10596E+01    0.45658E+00    0.50000E-01    0.77545E-01    0.17682E+01    0.11877E+01    0.97022E+01    0.65171E+01    0.20003E+03    0.31281E+02    0.72737E+00    0.12512E+00    0.21929E+03    0.83294E+02    0.25308E+02    0.19459E+02
 2    0.75304E+00    0.32641E+00    0.10000E+00    0.15020E+00    0.35365E+01    0.23005E+01    0.19404E+02    0.12623E+02    0.68517E+01    0.34148E+01    0.24915E-01    0.13659E-01    0.37798E+02    0.21559E+02    0.97003E+02    0.26924E+02
 3    0.61699E+00    0.26845E+00    0.15000E+00    0.22053E+00    0.53047E+01    0.33777E+01    0.29107E+02    0.18534E+02    0.39959E+01    0.36838E+01    0.14531E-01    0.14735E-01    0.35513E+02    0.24414E+02    0.10520E+03    0.44836E+02
 4    0.53576E+00    0.23376E+00    0.20000E+00    0.28929E+00    0.70729E+01    0.44309E+01    0.38809E+02    0.24312E+02    0.38941E+01    0.75762E+01    0.14160E-01    0.30305E-01    0.35223E+02    0.27895E+02    0.12435E+03    0.60513E+02
 5    0.43915E+00    0.19234E+00    0.30000E+00    0.42400E+00    0.10609E+02    0.64942E+01    0.58213E+02    0.35633E+02    0.70878E+01    0.46376E+01    0.25774E-01    0.18551E-01    0.40064E+02    0.30757E+02    0.17113E+03    0.73196E+02
 6    0.38152E+00    0.16758E+00    0.40000E+00    0.55503E+00    0.14146E+02    0.85012E+01    0.77618E+02    0.46646E+02    0.36773E+01    0.68036E+01    0.13372E-01    0.27215E-01    0.39943E+02    0.54306E+02    0.19680E+03    0.14153E+03
 7    0.34211E+00    0.15060E+00    0.50000E+00    0.68371E+00    0.17682E+02    0.10472E+02    0.97022E+02    0.57460E+02    0.30717E+01    0.68565E+01    0.11170E-01    0.27426E-01    0.40756E+02    0.58521E+02    0.20531E+03    0.15863E+03
 8    0.31297E+00    0.13802E+00    0.60000E+00    0.81055E+00    0.21219E+02    0.12415E+02    0.11643E+03    0.68120E+02    0.56506E+01    0.40774E+01    0.20548E-01    0.16310E-01    0.40740E+02    0.29709E+02    0.25879E+03    0.10455E+03
 9    0.29029E+00    0.12821E+00    0.70000E+00    0.93590E+00    0.24755E+02    0.14335E+02    0.13583E+03    0.78655E+02    0.48689E+01    0.31191E+01    0.17705E-01    0.12476E-01    0.40659E+02    0.52562E+02    0.25653E+03    0.11940E+03
10    0.27199E+00    0.12028E+00    0.80000E+00    0.10600E+01    0.28292E+02    0.16236E+02    0.15524E+03    0.89084E+02    0.32606E+01    0.25451E+01    0.11857E-01    0.10180E-01    0.37361E+02    0.30992E+02    0.29677E+03    0.13129E+03
11    0.25680E+00    0.11368E+00    0.90000E+00    0.11830E+01    0.31828E+02    0.18120E+02    0.17464E+03    0.99424E+02    0.21521E+01    0.18483E+01    0.78258E-02    0.73931E-02    0.30322E+02    0.25803E+02    0.19341E+03    0.92790E+02
12    0.24394E+00    0.10809E+00    0.10000E+01    0.13051E+01    0.35365E+02    0.19990E+02    0.19404E+03    0.10969E+03    0.17474E+01    0.15722E+01    0.63543E-02    0.62888E-02    0.28091E+02    0.25175E+02    0.16118E+03    0.76488E+02
