## NFILE T1 T2 CB1 CB2 P1 P2 RWALL1 RWALL2 XMAX1 XMAX2 GMAX1 GMAX2 YMAX1 YMAX2 CEMAX1 CEMAX2
 1    0.10064E+01    0.50174E+00    0.50000E-01    0.89688E-01    0.14034E+01    0.71923E+00    0.77002E+01    0.39464E+01    0.20009E+03    0.12539E+03    0.72759E+00    0.50155E+00    0.26326E+03    0.24749E+03    0.84879E+02    0.99658E+01
 2    0.71511E+00    0.36048E+00    0.10000E+00    0.17207E+00    0.28067E+01    0.13799E+01    0.15400E+02    0.75713E+01    0.14838E+02    0.48106E+01    0.53958E-01    0.19242E-01    0.82376E+02    0.26878E+02    0.20481E+03    0.25571E+02
 3    0.58588E+00    0.29744E+00    0.15000E+00    0.25102E+00    0.42101E+01    0.20130E+01    0.23101E+02    0.11045E+02    0.20006E+03    0.70236E+01    0.72749E+00    0.28095E-01    0.16753E+03    0.31749E+02    0.28195E+03    0.43449E+02
 4    0.50875E+00    0.25964E+00    0.20000E+00    0.32768E+00    0.56134E+01    0.26277E+01    0.30801E+02    0.14418E+02    0.13621E+02    0.57486E+01    0.49529E-01    0.22994E-01    0.85346E+02    0.34814E+02    0.36516E+03    0.58682E+02
 5    0.41704E+00    0.21438E+00    0.30000E+00    0.47681E+00    0.84202E+01    0.38237E+01    0.46201E+02    0.20980E+02    0.14376E+02    0.67864E+01    0.52278E-01    0.27146E-01    0.81887E+02    0.37625E+02    0.43770E+03    0.74953E+02
 6    0.36234E+00    0.18730E+00    0.40000E+00    0.62066E+00    0.11227E+02    0.49772E+01    0.61602E+02    0.27310E+02    0.20288E+02    0.60777E+01    0.73774E-01    0.24311E-01    0.10332E+03    0.34216E+02    0.61132E+03    0.76737E+02
 7    0.32495E+00    0.16869E+00    0.50000E+00    0.76109E+00    0.14034E+02    0.61033E+01    0.77002E+02    0.33489E+02    0.16532E+02    0.14797E+02    0.60117E-01    0.59188E-01    0.80439E+02    0.55778E+02    0.58867E+03    0.11482E+03
 8    0.29724E+00    0.15478E+00    0.60000E+00    0.90034E+00    0.16840E+02    0.72200E+01    0.92402E+02    0.39616E+02    0.22233E+02    0.75510E+01    0.80848E-01    0.30204E-01    0.77721E+02    0.27508E+02    0.55763E+03    0.86003E+02
 9    0.27580E+00    0.14408E+00    0.70000E+00    0.10345E+01    0.19647E+02    0.82960E+01    0.10780E+03    0.45520E+02    0.18795E+02    0.67065E+01    0.68344E-01    0.26826E-01    0.70191E+02    0.24464E+02    0.54278E+03    0.89874E+02
10    0.25843E+00    0.13534E+00    0.80000E+00    0.11684E+01    0.22454E+02    0.93695E+01    0.12320E+03    0.51410E+02    0.16369E+02    0.18697E+01    0.59522E-01    0.74790E-02    0.64461E+02    0.22384E+02    0.56792E+03    0.24289E+02
11    0.24403E+00    0.12807E+00    0.90000E+00    0.13007E+01    0.25260E+02    0.10431E+02    0.13860E+03    0.57233E+02    0.68266E+01    0.17395E+01    0.24824E-01    0.69582E-02    0.41702E+02    0.27463E+02    0.39054E+03    0.37982E+02
12    0.23184E+00    0.12190E+00    0.10000E+01    0.14317E+01    0.28067E+02    0.11481E+02    0.15400E+03    0.62997E+02    0.31153E+01    0.22847E+01    0.11328E-01    0.91388E-02    0.37283E+02    0.33199E+02    0.26835E+03    0.74145E+02
