#変形角	gamma	gamma2	変位計1	変位計2	変位計3	変位計4	変位計5	変位計6	変位計7	変位計8	変位計9	変位計10	変位計11	変位計12	変位計13	荷重14	荷重0
-0.000131958762886598	0.000206185567010309	-0.29	0.03	0	0	0	0	0	0	0	0	0	0	-0.5	0	-6
-0.000131958762886598	-0.000206185567010309	-0.3	0.02	0	-0.01	-0.01	0	0	0	0	-0.04	-0.58	-1.5	-1	13	-5
0.00034639175257732	-0.000618556701030928	0.96	0.12	0.01	-0.01	0.01	0	0.01	-0.02	0	-0.02	0.14	-2.5	-1	28	22
0.000701030927835052	-0.000412371134020619	1.83	0.13	0.01	-0.04	0.03	0	0.01	-0.05	-0.02	-0.04	0.62	-2.5	-1.5	78	45
0.00110927835051546	-0.00123711340206186	2.93	0.24	0	-0.03	0.04	0	0.01	-0.07	-0.04	-0.08	1.14	-4	-1	143	85
0.00150103092783505	-0.00144329896907216	3.88	0.24	0.01	-0.03	0.05	0	-0.01	-0.1	-0.08	-0.14	1.64	-5.5	-2	208	128
0.00194639175257732	-0.0022680412371134	5.06	0.34	0	-0.03	0.07	-0.04	-0.03	-0.14	-0.34	-0.34	2.3	-6.5	-1	268	166
0.00239587628865979	-0.0022680412371134	6.2	0.39	0.01	-0.01	0.09	-0.06	-0.03	-0.18	-0.54	-0.52	3.1	-6.5	-1	305	203
0.00245773195876289	-0.00164948453608247	6.4	0.44	0	-0.02	0.08	-0.08	-0.04	-0.18	-0.54	-0.5	3.02	-5.5	-1.5	245	197
0.00214020618556701	-0.00164948453608247	5.53	0.34	0.01	-0.04	0.09	-0.07	-0.05	-0.17	-0.12	-0.2	1.9	-4.5	-0.5	108	123
0.00174845360824742	-0.00103092783505155	4.57	0.33	0.01	-0.04	0.08	-0.08	-0.01	-0.12	-0.1	-0.18	1.66	-3.5	-1	13	40
0.0013979381443299	-0.00123711340206186	3.69	0.3	0.01	-0.03	0.06	-0.07	0	-0.09	0.02	-0.14	0.98	-3.5	-0.5	5	16
0.00118350515463918	-0.000824742268041237	3.11	0.24	0.08	-0.01	0.05	-0.08	-0.01	-0.1	0.02	-0.14	0.7	-2.5	-0.5	5	10
0.0010639175257732	-0.00103092783505155	2.81	0.23	0.35	-0.04	0.05	-0.09	-0.01	-0.09	0.04	-0.14	0.52	-3	-0.5	3	10
0.000705154639175258	-0.000618556701030928	1.93	0.22	0.01	-0.01	0.04	-0.08	-0.01	-0.08	0.04	-0.14	0.2	-2	-0.5	3	3
0.000701030927835052	-0.000412371134020619	1.94	0.24	0.01	-0.02	0.05	-0.06	-0.01	-0.08	0.04	-0.14	0.26	-2	-1	3	5
0.0010680412371134	-0.000824742268041237	2.81	0.22	0.03	-0.03	0.05	-0.06	0.01	-0.08	0.02	-0.14	0.8	-3.5	-1.5	10	18
0.00130721649484536	-0.00123711340206186	3.41	0.24	0	-0.04	0.05	-0.06	0.01	-0.09	0.04	-0.14	1.06	-4	-1	43	30
0.00178144329896907	-0.00185567010309278	4.66	0.34	0.01	-0.05	0.07	-0.06	-0.01	-0.14	-0.06	-0.16	1.22	-6	-1.5	198	107
0.0021360824742268	-0.00185567010309278	5.53	0.35	0	-0.04	0.09	-0.07	-0.02	-0.17	-0.34	-0.36	2.1	-5.5	-1	275	160
0.00249072164948454	-0.0022680412371134	6.49	0.45	0.02	-0.03	0.1	-0.08	-0.04	-0.19	-0.54	-0.56	3.44	-7	-1.5	343	207
0.00285360824742268	-0.00247422680412371	7.48	0.56	0	-0.04	0.11	-0.11	-0.04	-0.22	-0.76	-0.76	4.76	-7.5	-1.5	400	249
0.00324123711340206	-0.00350515463917526	8.44	0.58	0	-0.05	0.13	-0.14	-0.07	-0.26	-0.9	-0.94	5.62	-10	-1.5	455	283
0.00357113402061856	-0.00329896907216495	9.32	0.66	0	-0.04	0.15	-0.19	-0.09	-0.29	-0.98	-1.06	6.32	-9.5	-1.5	510	318
0.00392989690721649	-0.00350515463917526	10.29	0.76	0.01	-0.05	0.17	-0.23	-0.11	-0.34	-1.04	-1.16	6.96	-11	-2.5	558	348
0.00440824742268041	-0.00412371134020619	11.35	0.66	0.01	-0.04	0.17	-0.31	-0.13	-0.39	-1.06	-1.2	7.58	-12	-2	610	383
0.00474639175257732	-0.0043298969072165	12.23	0.72	0.01	-0.02	0.18	-0.34	-0.14	-0.42	-1.08	-1.24	7.86	-12	-1.5	615	408
0.00472577319587629	-0.00371134020618557	12.22	0.76	0.24	-0.04	0.18	-0.34	-0.15	-0.43	-1.06	-1.2	7.86	-11	-2	543	383
0.00444123711340206	-0.00350515463917526	11.54	0.77	0	-0.05	0.18	-0.32	-0.15	-0.41	-0.78	-0.92	7.38	-10.5	-2	395	302
0.00401237113402062	-0.00329896907216495	10.5	0.77	0.01	-0.15	0.17	-0.29	-0.15	-0.37	-0.46	-0.6	6.18	-9.5	-1.5	268	214
0.00356701030927835	-0.00268041237113402	9.42	0.77	0.01	-0.15	0.17	-0.27	-0.13	-0.34	-0.12	-0.22	4.46	-8	-1.5	183	150
0.00317113402061856	-0.00268041237113402	8.36	0.67	0	-0.05	0.16	-0.24	-0.09	-0.29	0.2	0.08	2.88	-7.5	-1	90	105
0.00274226804123711	-0.00206185567010309	7.31	0.66	0	-0.05	0.16	-0.22	-0.04	-0.25	0.18	0.1	2.64	-6	-1	18	44
0.00248659793814433	-0.0022680412371134	6.59	0.56	0	-0.05	0.14	-0.21	-0.02	-0.22	0.18	0.16	2.14	-6	-0.5	10	22
0.00225567010309278	-0.0022680412371134	6.02	0.55	0	-0.04	0.13	-0.2	-0.02	-0.2	0.22	0.18	1.74	-6	-0.5	8	16
0.00197938144329897	-0.00185567010309278	5.34	0.54	0.01	-0.03	0.1	-0.19	-0.02	-0.19	0.22	0.16	1.4	-5.5	-1	3	25
0.00174020618556701	-0.00103092783505155	4.76	0.54	0.02	-0.04	0.09	-0.18	-0.02	-0.17	0.22	0.16	0.9	-3.5	-1	3	8
0.00138144329896907	-0.00144329896907216	3.79	0.44	0	-0.02	0.06	-0.18	-0.02	-0.15	0.24	0.18	0.56	-4	-0.5	0	2
0.00134020618556701	-0.00144329896907216	3.68	0.43	0.12	-0.03	0.06	-0.17	-0.02	-0.15	0.22	0.18	0.58	-4	-0.5	3	2
0.00165773195876289	-0.00185567010309278	4.46	0.44	0.02	-0.03	0.06	-0.17	-0.01	-0.16	0.24	0.18	1.14	-5.5	-1	8	15
0.00197525773195876	-0.00206185567010309	5.24	0.45	0.02	-0.04	0.07	-0.18	0	-0.18	0.24	0.16	1.56	-6	-1	15	26
0.00229690721649485	-0.00206185567010309	6.11	0.54	0.03	-0.03	0.08	-0.18	0.02	-0.19	0.18	0.16	1.88	-6.5	-1.5	60	40
0.00265154639175258	-0.0022680412371134	6.98	0.55	0.02	-0.03	0.1	-0.18	0	-0.24	0.1	0.12	1.94	-7.5	-2	165	93
0.00297319587628866	-0.00309278350515464	7.76	0.55	0.02	-0.03	0.11	-0.2	-0.03	-0.25	-0.1	-0.04	2.72	-8.5	-1	230	142
0.00329072164948454	-0.00309278350515464	8.64	0.66	0.01	-0.04	0.14	-0.2	-0.06	-0.3	-0.36	-0.3	3.92	-9	-1.5	305	185
0.00367835051546392	-0.00350515463917526	9.57	0.65	0.01	-0.04	0.15	-0.23	-0.09	-0.33	-0.56	-0.54	5.04	-10	-1.5	390	235
0.00398762886597938	-0.00350515463917526	10.39	0.72	0	-0.04	0.16	-0.26	-0.12	-0.36	-0.72	-0.78	6.1	-10.5	-2	475	286
0.00436701030927835	-0.00391752577319588	11.36	0.77	0	-0.05	0.17	-0.3	-0.13	-0.39	-0.88	-1	7.1	-11.5	-2	558	339
0.00472577319587629	-0.0043298969072165	12.23	0.77	0	-0.05	0.19	-0.35	-0.15	-0.43	-0.98	-1.16	7.82	-12.5	-2	635	389
0.00504742268041237	-0.0045360824742268	13	0.76	0.01	-0.14	0.19	-0.39	-0.16	-0.46	-1.02	-1.2	8.38	-13	-2	688	428
0.00539381443298969	-0.0045360824742268	13.95	0.87	0	-0.14	0.21	-0.43	-0.18	-0.51	-1.02	-1.24	8.76	-13.5	-2.5	728	458
0.00576082474226804	-0.00494845360824742	14.84	0.87	0.02	-0.14	0.21	-0.47	-0.2	-0.56	-1.04	-1.22	9.06	-14.5	-2.5	770	485
0.00616082474226804	-0.00515463917525773	15.81	0.87	0.01	-0.15	0.21	-0.51	-0.2	-0.61	-1.02	-1.22	9.34	-15	-2.5	805	509
0.00647835051546392	-0.00536082474226804	16.68	0.97	0.11	-0.15	0.21	-0.54	-0.22	-0.68	-1.02	-1.22	9.62	-15.5	-2.5	838	530
0.00682886597938144	-0.00536082474226804	17.54	0.98	0.12	-0.15	0.21	-0.58	-0.22	-0.77	-1.04	-1.22	9.86	-15.5	-2.5	870	550
0.00714639175257732	-0.00556701030927835	18.41	1.08	0.21	-0.13	0.21	-0.61	-0.22	-0.82	-1.02	-1.24	10.08	-16.5	-3	903	570
0.00748041237113402	-0.00597938144329897	19.28	1.14	0.31	-0.14	0.22	-0.64	-0.24	-0.88	-1.02	-1.22	10.22	-17.5	-3	918	588
0.0076659793814433	-0.00597938144329897	19.76	1.17	0.32	-0.13	0.27	-0.64	-0.23	-0.93	-1	-1.22	10.28	-17.5	-3	900	588
0.00764948453608247	-0.00618556701030928	19.79	1.24	0.42	-0.15	0.28	-0.64	-0.23	-0.94	-0.94	-1.22	10.34	-18	-3	928	565
0.0079340206185567	-0.00597938144329897	20.53	1.29	0.42	-0.15	0.29	-0.67	-0.23	-1	-0.96	-1.22	10.44	-17.5	-3	933	597
0.00797113402061856	-0.00618556701030928	20.63	1.3	0.51	-0.15	0.27	-0.66	-0.23	-1	-0.88	-1.16	10.44	-17.5	-2.5	843	570
0.00764948453608247	-0.00618556701030928	19.96	1.41	0.52	-0.14	0.26	-0.66	-0.25	-0.91	-0.64	-0.96	10.4	-18	-3	745	505
0.00726185567010309	-0.00597938144329897	19.01	1.4	0.53	-0.15	0.26	-0.65	-0.27	-0.81	-0.5	-0.72	10.22	-17.5	-3	620	434
0.00694020618556701	-0.00597938144329897	18.18	1.35	0.54	-0.15	0.26	-0.63	-0.27	-0.75	-0.32	-0.54	9.9	-17	-2.5	523	375
0.00658556701030928	-0.00536082474226804	17.26	1.29	0.53	-0.14	0.25	-0.59	-0.27	-0.72	-0.1	-0.28	9.34	-15.5	-2.5	410	303
0.00616907216494845	-0.00515463917525773	16.25	1.29	0.53	-0.15	0.25	-0.56	-0.23	-0.67	0.08	-0.02	8.64	-14.5	-2	315	243
0.00582268041237113	-0.00494845360824742	15.42	1.3	0.52	-0.15	0.25	-0.51	-0.2	-0.65	0.26	0.2	7.76	-14	-2	248	191
0.0054639175257732	-0.0045360824742268	14.55	1.3	0.53	-0.15	0.25	-0.46	-0.18	-0.61	0.46	0.46	6.68	-13	-2	190	153
0.00510927835051546	-0.0045360824742268	13.58	1.19	0.54	-0.15	0.24	-0.41	-0.15	-0.58	0.64	0.76	5.34	-12.5	-1.5	145	120
0.00467216494845361	-0.00391752577319588	12.51	1.18	0.43	-0.15	0.23	-0.35	-0.12	-0.53	0.74	0.9	4.74	-11.5	-2	80	89
0.00432164948453608	-0.00391752577319588	11.55	1.07	0.43	-0.14	0.22	-0.27	-0.08	-0.47	0.62	0.92	4.52	-11	-1.5	20	48
0.00395876288659794	-0.00329896907216495	10.68	1.08	0.43	-0.15	0.21	-0.23	-0.06	-0.43	0.62	0.92	3.42	-9.5	-1.5	8	26
0.00367835051546392	-0.00309278350515464	9.9	0.98	0.32	-0.15	0.2	-0.23	-0.05	-0.41	0.68	0.94	3	-9	-1.5	5	18
0.00327422680412371	-0.00288659793814433	8.92	0.98	0.32	-0.14	0.18	-0.2	-0.05	-0.39	0.74	0.96	2.42	-8	-1	3	12
0.00307628865979381	-0.00247422680412371	8.34	0.88	0.33	-0.14	0.15	-0.19	-0.04	-0.36	0.74	0.96	2.02	-7	-1	0	10
0.00265567010309278	-0.00247422680412371	7.31	0.87	0.33	-0.15	0.13	-0.18	-0.05	-0.34	0.74	0.98	1.48	-7	-1	0	5
0.00241237113402062	-0.0022680412371134	6.7	0.85	0.33	-0.13	0.12	-0.17	-0.05	-0.32	0.72	0.96	1.28	-6.5	-1	0	3
0.00244536082474227	-0.00206185567010309	6.69	0.76	0.33	-0.15	0.11	-0.17	-0.04	-0.32	0.72	0.96	1.36	-7	-2	3	5
0.00272577319587629	-0.00247422680412371	7.38	0.77	0.33	-0.14	0.11	-0.17	-0.03	-0.32	0.74	0.98	1.9	-7.5	-1.5	3	16
0.00305154639175258	-0.00288659793814433	8.25	0.85	0.33	-0.15	0.12	-0.16	-0.02	-0.34	0.72	0.96	2.3	-8.5	-1.5	8	24
0.00327835051546392	-0.00268041237113402	8.83	0.88	0.33	-0.15	0.13	-0.17	-0.01	-0.35	0.74	0.98	2.78	-8.5	-2	23	34
0.00359587628865979	-0.00309278350515464	9.6	0.88	0.32	-0.14	0.15	-0.17	0	-0.38	0.66	0.96	2.98	-10	-2.5	58	50
0.00391340206185567	-0.00350515463917526	10.47	0.98	0.33	-0.14	0.15	-0.2	-0.02	-0.41	0.58	0.9	2.98	-11	-2.5	150	86
0.00427628865979381	-0.00412371134020619	11.35	0.98	0.33	-0.15	0.17	-0.22	-0.07	-0.45	0.38	0.72	3.3	-12	-2	213	135
0.00459381443298969	-0.00391752577319588	12.22	1.08	0.32	-0.15	0.19	-0.25	-0.1	-0.49	0.18	0.5	4.26	-12	-2.5	278	174
0.00495670103092783	-0.0045360824742268	13.1	1.08	0.33	-0.14	0.2	-0.29	-0.12	-0.52	0.02	0.26	5.14	-13.5	-2.5	345	215
0.0052659793814433	-0.00474226804123711	13.96	1.19	0.33	-0.14	0.22	-0.32	-0.14	-0.54	-0.12	0.04	5.88	-14	-2.5	418	257
0.00562474226804124	-0.00494845360824742	14.83	1.19	0.37	-0.15	0.24	-0.37	-0.16	-0.58	-0.24	-0.18	6.82	-15	-3	488	301
0.00602474226804124	-0.00536082474226804	15.8	1.19	0.42	-0.15	0.26	-0.43	-0.18	-0.62	-0.34	-0.36	7.56	-15.5	-2.5	573	351
0.00635051546391753	-0.00556701030927835	16.67	1.27	0.42	-0.14	0.28	-0.48	-0.19	-0.66	-0.42	-0.54	8.08	-16	-2.5	653	403
0.00670515463917526	-0.00597938144329897	17.55	1.29	0.42	-0.16	0.29	-0.54	-0.22	-0.71	-0.5	-0.68	8.44	-17	-2.5	725	451
0.00705979381443299	-0.00618556701030928	18.41	1.29	0.43	-0.14	0.3	-0.59	-0.24	-0.77	-0.58	-0.84	8.8	-17.5	-2.5	795	492
0.00741855670103093	-0.00618556701030928	19.28	1.29	0.42	-0.15	0.3	-0.62	-0.23	-0.86	-0.68	-0.94	9.18	-17.5	-2.5	858	531
0.0077360824742268	-0.00597938144329897	20.15	1.39	0.42	-0.14	0.3	-0.65	-0.24	-0.94	-0.74	-1.02	9.34	-17.5	-3	905	571
0.00801237113402062	-0.00597938144329897	20.83	1.4	0.53	-0.14	0.29	-0.66	-0.24	-1.01	-0.8	-1.1	9.46	-17.5	-3	933	594
0.00828453608247423	-0.00639175257731959	21.49	1.4	0.52	-0.15	0.31	-0.68	-0.25	-1.07	-0.84	-1.12	9.56	-18.5	-3	983	617
0.00856494845360825	-0.00639175257731959	22.27	1.5	0.52	-0.15	0.3	-0.69	-0.25	-1.12	-0.86	-1.14	9.68	-19	-3.5	1015	639
0.00884536082474227	-0.00618556701030928	22.95	1.5	0.63	-0.14	0.3	-0.71	-0.25	-1.21	-0.84	-1.14	9.74	-18.5	-3.5	1040	655
0.00915876288659794	-0.0065979381443299	23.72	1.51	0.64	-0.16	0.31	-0.73	-0.25	-1.26	-0.86	-1.14	9.82	-19.5	-3.5	1068	673
0.00939381443298969	-0.00680412371134021	24.39	1.61	0.73	-0.15	0.31	-0.74	-0.26	-1.33	-0.84	-1.14	9.88	-19.5	-3	1088	688
0.00975257731958763	-0.00721649484536083	25.27	1.62	0.84	-0.15	0.3	-0.76	-0.24	-1.41	-0.84	-1.14	9.94	-20.5	-3	1113	700
0.00999175257731959	-0.00680412371134021	25.94	1.71	0.94	-0.14	0.29	-0.76	-0.25	-1.47	-0.86	-1.14	10.04	-20	-3.5	1128	716
0.0102639175257732	-0.00701030927835052	26.71	1.82	0.95	-0.15	0.3	-0.78	-0.24	-1.53	-0.84	-1.14	10.16	-20.5	-3.5	1153	731
0.0105278350515464	-0.00701030927835052	27.4	1.87	1.06	-0.14	0.3	-0.79	-0.24	-1.58	-0.84	-1.12	10.26	-21.5	-4.5	1173	744
0.0108164948453608	-0.00701030927835052	28.17	1.94	1.15	-0.15	0.3	-0.8	-0.25	-1.65	-0.8	-1.12	10.34	-21	-4	1198	759
0.0110969072164948	-0.00680412371134021	28.93	2.02	1.26	-0.15	0.32	-0.81	-0.24	-1.66	-0.74	-1.08	10.46	-21	-4.5	1218	777
0.0114020618556701	-0.00742268041237113	29.7	2.05	1.37	-0.15	0.32	-0.83	-0.25	-1.68	-0.7	-1	10.72	-22	-4	1240	792
0.0116865979381443	-0.00762886597938144	30.47	2.13	1.47	-0.15	0.35	-0.85	-0.25	-1.73	-0.64	-0.94	10.82	-22.5	-4	1263	810
0.0120453608247423	-0.00783505154639175	31.34	2.13	1.57	-0.15	0.36	-0.88	-0.26	-1.74	-0.58	-0.88	10.94	-23.5	-4.5	1285	824
0.0124	-0.00783505154639175	32.2	2.13	1.68	-0.18	0.37	-0.9	-0.26	-1.75	-0.5	-0.8	11.02	-24	-5	1308	840
0.0127257731958763	-0.00845360824742268	33.1	2.24	1.78	-0.26	0.38	-0.91	-0.26	-1.77	-0.44	-0.72	11.18	-25	-4.5	1335	865
0.0130309278350515	-0.00845360824742268	33.84	2.24	1.88	-0.24	0.39	-0.94	-0.26	-1.81	-0.38	-0.66	11.32	-25	-4.5	1355	883
0.0132948453608247	-0.0088659793814433	34.59	2.35	1.99	-0.25	0.4	-0.95	-0.25	-1.82	-0.3	-0.58	11.44	-26	-4.5	1375	902
0.0136577319587629	-0.00907216494845361	35.47	2.35	2.1	-0.25	0.42	-0.97	-0.27	-1.84	-0.22	-0.5	11.66	-26.5	-4.5	1400	919
0.0140453608247423	-0.00927835051546392	36.51	2.45	2.2	-0.24	0.43	-0.99	-0.27	-1.85	-0.14	-0.42	11.86	-27.5	-5	1425	938
0.0142886597938144	-0.00927835051546392	37.21	2.56	2.3	-0.26	0.45	-1	-0.28	-1.86	-0.08	-0.34	12.02	-27.5	-5	1443	954
0.0146061855670103	-0.00948453608247423	37.98	2.56	2.41	-0.25	0.46	-1.01	-0.28	-1.91	-0.02	-0.28	12.14	-28	-5	1465	971
0.0148742268041237	-0.00989690721649484	38.74	2.67	2.52	-0.25	0.48	-1.03	-0.28	-1.92	0.06	-0.18	12.3	-29	-5	1483	990
0.0151958762886598	-0.00989690721649484	39.51	2.66	2.63	-0.24	0.48	-1.03	-0.27	-1.94	0.14	-0.1	12.42	-29.5	-5.5	1503	1008
0.0154721649484536	-0.0101030927835052	40.29	2.77	2.73	-0.25	0.48	-1.05	-0.27	-1.94	0.24	0	12.56	-30	-5.5	1523	1024
0.0158226804123711	-0.00989690721649484	41.13	2.76	2.93	-0.25	0.51	-1.07	-0.27	-1.95	0.3	0.06	12.66	-30.5	-6.5	1540	1038
0.0160907216494845	-0.00989690721649484	41.81	2.79	3.05	-0.25	0.51	-1.07	-0.27	-2	0.36	0.12	12.74	-30.5	-6.5	1558	1056
0.0163505154639175	-0.0103092783505155	42.52	2.87	3.15	-0.25	0.53	-1.1	-0.28	-2.02	0.42	0.2	12.84	-31	-6	1575	1069
0.0166515463917526	-0.0103092783505155	43.26	2.88	3.26	-0.24	0.54	-1.09	-0.28	-2.03	0.48	0.3	12.92	-31	-6	1590	1080
0.016919587628866	-0.0107216494845361	44.01	2.98	3.45	-0.25	0.53	-1.11	-0.28	-2.04	0.56	0.36	13.02	-32	-6	1610	1095
0.0172412371134021	-0.0107216494845361	44.79	2.98	3.56	-0.25	0.55	-1.12	-0.29	-2.06	0.62	0.44	13.1	-32.5	-6.5	1625	1110
0.0175175257731959	-0.0107216494845361	45.55	3.07	3.77	-0.25	0.56	-1.13	-0.28	-2.1	0.7	0.54	13.18	-33	-7	1643	1128
0.0178309278350515	-0.0111340206185567	46.33	3.09	3.9	-0.26	0.56	-1.13	-0.28	-2.11	0.76	0.62	13.3	-33.5	-6.5	1653	1141
0.0180989690721649	-0.0109278350515464	47.09	3.2	4.09	-0.25	0.58	-1.15	-0.28	-2.12	0.82	0.7	13.36	-34	-7.5	1670	1149
0.0184288659793814	-0.0115463917525773	47.88	3.19	4.3	-0.25	0.57	-1.15	-0.29	-2.12	0.88	0.82	13.46	-35.5	-7.5	1685	1165
0.0187010309278351	-0.011340206185567	48.64	3.29	4.41	-0.25	0.58	-1.15	-0.3	-2.14	0.94	0.9	13.52	-34	-6.5	1698	1177
0.0189690721649485	-0.0117525773195876	49.3	3.3	4.6	-0.25	0.59	-1.16	-0.29	-2.15	1	1	13.62	-35	-6.5	1713	1191
0.0192865979381443	-0.0121649484536082	50.07	3.3	4.71	-0.25	0.59	-1.17	-0.29	-2.19	1.04	1.08	13.7	-36	-6.5	1728	1208
0.0195257731958763	-0.0119587628865979	50.75	3.4	4.82	-0.25	0.6	-1.18	-0.3	-2.2	1.12	1.16	13.76	-36	-7	1743	1221
0.0198474226804124	-0.0121649484536082	51.53	3.4	4.95	-0.25	0.6	-1.18	-0.3	-2.21	1.16	1.28	13.82	-37	-7.5	1758	1233
0.020160824742268	-0.0119587628865979	52.3	3.41	5.13	-0.25	0.6	-1.19	-0.3	-2.23	1.22	1.38	13.92	-37	-8	1775	1246
0.0204288659793814	-0.0127835051546392	53.06	3.52	5.25	-0.25	0.6	-1.2	-0.31	-2.24	1.3	1.5	14.04	-38	-7	1788	1260
0.0207505154639175	-0.0127835051546392	53.83	3.51	5.35	-0.25	0.6	-1.21	-0.32	-2.26	1.36	1.6	14.12	-38	-7	1803	1279
0.0210721649484536	-0.0127835051546392	54.61	3.51	5.46	-0.25	0.61	-1.21	-0.31	-2.3	1.42	1.72	14.18	-38	-7	1815	1291
0.0213567010309278	-0.0129896907216495	55.28	3.49	5.57	-0.24	0.62	-1.23	-0.33	-2.32	1.46	1.84	14.3	-38.5	-7	1828	1301
0.0216618556701031	-0.0129896907216495	56.14	3.61	5.78	-0.24	0.62	-1.23	-0.33	-2.33	1.52	1.96	14.4	-39	-7.5	1840	1319
0.0219711340206186	-0.0127835051546392	56.9	3.62	5.99	-0.25	0.62	-1.23	-0.33	-2.34	1.6	2.1	14.5	-39	-8	1853	1333
0.0222515463917526	-0.0129896907216495	57.57	3.61	6.09	-0.25	0.62	-1.24	-0.33	-2.35	1.64	2.2	14.56	-39.5	-8	1865	1345
0.0225278350515464	-0.0131958762886598	58.35	3.72	6.29	-0.26	0.63	-1.24	-0.34	-2.36	1.68	2.3	14.62	-40	-8	1873	1361
0.0228041237113402	-0.0136082474226804	59.02	3.72	6.4	-0.25	0.62	-1.24	-0.34	-2.41	1.72	2.42	14.7	-40.5	-7.5	1885	1377
0.0230721649484536	-0.0136082474226804	59.68	3.73	6.51	-0.25	0.63	-1.24	-0.34	-2.42	1.78	2.52	14.78	-41	-8	1898	1393
0.0233649484536082	-0.0136082474226804	60.38	3.72	6.6	-0.26	0.62	-1.24	-0.34	-2.44	1.8	2.66	14.86	-40.5	-7.5	1913	1402
0.0235917525773196	-0.0138144329896907	61.04	3.83	6.71	-0.24	0.62	-1.25	-0.35	-2.44	1.86	2.78	14.92	-41.5	-8	1920	1417
0.0238721649484536	-0.0138144329896907	61.71	3.82	6.82	-0.24	0.62	-1.26	-0.36	-2.46	1.9	2.9	15	-41.5	-8	1933	1429
0.0241525773195876	-0.0138144329896907	62.39	3.82	6.93	-0.25	0.62	-1.25	-0.36	-2.47	1.96	3.02	15.06	-42	-8.5	1943	1440
0.0243835051546392	-0.014020618556701	62.97	3.84	7.02	-0.25	0.62	-1.25	-0.36	-2.52	1.98	3.2	15.3	-42	-8	1943	1461
0.0245938144329897	-0.014020618556701	63.46	3.82	7.14	-0.26	0.65	-1.27	-0.41	-2.53	2.04	3.26	15.34	-42.5	-8.5	1958	1459
0.024820618556701	-0.014020618556701	64.02	3.83	7.13	-0.25	0.66	-1.27	-0.41	-2.54	2.08	3.38	15.36	-42.5	-8.5	1973	1481
0.025080412371134	-0.014020618556701	64.7	3.88	7.24	-0.25	0.68	-1.28	-0.42	-2.54	2.14	3.52	15.42	-43	-9	1985	1498
0.0253360824742268	-0.0142268041237113	65.38	3.94	7.35	-0.26	0.68	-1.28	-0.43	-2.55	2.2	3.66	15.46	-43.5	-9	2000	1512
0.0255752577319588	-0.0142268041237113	65.95	3.93	7.45	-0.26	0.67	-1.29	-0.43	-2.56	2.28	3.82	15.52	-43.5	-9	2010	1527
0.0258927835051546	-0.0142268041237113	66.72	3.93	7.54	-0.25	0.69	-1.29	-0.45	-2.57	2.36	3.98	15.58	-43.5	-9	2020	1549
0.0261731958762887	-0.0148453608247423	67.4	3.93	7.55	-0.25	0.69	-1.29	-0.45	-2.57	2.4	4.18	15.62	-44.5	-8.5	2025	1553
0.0264494845360825	-0.0150515463917526	68.07	3.93	7.66	-0.25	0.71	-1.3	-0.45	-2.57	2.46	4.36	15.68	-45	-8.5	2035	1568
0.0266762886597938	-0.0150515463917526	68.73	4.04	7.77	-0.24	0.7	-1.3	-0.46	-2.56	2.52	4.56	15.76	-45.5	-9	2040	1580
0.0269649484536082	-0.0150515463917526	69.41	4.02	7.87	-0.24	0.71	-1.32	-0.47	-2.57	2.58	4.72	15.82	-46	-9.5	2048	1599
0.0272041237113402	-0.0150515463917526	70	4.03	7.96	-0.23	0.72	-1.31	-0.48	-2.6	2.82	4.92	15.84	-46	-9.5	2058	1608
0.027480412371134	-0.0150515463917526	70.66	4.02	8.08	-0.25	0.72	-1.31	-0.49	-2.6	2.88	5.06	15.92	-46.5	-10	2063	1625
0.0277360824742268	-0.0154639175257732	71.3	4.04	8.18	-0.25	0.74	-1.33	-0.49	-2.59	2.98	5.26	15.98	-47.5	-10	2070	1633
0.0279505154639175	-0.0156701030927835	71.91	4.13	8.29	-0.24	0.74	-1.32	-0.49	-2.59	3.1	5.46	16.04	-48	-10	2075	1646
0.0282721649484536	-0.0158762886597938	72.69	4.13	8.39	-0.24	0.76	-1.33	-0.51	-2.6	3.2	5.68	16.12	-48	-9.5	2080	1662
0.0285113402061856	-0.0164948453608247	73.28	4.14	8.6	-0.25	0.77	-1.33	-0.51	-2.59	3.28	5.92	16.16	-49.5	-9.5	2080	1664
0.0287463917525773	-0.0162886597938144	73.95	4.24	8.7	-0.24	0.77	-1.33	-0.52	-2.59	3.36	6.2	16.22	-49.5	-10	2075	1669
0.0290144329896907	-0.0164948453608247	74.61	4.25	8.81	-0.26	0.77	-1.35	-0.52	-2.59	3.4	6.52	16.24	-50	-10	2058	1677
0.0293360824742268	-0.0167010309278351	75.38	4.24	8.92	-0.25	0.78	-1.32	-0.51	-2.6	3.42	6.94	16.26	-50.5	-10	2038	1673
0.0295711340206186	-0.0169072164948454	76.06	4.35	9.02	-0.24	0.79	-1.32	-0.52	-2.59	3.44	7.36	16.26	-51	-10	2023	1660
0.0298474226804124	-0.0171134020618557	76.74	4.36	9.02	-0.26	0.78	-1.3	-0.51	-2.59	3.46	7.76	16.28	-51.5	-10	2005	1650
0.030119587628866	-0.0177319587628866	77.42	4.38	9.13	-0.25	0.79	-1.29	-0.51	-2.59	3.48	8.2	16.26	-52.5	-9.5	1943	1643
0.0306432989690722	-0.0220618556701031	80.11	5.8	9.22	-0.46	0.66	-0.92	-0.35	-1.81	4.32	16.86	41.18	-64.5	-11	850	539
0.0308371134020619	-0.0212371134020619	80.61	5.83	9.23	-0.46	0.69	-0.91	-0.34	-1.83	4.1	16.98	41.18	-63.5	-12	883	627
0.0311051546391753	-0.0210309278350515	81.26	5.83	9.23	-0.45	0.7	-0.9	-0.32	-1.88	4.06	17.06	41.16	-63	-12	908	659
0.0313731958762887	-0.0210309278350515	81.91	5.83	9.23	-0.44	0.7	-0.89	-0.31	-1.92	3.98	17.24	41.14	-63.5	-12.5	930	675
0.0316742268041237	-0.0218556701030928	82.64	5.83	9.22	-0.46	0.7	-0.87	-0.31	-1.92	4	17.7	41.18	-65	-12	845	685
0.031880412371134	-0.0265979381443299	83.58	6.27	9.02	-0.45	1.15	-0.54	-0.2	-0.36	6.3	29.34	41.16	-78.5	-14	153	467
0.0327257731958763	-0.0272164948453608	85.72	6.36	9.02	-0.45	1.19	-0.53	-0.19	-0.34	6.24	29.9	41.18	-80	-14	150	225
0.033080412371134	-0.0274226804123711	86.6	6.38	8.91	-0.45	1.23	-0.51	-0.2	-0.31	6.28	30.78	41.18	-80.5	-14	140	217
0.0334061855670103	-0.0274226804123711	87.47	6.46	8.91	-0.46	1.27	-0.48	-0.18	-0.28	6.3	31.48	41.18	-81	-14.5	130	216
0.0337319587628866	-0.0278350515463918	88.33	6.53	8.91	-0.46	1.32	-0.47	-0.16	-0.25	6.3	32.12	41.18	-82.5	-15	130	213
0.034119587628866	-0.0282474226804124	89.29	6.55	8.92	-0.45	1.37	-0.45	-0.15	-0.22	6.3	32.74	41.16	-83	-14.5	125	216
0.0345814432989691	-0.028659793814433	90.46	6.6	8.91	-0.46	1.42	-0.43	-0.13	-0.17	6.3	33.6	41.16	-84.5	-15	118	217
0.0351134020618557	-0.0290721649484536	91.82	6.67	8.92	-0.45	1.47	-0.4	-0.11	-0.13	6.28	34.64	41.18	-86	-15.5	0	209
0.0355051546391753	-0.0292783505154639	92.88	6.78	8.81	-0.45	1.51	-0.31	-0.05	0	5.76	64.2	41.18	-86.5	-15.5	0	153
0.0358680412371134	-0.0296907216494845	93.86	6.88	8.81	-0.45	1.54	-0.3	-0.04	0.04	5.76	64.42	41.18	-87	-15	3	157
0.0362432989690722	-0.0298969072164948	94.77	6.88	8.8	-0.45	1.59	-0.28	-0.03	0.06	5.76	64.68	41.18	-88	-15.5	3	157
0.0365979381443299	-0.0301030927835052	95.69	6.94	8.8	-0.45	1.62	-0.27	-0.02	0.09	5.74	65.1	41.14	-89	-16	3	158
0.036940206185567	-0.0307216494845361	96.56	6.98	8.81	-0.46	1.65	-0.26	-0.02	0.11	5.74	65.6	41.16	-90.5	-16	5	161
0.0373443298969072	-0.0311340206185567	97.54	6.98	8.81	-0.45	1.68	-0.25	-0.01	0.14	5.74	66.18	41.18	-92	-16.5	3	164
0.0376618556701031	-0.0311340206185567	98.42	7.09	8.81	-0.46	1.72	-0.24	-0.01	0.18	5.74	66.72	41.18	-91.5	-16	0	165
0.038098969072165	-0.0315463917525773	99.48	7.09	8.8	-0.45	1.76	-0.22	0	0.21	5.74	67.18	41.18	-92.5	-16	3	167
0.0385814432989691	-0.0321649484536082	100.75	7.19	8.81	-0.46	1.8	-0.22	0.01	0.25	5.74	67.94	41.16	-94	-16	3	171
0.0391381443298969	-0.0325773195876289	102.1	7.19	8.81	-0.45	1.85	-0.21	0.01	0.28	5.76	69.08	41.18	-95.5	-16.5	3	173
0.0394639175257732	-0.0327835051546392	103	7.3	8.81	-0.46	1.88	-0.2	0.01	0.31	5.74	69.58	41.18	-96	-16.5	0	173
0.0398226804123711	-0.0331958762886598	103.86	7.29	8.81	-0.45	1.91	-0.19	0.03	0.34	5.76	70.16	41.2	-97	-16.5	3	176
0.0401731958762887	-0.0334020618556701	104.73	7.31	8.81	-0.45	1.95	-0.18	0.04	0.37	5.74	70.96	41.16	-97.5	-16.5	0	178
0.0405484536082474	-0.0334020618556701	105.73	7.4	8.81	-0.45	1.99	-0.16	0.04	0.4	5.74	71.46	41.16	-98.5	-17.5	0	178
0.0409030927835052	-0.0336082474226804	106.59	7.4	8.81	-0.44	2.03	-0.16	0.05	0.42	5.74	72.14	33.28	-99	-17.5	3	183
0.0412618556701031	-0.034639175257732	107.56	7.5	8.81	-0.47	2.06	-0.15	0.05	0.45	5.74	72.32	16.5	-100.5	-16.5	3	184
0.0416742268041237	-0.034639175257732	108.57	7.51	8.81	-0.45	2.11	-0.14	0.07	0.48	5.74	72.32	38.4	-101.5	-17.5	5	185
0.0420701030927835	-0.034639175257732	109.63	7.61	8.81	-0.46	2.17	-0.14	0.08	0.51	5.74	72.3	41.2	-102	-18	3	189
0.0424618556701031	-0.0350515463917526	110.58	7.61	8.81	-0.46	2.22	-0.12	0.08	0.55	5.74	72.3	41.18	-103	-18	5	190
0.0428412371134021	-0.0356701030927835	111.56	7.67	8.83	-0.45	2.26	-0.12	0.08	0.57	5.76	72.3	41.18	-104	-17.5	8	192
0.0433072164948454	-0.0360824742268041	112.74	7.72	8.8	-0.45	2.31	-0.11	0.09	0.6	5.74	72.26	41.16	-105.5	-18	5	195
0.0436907216494845	-0.0364948453608247	113.71	7.76	8.82	-0.45	2.35	-0.11	0.11	0.63	5.76	72.28	41.18	-106	-17.5	8	198
0.0440371134020619	-0.0364948453608247	114.61	7.82	8.81	-0.45	2.4	-0.09	0.11	0.66	5.78	72.3	41.2	-106.5	-18	13	201
0.0444329896907217	-0.0369072164948454	115.58	7.83	8.8	-0.45	2.45	-0.08	0.1	0.68	5.76	72.28	41.18	-108	-18.5	13	204
0.0447958762886598	-0.037319587628866	116.55	7.92	8.81	-0.46	2.5	-0.09	0.12	0.71	5.76	72.28	41.18	-108.5	-18	13	206
0.0451958762886598	-0.0377319587628866	117.53	7.93	8.81	-0.46	2.56	-0.07	0.12	0.74	5.76	72.28	41.18	-109.5	-18	15	210
0.0455463917525773	-0.0379381443298969	118.41	7.96	8.81	-0.46	2.59	-0.08	0.13	0.76	5.76	72.28	41.18	-110.5	-18.5	13	211
0.0459257731958763	-0.0381443298969072	119.41	8.04	8.81	-0.46	2.64	-0.06	0.14	0.78	5.78	72.28	41.18	-111	-18.5	13	211
0.0462103092783505	-0.0383505154639175	120.09	8.03	8.8	-0.45	2.66	-0.05	0.14	0.81	5.76	72.28	41.2	-111.5	-18.5	13	213
0.0467257731958763	-0.0385567010309278	121.46	8.15	8.81	-0.47	2.73	-0.04	0.15	0.85	5.78	72.3	41.16	-112.5	-19	13	216
0.0471422680412371	-0.0391752577319588	122.45	8.13	8.81	-0.46	2.78	-0.03	0.16	0.87	5.78	72.28	41.18	-114	-19	13	217
0.0475340206185567	-0.0393814432989691	123.52	8.25	8.81	-0.46	2.82	-0.02	0.16	0.9	5.76	72.3	41.16	-114.5	-19	15	219
0.047901030927835	-0.0397938144329897	124.41	8.25	8.81	-0.45	2.86	-0.02	0.17	0.93	5.76	72.32	41.18	-115.5	-19	13	221
0.0484742268041237	-0.0406185567010309	125.9	8.35	8.81	-0.46	2.91	-0.01	0.18	0.97	5.78	72.28	41.16	-117.5	-19	13	222
0.0488824742268041	-0.0410309278350515	126.88	8.34	8.81	-0.45	2.95	0	0.18	1	5.78	72.28	41.18	-118	-18.5	13	224
0.0492371134020619	-0.0410309278350515	127.75	8.35	8.8	-0.45	2.98	0.01	0.19	1.03	5.78	72.26	41.14	-118.5	-19	13	227
0.0496123711340206	-0.0410309278350515	128.75	8.44	8.81	-0.44	3.02	0.01	0.19	1.05	5.78	72.28	41.18	-119.5	-20	5	228
0.0499670103092784	-0.0414432989690722	129.62	8.45	8.8	-0.45	3.06	0.02	0.19	1.08	5.82	72.28	41.18	-120	-19.5	3	225
0.0503381443298969	-0.0418556701030928	130.56	8.49	8.81	-0.44	3.1	0.03	0.19	1.1	5.84	72.28	41.18	-121.5	-20	0	226
0.050701030927835	-0.0418556701030928	131.51	8.56	8.81	-0.45	3.15	0.03	0.2	1.11	5.84	72.26	41.18	-121.5	-20	3	226
0.0511092783505155	-0.0422680412371134	132.5	8.56	8.85	-0.47	3.18	0.04	0.2	1.14	5.82	72.26	41.2	-123	-20.5	0	230
0.051480412371134	-0.042680412371134	133.48	8.64	8.88	-0.45	3.21	0.05	0.21	1.18	5.82	72.26	41.18	-124	-20.5	0	231
0.0518432989690722	-0.0424742268041237	134.37	8.65	8.87	-0.43	3.23	0.04	0.21	1.19	5.84	72.26	41.18	-124	-21	0	231
0.0518350515463918	-0.0428865979381443	134.35	8.65	8.9	-0.43	3.26	0.05	0.21	1.19	5.84	72.3	41.18	-124	-20	5	221
0.0518309278350515	-0.042680412371134	134.35	8.66	8.89	-0.43	3.26	0.06	0.21	1.19	5.84	72.32	41.16	-124	-20.5	5	221
0.0518350515463918	-0.042680412371134	134.36	8.66	8.9	-0.43	3.27	0.03	0.21	1.19	5.84	72.3	41.18	-123.5	-20	8	220
0.0521360824742268	-0.042680412371134	135.22	8.79	8.91	-0.46	3.27	0.06	0.22	1.21	5.88	72.32	41.18	-124.5	-21	15	231
0.0531670103092784	-0.0439175257731959	137.71	8.78	8.91	-0.45	3.34	0.07	0.22	1.25	5.84	72.3	41.18	-127.5	-21	13	241
0.0541237113402062	-0.045360824742268	140.13	8.88	8.91	-0.45	3.4	0.08	0.22	1.33	5.86	72.32	41.18	-130.5	-20.5	13	248
0.0547835051546392	-0.0457731958762887	141.85	9	8.92	-0.45	3.47	0.09	0.23	1.37	5.84	72.32	41.16	-131.5	-20.5	13	254
0.0554268041237113	-0.0461855670103093	143.29	8.88	8.9	-0.45	3.52	0.09	0.22	1.4	5.84	72.3	41.18	-133	-21	13	254
0.0572907216494845	-0.0474226804123711	147.92	8.99	8.91	-0.44	3.71	0.12	0.25	1.51	5.84	72.32	41.16	-137	-22	15	260
0.0590350515463917	-0.048659793814433	152.25	9.09	8.9	-0.46	3.85	0.14	0.28	1.62	5.86	72.32	41.18	-141	-23	13	270
0.0608041237113402	-0.0498969072164948	156.68	9.23	8.91	-0.45	4.06	0.16	0.29	1.72	5.88	72.34	41.18	-144	-23	15	277
0.0621525773195876	-0.051340206185567	160.03	9.31	8.91	-0.45	4.17	0.17	0.3	1.81	5.88	72.3	41.16	-147.5	-23	15	280
0.0652948453608247	-0.0538144329896907	167.96	9.62	8.9	-0.44	4.55	0.21	0.34	2	5.9	72.34	41.16	-154.5	-24	15	290
0.0666515463917526	-0.0542268041237113	171.36	9.73	8.92	-0.46	4.69	0.22	0.36	2.07	5.92	72.32	41.18	-156.5	-25	13	295
0.0684412371134021	-0.0556701030927835	175.8	9.83	8.93	-0.45	4.9	0.24	0.37	2.17	5.94	72.32	41.16	-161	-26	15	301
0.0713979381443299	-0.0577319587628866	183.18	10.04	9.02	-0.46	5.28	0.26	0.41	2.35	5.96	72.3	41.16	-167	-27	13	311
0.0747628865979381	-0.06	191.65	10.35	9.02	-0.45	5.7	0.28	0.47	2.55	6.02	72.32	41.16	-173.5	-28	13	320
0.0769855670103093	-0.0618556701030928	197.25	10.56	9.02	-0.44	5.98	0.3	0.5	2.68	6.04	72.32	41.16	-178.5	-28.5	15	324
0.0776948453608247	-0.0618556701030928	199.06	10.65	9	-0.43	6.05	0.3	0.5	2.72	6.02	72.32	41.16	-179	-29	13	324
0.0777113402061856	-0.0618556701030928	199.16	10.71	9.01	-0.46	6.05	0.28	0.51	2.73	6.02	72.32	41.16	-179	-29	13	307
0.076919587628866	-0.0612371134020619	197.21	10.68	9.01	-0.45	5.95	0.26	0.49	2.7	6.04	72.32	41.16	-177	-28.5	8	286
0.0761855670103093	-0.0604123711340206	195.25	10.5	9.02	-0.46	5.89	0.26	0.47	2.67	6.02	72.32	41.18	-174.5	-28	0	274
0.0749979381443299	-0.0606185567010309	192.33	10.46	9.01	-0.46	5.86	0.23	0.44	2.6	6.18	72.3	41.16	-174	-27	0	261
0.0737567010309278	-0.0591752577319588	189.21	10.35	9.01	-0.45	5.77	0.23	0.41	2.52	6.16	72.32	41.14	-171	-27.5	3	250
0.0727092783505155	-0.0583505154639175	186.57	10.25	9.01	-0.46	5.71	0.22	0.41	2.47	6.18	72.32	41.16	-168.5	-27	-3	240
0.0709030927835052	-0.0569072164948454	182.09	10.15	9.01	-0.46	5.62	0.18	0.37	2.33	6.16	72.32	41.16	-164.5	-26.5	0	230
0.0687587628865979	-0.0552577319587629	176.67	9.93	9.02	-0.46	5.49	0.15	0.35	2.2	6.16	72.34	41.16	-160	-26	0	215
0.0672494845360825	-0.0544329896907216	172.9	9.82	9.01	-0.46	5.32	0.15	0.33	2.09	6.12	72.32	41.16	-157	-25	-3	204
0.065979381443299	-0.0536082474226804	169.62	9.62	9.03	-0.45	5.19	0.14	0.31	2.01	6.08	72.32	41.16	-154.5	-24.5	-3	197
0.0643422680412371	-0.0521649484536083	165.55	9.52	8.91	-0.46	5.04	0.11	0.3	1.89	6.08	72.32	41.18	-150.5	-24	0	186
0.0606927835051546	-0.0492783505154639	156.27	9.09	8.91	-0.46	4.52	0.06	0.27	1.61	5.98	72.32	41.16	-142.5	-23	0	165
0.0589979381443299	-0.0482474226804124	151.95	8.88	8.91	-0.47	4.3	0.03	0.26	1.48	5.96	72.32	41.16	-139.5	-22.5	0	157
0.0556288659793814	-0.045360824742268	143.47	8.57	8.82	-0.44	3.82	-0.01	0.24	1.22	5.9	72.32	41.14	-131.5	-21.5	-3	140
0.0533855670103093	-0.0435051546391753	137.8	8.34	8.81	-0.45	3.5	-0.05	0.22	1.04	5.86	72.32	41.18	-125.5	-20	-3	129
0.0492371134020619	-0.04	127.23	7.83	8.7	-0.45	2.94	-0.11	0.21	0.73	5.8	72.32	41.16	-116.5	-19.5	0	109
0.0467505154639175	-0.0383505154639175	120.89	7.52	8.7	-0.45	2.59	-0.13	0.21	0.56	5.76	72.3	41.16	-111	-18	-3	98
0.0438639175257732	-0.0356701030927835	113.57	7.2	8.69	-0.45	2.27	-0.16	0.2	0.39	5.7	72.32	41.14	-104.5	-18	-3	85
0.0425979381443299	-0.0348453608247423	110.4	7.1	8.59	-0.45	2.17	-0.18	0.2	0.31	5.66	72.34	41.16	-101.5	-17	-3	79
0.0405773195876289	-0.0329896907216495	105.29	6.89	8.6	-0.46	2	-0.21	0.2	0.19	5.64	72.34	41.14	-96.5	-16.5	-5	71
0.0383628865979381	-0.0315463917525773	99.59	6.56	8.6	-0.45	1.89	-0.24	0.2	0.07	5.6	72.3	41.16	-92	-15.5	0	62
0.0368453608247423	-0.0298969072164948	95.71	6.36	8.5	-0.45	1.8	-0.27	0.2	-0.01	5.56	72.32	41.16	-88	-15.5	-3	54
0.0355340206185567	-0.0290721649484536	92.42	6.25	8.48	-0.45	1.7	-0.3	0.19	-0.08	5.52	72.3	41.16	-85.5	-15	-3	49
0.0339340206185567	-0.0276288659793814	88.34	6.05	8.48	-0.45	1.6	-0.32	0.19	-0.16	5.48	72.3	41.14	-81.5	-14.5	0	42
0.0317773195876289	-0.0257731958762887	82.79	5.73	8.39	-0.46	1.48	-0.36	0.18	-0.28	5.44	72.32	41.16	-76	-13.5	-3	30
0.0286061855670103	-0.0230927835051546	74.78	5.41	8.39	-0.45	1.28	-0.4	0.16	-0.46	5.36	72.36	41.16	-68.5	-12.5	-3	21
0.0266556701030928	-0.0216494845360825	69.84	5.2	8.29	-0.44	1.14	-0.43	0.14	-0.56	5.28	72.28	41.14	-64	-11.5	-3	14
0.0254845360824742	-0.0206185567010309	66.91	5.11	8.29	-0.45	1.08	-0.44	0.13	-0.6	5.22	72.32	41.16	-61.5	-11.5	-3	8
0.0231546391752577	-0.0187628865979381	61.03	4.88	8.27	-0.44	0.91	-0.49	0.09	-0.66	5.14	72.34	41.16	-56.5	-11	0	0
