0.00034639175257732	22
0.000701030927835052	45
0.00110927835051546	85
0.00150103092783505	128
0.00194639175257732	166
0.00239587628865979	203
0.00249072164948454	207
0.00285360824742268	249
0.00324123711340206	283
0.00357113402061856	318
0.00392989690721649	348
0.00440824742268041	383
0.00474639175257732	408
0.00504742268041237	428
0.00539381443298969	458
0.00576082474226804	485
0.00616082474226804	509
0.00647835051546392	530
0.00682886597938144	550
0.00714639175257732	570
0.00748041237113402	588
0.0079340206185567	597
0.00828453608247423	617
0.00856494845360825	639
0.00884536082474227	655
0.00915876288659794	673
0.00939381443298969	688
0.00975257731958763	700
0.00999175257731959	716
0.0102639175257732	731
0.0105278350515464	744
0.0108164948453608	759
0.0110969072164948	777
0.0114020618556701	792
0.0116865979381443	810
0.0120453608247423	824
0.0124	840
0.0127257731958763	865
0.0130309278350515	883
0.0132948453608247	902
0.0136577319587629	919
0.0140453608247423	938
0.0142886597938144	954
0.0146061855670103	971
0.0148742268041237	990
0.0151958762886598	1008
0.0154721649484536	1024
0.0158226804123711	1038
0.0160907216494845	1056
0.0163505154639175	1069
0.0166515463917526	1080
0.016919587628866	1095
0.0172412371134021	1110
0.0175175257731959	1128
0.0178309278350515	1141
0.0180989690721649	1149
0.0184288659793814	1165
0.0187010309278351	1177
0.0189690721649485	1191
0.0192865979381443	1208
0.0195257731958763	1221
0.0198474226804124	1233
0.020160824742268	1246
0.0204288659793814	1260
0.0207505154639175	1279
0.0210721649484536	1291
0.0213567010309278	1301
0.0216618556701031	1319
0.0219711340206186	1333
0.0222515463917526	1345
0.0225278350515464	1361
0.0228041237113402	1377
0.0230721649484536	1393
0.0233649484536082	1402
0.0235917525773196	1417
0.0238721649484536	1429
0.0241525773195876	1440
0.0243835051546392	1461
0.024820618556701	1481
0.025080412371134	1498
0.0253360824742268	1512
0.0255752577319588	1527
0.0258927835051546	1549
0.0261731958762887	1553
0.0264494845360825	1568
0.0266762886597938	1580
0.0269649484536082	1599
0.0272041237113402	1608
0.027480412371134	1625
0.0277360824742268	1633
0.0279505154639175	1646
0.0282721649484536	1662
0.0285113402061856	1664
0.0287463917525773	1669
0.0290144329896907	1677
