##GAMMA	P/M	P(íÜìhÇËï«)	P(íÜìhÇËï«)	GAMMA	P/M	P(çrï«)	P(çrï«)
1.0989E-05	-2.747252747	-0.049587912	-0.045785714	-2.5641E-05	-8.241758242	-0.148763736	-0.137357143
0.000201465	57.69230769	1.041346154	0.9615	0.000139194	16.48351648	0.297527473	0.274714286
0.000479853	93.40659341	1.685989011	1.556714286	0.000344322	32.96703297	0.595054945	0.549428571
0.000809524	120.8791209	2.181868132	2.014571429	0.000542125	49.45054945	0.892582418	0.824142857
0.000893773	131.8681319	2.38021978	2.197714286	0.000952381	68.68131868	1.239697802	1.144642857
0.001010989	140.1098901	2.528983516	2.335071429	0.001168498	76.92307692	1.388461538	1.282
0.001322344	164.8351648	2.975274725	2.747142857	0.001369963	85.16483516	1.537225275	1.419357143
0.00159707	181.3186813	3.272802198	3.021857143	0.001630037	93.40659341	1.685989011	1.556714286
0.001787546	195.6043956	3.530659341	3.259942857	0.001849817	98.9010989	1.785164835	1.648285714
0.002080586	206.5934066	3.729010989	3.443085714	0.002245421	109.8901099	1.983516484	1.831428571
0.002347985	225.8241758	4.076126374	3.763585714	0.002512821	118.1318681	2.13228022	1.968785714
0.00259707	242.3076923	4.373653846	4.0383	0.002805861	126.3736264	2.281043956	2.106142857
0.002857143	256.043956	4.621593407	4.267228571	0.003040293	131.8681319	2.38021978	2.197714286
0.00310989	264.2857143	4.770357143	4.404585714	0.003318681	137.3626374	2.479395604	2.289285714
0.003754579	275.2747253	4.968708791	4.587728571	0.00359707	142.8571429	2.578571429	2.380857143
0.004424908	289.010989	5.216648352	4.816657143	0.003846154	148.3516484	2.677747253	2.472428571
0.005172161	338.4615385	6.109230769	5.6408	0.004820513	162.0879121	2.925686813	2.701357143
0.005692308	371.4285714	6.704285714	6.190228571	0.005358974	173.0769231	3.124038462	2.8845
0.006186813	404.3956044	7.299340659	6.739657143	0.005893773	181.3186813	3.272802198	3.021857143
0.006688645	431.8681319	7.79521978	7.197514286	0.006432234	190.1098901	3.431483516	3.168371429
0.007205128	459.3406593	8.291098901	7.655371429	0.006967033	201.0989011	3.629835165	3.351514286
0.00770696	484.0659341	8.73739011	8.067442857	0.007490843	206.5934066	3.729010989	3.443085714
0.008201465	506.043956	9.134093407	8.433728571	0.008032967	214.8351648	3.877774725	3.580442857
0.009091575	517.032967	9.332445055	8.616871429	0.009476191	217.5824176	3.927362637	3.626228571
0.010131868	575.2747253	10.38370879	9.587528571	0.010630037	234.0659341	4.22489011	3.900942857
0.011186813	619.2307692	11.17711538	10.3201	0.011758242	247.8021978	4.47282967	4.129871429
0.012223443	657.6923077	11.87134615	10.9611	0.012868131	258.7912088	4.671181319	4.313014286
0.013271062	685.1648352	12.36722527	11.41895714	0.013985349	269.7802198	4.869532967	4.496157143
0.014322344	709.8901099	12.81351648	11.83102857	0.015091574	280.7692308	5.067884615	4.6793
0.015377289	731.8681319	13.21021978	12.19731429	0.016241759	289.010989	5.216648352	4.816657143
0.016490843	751.0989011	13.55733516	12.51781429	0.021575091	300	5.415	4.9998
0.018600733	610.989011	11.02835165	10.18274286	0.023794872	316.4835165	5.712527473	5.274514286
0.020663004	649.4505495	11.72258242	10.82374286	0.026062272	332.967033	6.010054945	5.549228571
0.022787545	665.9340659	12.02010989	11.09845714	0.028315017	343.956044	6.208406593	5.732371429
0.02492674	668.6813187	12.0696978	11.14424286	0.03053846	354.9450549	6.406758242	5.915514286
0.027047619	674.1758242	12.16887363	11.23581429	0.032772895	363.1868132	6.555521978	6.052871429
0.02921978	674.1758242	12.16887363	11.23581429	0.049150181	374.1758242	6.753873626	6.236014286
0.03134066	676.9230769	12.21846154	11.2816	0.053630036	387.9120879	7.001813187	6.464942857
0.033391941	665.9340659	12.02010989	11.09845714	0.058150184	396.1538462	7.150576923	6.6023
0.033926739	396.1538462	7.150576923	6.6023	0.062703294	398.9010989	7.200164835	6.648085714
0.038186815	473.0769231	8.539038462	7.8843	0.067014651	390.6593407	7.051401099	6.510728571
0.042663003	519.7802198	9.382032967	8.662657143	0.068029305	256.043956	4.621593407	4.267228571
0.046948719	553.2967033	9.987005495	9.221242857	0.07364469	286.2637363	5.16706044	4.770871429
0.051219782	575.2747253	10.38370879	9.587528571	0.079322346	308.2417582	5.563763736	5.137157143
0.055527471	591.7582418	10.68123626	9.862242857	0.084849817	319.2307692	5.762115385	5.3203
0.059787548	602.7472527	10.87958791	10.04538571	0.090377288	335.7142857	6.059642857	5.595014286
0.064047617	605.4945055	10.92917582	10.09117143	0.096043956	343.956044	6.208406593	5.732371429
0.067124543	567.032967	10.23494505	9.450171429	0.100717952	335.7142857	6.059642857	5.595014286
0.071842489	376.9230769	6.803461538	6.2818	0.100761906	275.2747253	4.968708791	4.587728571
0.077183149	415.3846154	7.497692308	6.9228			
0.082487178	434.6153846	7.844807692	7.2433			
0.0878022	442.8571429	7.993571429	7.380657143			
0.093054944	451.0989011	8.142335165	7.518014286			
0.098659343	448.3516484	8.092747253	7.472228571			
0.100824172	418.1318681	7.54728022	6.968585714			
0.100893771	310.989011	5.613351648	5.182942857			
