3.71134020618557e-05	1	-2.06185567010309e-05	-3
9.89690721649484e-05	19	0	38
0.00114639175257732	47	0.000123711340206186	55
0.0021979381443299	65	0.000206185567010309	95
0.00282886597938144	92	0.000288659793814433	133
0.00370309278350515	113	0.000329896907216495	133
0.00661030927835052	135	0.000618556701030928	185
0.00790103092783505	164	0.000680412371134021	225
0.00969072164948454	225	0.000865979381443299	325
0.0103546391752577	268	0.000948453608247423	398
0.0107835051546392	298	0.00101030927835052	448
0.0110886597938144	318	0.00105154639175258	480
0.0116041237113402	353	0.00107216494845361	540
0.0118515463917526	370	0.00109278350515464	565
0.0124536082474227	411	0.0011340206185567	625
0.0133237113402062	464	0.00115463917525773	708
0.0140742268041237	505	0.00123711340206186	775
0.0145731958762887	525	0.00129896907216495	825
0.0152412371134021	559	0.00136082474226804	878
0.0160164948453608	605	0.00142268041237113	938
0.0168783505154639	651	0.00150515463917526	1013
0.0180494845360825	704	0.00156701030927835	1100
0.0185237113402062	725	0.00160824742268041	1135
0.0191257731958763	753	0.00169072164948454	1178
0.0197773195876289	782	0.0017319587628866	1223
0.0204371134020619	811	0.00179381443298969	1270
0.0213030927835052	843	0.00185567010309278	1328
0.0218927835051546	873	0.00191752577319588	1373
0.0224123711340206	897	0.00195876288659794	1410
0.0229113402061856	918	0.00202061855670103	1453
0.0234268041237113	943	0.00206185567010309	1490
0.0240536082474227	971	0.00210309278350515	1535
0.024560824742268	991	0.00216494845360825	1568
0.0250350515463918	1011	0.00218556701030928	1595
0.0256082474226804	1031	0.00220618556701031	1630
0.0261072164948454	1045	0.0022680412371134	1658
0.0265773195876289	1060	0.00235051546391753	1680
0.0271010309278351	1073	0.00239175257731959	1708
0.0275587628865979	1087	0.00243298969072165	1728
0.0280783505154639	1099	0.00245360824742268	1743
0.0285113402061856	1110	0.00251546391752577	1760
0.0291463917525773	1125	0.0025360824742268	1780
0.029620618556701	1137	0.00257731958762887	1793
