-0.00624576704378389	1
-0.0061839113736808	19
-0.00513648869326843	47
-0.00408494230151584	65
-0.00345401446646431	92
-0.0025797876623406	113
0.000327428832504775	135
0.0016181504819893	164
0.0034078412036388	225
0.00407175872941195	268
0.00450062470879345	298
0.00480577934796866	318
0.00532124326549445	353
0.00556866594590685	370
0.00617072780157695	411
0.00704083089436046	464
0.00779134635827796	505
0.00829031543044296	525
0.00895835666755635	559
0.00973361439951506	605
0.0105954700696182	651
0.0117666040902368	704
0.0122408308943605	725
0.0128428927500306	753
0.0134944391417832	782
0.0141542329562162	811
0.0150202123376595	843
0.0156099030593089	873
0.0161294906881749	897
0.0166284597603399	918
0.0171439236778656	943
0.017770727801577	971
0.0182779442964223	991
0.0187521711005461	1011
0.0193253669768347	1031
0.0198243360489997	1045
0.0202944391417832	1060
0.0208181504819894	1073
0.0212758824407522	1087
0.0217954700696182	1099
0.0222284597603399	1110
0.0228635113067316	1125
0.0233377381108553	1137
