## NFILE T1 T2 CB1 CB2 P1 P2 RWALL1 RWALL2 XMAX1 XMAX2 GMAX1 GMAX2 YMAX1 YMAX2 CEMAX1 CEMAX2
 1    0.10807E+01    0.50905E+00    0.50000E-01    0.64902E-01    0.14185E+01    0.71166E+00    0.77833E+01    0.39049E+01    0.15731E+03    0.20011E+03    0.57205E+00    0.80042E+00    0.19690E+03    0.38172E+03    0.72589E+02    0.12261E+02
 2    0.76897E+00    0.36384E+00    0.10000E+00    0.12546E+00    0.28370E+01    0.13757E+01    0.15567E+02    0.75483E+01    0.25928E+02    0.20011E+03    0.94283E-01    0.80042E+00    0.77073E+02    0.26463E+03    0.17118E+03    0.44560E+02
 3    0.63058E+00    0.29919E+00    0.15000E+00    0.18394E+00    0.42555E+01    0.20170E+01    0.23350E+02    0.11067E+02    0.12821E+02    0.20004E+03    0.46622E-01    0.80014E+00    0.81291E+02    0.22067E+03    0.25420E+03    0.87048E+02
 4    0.54793E+00    0.26049E+00    0.20000E+00    0.24103E+00    0.56740E+01    0.26429E+01    0.31133E+02    0.14502E+02    0.10741E+02    0.12258E+02    0.39057E-01    0.49031E-01    0.77642E+02    0.52268E+02    0.29604E+03    0.11895E+03
 5    0.44968E+00    0.21437E+00    0.30000E+00    0.35227E+00    0.85110E+01    0.38627E+01    0.46700E+02    0.21195E+02    0.11143E+02    0.17389E+02    0.40520E-01    0.69556E-01    0.83431E+02    0.70389E+02    0.37911E+03    0.17422E+03
 6    0.39086E+00    0.18667E+00    0.40000E+00    0.46123E+00    0.11348E+02    0.50574E+01    0.62266E+02    0.27750E+02    0.13653E+02    0.15990E+02    0.49649E-01    0.63961E-01    0.87410E+02    0.76875E+02    0.44732E+03    0.21247E+03
 7    0.35073E+00    0.16774E+00    0.50000E+00    0.56747E+00    0.14185E+02    0.62224E+01    0.77833E+02    0.34142E+02    0.13055E+02    0.14202E+02    0.47473E-01    0.56810E-01    0.77269E+02    0.66130E+02    0.48662E+03    0.23217E+03
 8    0.32105E+00    0.15372E+00    0.60000E+00    0.67206E+00    0.17022E+02    0.73692E+01    0.93400E+02    0.40435E+02    0.18002E+02    0.14991E+02    0.65462E-01    0.59965E-01    0.70088E+02    0.43813E+02    0.43676E+03    0.20093E+03
 9    0.29787E+00    0.14274E+00    0.70000E+00    0.77610E+00    0.19859E+02    0.85101E+01    0.10897E+03    0.46695E+02    0.15672E+02    0.13537E+02    0.56988E-01    0.54149E-01    0.65327E+02    0.42784E+02    0.42809E+03    0.20751E+03
10    0.27927E+00    0.13394E+00    0.80000E+00    0.87739E+00    0.22696E+02    0.96207E+01    0.12453E+03    0.52789E+02    0.13288E+02    0.11606E+02    0.48321E-01    0.46425E-01    0.58570E+02    0.39698E+02    0.40126E+03    0.20839E+03
11    0.26379E+00    0.12659E+00    0.90000E+00    0.97852E+00    0.25533E+02    0.10730E+02    0.14010E+03    0.58873E+02    0.10761E+02    0.97228E+01    0.39130E-01    0.38891E-01    0.51052E+02    0.34707E+02    0.36780E+03    0.20107E+03
12    0.25067E+00    0.12036E+00    0.10000E+01    0.10788E+01    0.28370E+02    0.11829E+02    0.15567E+03    0.64907E+02    0.51372E+01    0.43182E+01    0.18681E-01    0.17273E-01    0.33782E+02    0.38719E+02    0.27728E+03    0.15865E+03
