## NFILE T1 T2 CB1 CB2 P1 P2 RWALL1 RWALL2 XMAX1 XMAX2 GMAX1 GMAX2 YMAX1 YMAX2 CEMAX1 CEMAX2
 1    0.11309E+01    0.45995E+00    0.50000E-01    0.58582E-01    0.27518E+01    0.16281E+01    0.15099E+02    0.89331E+01    0.11810E+03    0.20003E+03    0.42947E+00    0.80010E+00    0.19292E+03    0.37848E+03    0.13017E+03    0.31515E+02
 2    0.80420E+00    0.32783E+00    0.10000E+00    0.11402E+00    0.55037E+01    0.31687E+01    0.30199E+02    0.17386E+02    0.32454E+02    0.20000E+03    0.11801E+00    0.80001E+00    0.72173E+02    0.27716E+03    0.30143E+03    0.10867E+03
 3    0.65917E+00    0.26908E+00    0.15000E+00    0.16794E+00    0.82555E+01    0.46671E+01    0.45298E+02    0.25608E+02    0.10151E+02    0.20004E+03    0.36913E-01    0.80016E+00    0.75685E+02    0.23255E+03    0.42938E+03    0.18941E+03
 4    0.57257E+00    0.23395E+00    0.20000E+00    0.22082E+00    0.11007E+02    0.61369E+01    0.60397E+02    0.33673E+02    0.87011E+01    0.15757E+02    0.31640E-01    0.63026E-01    0.70535E+02    0.58478E+02    0.48407E+03    0.29702E+03
 5    0.46962E+00    0.19214E+00    0.30000E+00    0.32443E+00    0.16511E+02    0.90161E+01    0.90596E+02    0.49471E+02    0.92636E+01    0.19467E+02    0.33686E-01    0.77869E-01    0.74155E+02    0.76189E+02    0.60981E+03    0.42464E+03
 6    0.40801E+00    0.16708E+00    0.40000E+00    0.42633E+00    0.22015E+02    0.11848E+02    0.12079E+03    0.65010E+02    0.10038E+02    0.17528E+02    0.36502E-01    0.70112E-01    0.78486E+02    0.86255E+02    0.71317E+03    0.52855E+03
 7    0.36596E+00    0.14996E+00    0.50000E+00    0.52624E+00    0.27518E+02    0.14625E+02    0.15099E+03    0.80246E+02    0.10353E+02    0.16621E+02    0.37648E-01    0.66484E-01    0.70472E+02    0.80924E+02    0.77881E+03    0.59825E+03
 8    0.33487E+00    0.13729E+00    0.60000E+00    0.62492E+00    0.33022E+02    0.17367E+02    0.18119E+03    0.95292E+02    0.15735E+02    0.17410E+02    0.57218E-01    0.69642E-01    0.66730E+02    0.49739E+02    0.75360E+03    0.50612E+03
 9    0.31065E+00    0.12742E+00    0.70000E+00    0.72258E+00    0.38526E+02    0.20081E+02    0.21139E+03    0.11018E+03    0.13537E+02    0.15542E+02    0.49225E-01    0.62166E-01    0.61070E+02    0.47829E+02    0.73621E+03    0.51444E+03
10    0.29111E+00    0.11944E+00    0.80000E+00    0.81940E+00    0.44030E+02    0.22772E+02    0.24159E+03    0.12495E+03    0.12086E+02    0.13658E+02    0.43949E-01    0.54633E-01    0.55607E+02    0.45021E+02    0.69888E+03    0.51607E+03
11    0.27489E+00    0.11282E+00    0.90000E+00    0.91549E+00    0.49533E+02    0.25442E+02    0.27179E+03    0.13960E+03    0.12757E+02    0.60528E+01    0.46391E-01    0.24211E-01    0.63073E+02    0.36055E+02    0.81220E+03    0.36349E+03
12    0.26116E+00    0.10721E+00    0.10000E+01    0.10110E+01    0.55037E+02    0.28095E+02    0.30199E+03    0.15416E+03    0.20491E+01    0.11991E+02    0.74514E-02    0.47962E-01    0.23985E+02    0.54177E+02    0.19759E+03    0.58958E+03
