## NFILE T1 T2 CB1 CB2 P1 P2 RWALL1 RWALL2 XMAX1 XMAX2 GMAX1 GMAX2 YMAX1 YMAX2 CEMAX1 CEMAX2
 1    0.11007E+01    0.49063E+00    0.50000E-01    0.62234E-01    0.17682E+01    0.95322E+00    0.97022E+01    0.52303E+01    0.13936E+03    0.20004E+03    0.50677E+00    0.80015E+00    0.20729E+03    0.36802E+03    0.88236E+02    0.17362E+02
 2    0.78305E+00    0.35026E+00    0.10000E+00    0.12064E+00    0.35365E+01    0.18477E+01    0.19404E+02    0.10138E+02    0.34379E+02    0.20007E+03    0.12502E+00    0.80028E+00    0.75009E+02    0.26964E+03    0.20745E+03    0.61194E+02
 3    0.64203E+00    0.28779E+00    0.15000E+00    0.17720E+00    0.53047E+01    0.27141E+01    0.29107E+02    0.14892E+02    0.10778E+02    0.20005E+03    0.39192E-01    0.80021E+00    0.76090E+02    0.22121E+03    0.27911E+03    0.80656E+02
 4    0.55782E+00    0.25042E+00    0.20000E+00    0.23253E+00    0.70729E+01    0.35615E+01    0.38809E+02    0.19542E+02    0.98306E+01    0.13425E+02    0.35748E-01    0.53702E-01    0.74660E+02    0.54667E+02    0.34493E+03    0.16562E+03
 5    0.45770E+00    0.20591E+00    0.30000E+00    0.34056E+00    0.10609E+02    0.52163E+01    0.58213E+02    0.28622E+02    0.10360E+02    0.18591E+02    0.37673E-01    0.74366E-01    0.79588E+02    0.73326E+02    0.44032E+03    0.24086E+03
 6    0.39777E+00    0.17919E+00    0.40000E+00    0.44657E+00    0.14146E+02    0.68400E+01    0.77618E+02    0.37531E+02    0.12118E+02    0.16748E+02    0.44067E-01    0.66990E-01    0.83824E+02    0.80883E+02    0.51682E+03    0.29600E+03
 7    0.35688E+00    0.16094E+00    0.50000E+00    0.55017E+00    0.17682E+02    0.84267E+01    0.97022E+02    0.46237E+02    0.11821E+02    0.15353E+02    0.42987E-01    0.61413E-01    0.74876E+02    0.72461E+02    0.56383E+03    0.32873E+03
 8    0.32663E+00    0.14742E+00    0.60000E+00    0.65228E+00    0.21219E+02    0.99908E+01    0.11643E+03    0.54819E+02    0.17076E+02    0.15928E+02    0.62093E-01    0.63712E-01    0.68698E+02    0.45964E+02    0.51824E+03    0.28010E+03
 9    0.30308E+00    0.13689E+00    0.70000E+00    0.75319E+00    0.24755E+02    0.11536E+02    0.13583E+03    0.63299E+02    0.14815E+02    0.14400E+02    0.53871E-01    0.57601E-01    0.63708E+02    0.44902E+02    0.50829E+03    0.28890E+03
10    0.28407E+00    0.12837E+00    0.80000E+00    0.85308E+00    0.28292E+02    0.13066E+02    0.15524E+03    0.71695E+02    0.12768E+02    0.12469E+02    0.46430E-01    0.49876E-01    0.57504E+02    0.41877E+02    0.47877E+03    0.28822E+03
11    0.26829E+00    0.12130E+00    0.90000E+00    0.95211E+00    0.31828E+02    0.14583E+02    0.17464E+03    0.80017E+02    0.10594E+02    0.10285E+02    0.38525E-01    0.41139E-01    0.50492E+02    0.36842E+02    0.43866E+03    0.27985E+03
12    0.25493E+00    0.11530E+00    0.10000E+01    0.10504E+01    0.35365E+02    0.16088E+02    0.19404E+03    0.88276E+02    0.50744E+01    0.47194E+01    0.18452E-01    0.18878E-01    0.33421E+02    0.36551E+02    0.34133E+03    0.22660E+03
