## NFILE T1 T2 CB1 CB2 P1 P2 RWALL1 RWALL2 XMAX1 XMAX2 GMAX1 GMAX2 YMAX1 YMAX2 CEMAX1 CEMAX2
 1    0.10636E+01    0.45249E+00    0.50000E-01    0.76788E-01    0.18043E+01    0.12315E+01    0.99002E+01    0.67575E+01    0.20003E+03    0.14446E+03    0.72738E+00    0.57784E+00    0.25683E+03    0.27829E+03    0.90310E+02    0.21862E+02
 2    0.75589E+00    0.32339E+00    0.10000E+00    0.14883E+00    0.36086E+01    0.23870E+01    0.19800E+02    0.13097E+02    0.15223E+02    0.68830E+01    0.55356E-01    0.27532E-01    0.78348E+02    0.34265E+02    0.23533E+03    0.64727E+02
 3    0.61931E+00    0.26591E+00    0.15000E+00    0.21861E+00    0.54130E+01    0.35062E+01    0.29701E+02    0.19239E+02    0.16082E+02    0.83318E+01    0.58480E-01    0.33327E-01    0.82753E+02    0.38710E+02    0.33912E+03    0.10705E+03
 4    0.53777E+00    0.23151E+00    0.20000E+00    0.28688E+00    0.72173E+01    0.46010E+01    0.39601E+02    0.25246E+02    0.11230E+02    0.71111E+01    0.40836E-01    0.28444E-01    0.77137E+02    0.39603E+02    0.40667E+03    0.14010E+03
 5    0.44078E+00    0.19045E+00    0.30000E+00    0.42067E+00    0.10826E+02    0.67468E+01    0.59401E+02    0.37020E+02    0.14521E+02    0.85192E+01    0.52803E-01    0.34077E-01    0.90426E+02    0.45025E+02    0.54677E+03    0.18397E+03
 6    0.38292E+00    0.16590E+00    0.40000E+00    0.55089E+00    0.14435E+02    0.88354E+01    0.79202E+02    0.48479E+02    0.16711E+02    0.80155E+01    0.60768E-01    0.32062E-01    0.95986E+02    0.38968E+02    0.68727E+03    0.19349E+03
 7    0.34336E+00    0.14908E+00    0.50000E+00    0.67882E+00    0.18043E+02    0.10887E+02    0.99002E+02    0.59737E+02    0.13597E+02    0.18069E+02    0.49445E-01    0.72277E-01    0.76136E+02    0.66674E+02    0.65376E+03    0.24130E+03
 8    0.31411E+00    0.13661E+00    0.60000E+00    0.80496E+00    0.21652E+02    0.12910E+02    0.11880E+03    0.70838E+02    0.19017E+02    0.93605E+01    0.69153E-01    0.37442E-01    0.72204E+02    0.33912E+02    0.64088E+03    0.19203E+03
 9    0.29134E+00    0.12689E+00    0.70000E+00    0.92965E+00    0.25260E+02    0.14910E+02    0.13860E+03    0.81812E+02    0.16776E+02    0.84991E+01    0.61003E-01    0.33996E-01    0.67270E+02    0.31636E+02    0.63344E+03    0.19219E+03
10    0.27297E+00    0.11903E+00    0.80000E+00    0.10531E+01    0.28869E+02    0.16891E+02    0.15840E+03    0.92678E+02    0.13897E+02    0.74325E+01    0.50535E-01    0.29730E-01    0.59571E+02    0.28499E+02    0.59357E+03    0.19506E+03
11    0.25772E+00    0.11250E+00    0.90000E+00    0.11756E+01    0.32478E+02    0.18854E+02    0.17820E+03    0.10345E+03    0.12084E+02    0.18636E+01    0.43940E-01    0.74545E-02    0.55338E+02    0.22109E+02    0.66311E+03    0.52590E+02
12    0.24481E+00    0.10696E+00    0.10000E+01    0.12971E+01    0.36086E+02    0.20804E+02    0.19800E+03    0.11415E+03    0.54128E+01    0.16262E+01    0.19683E-01    0.65048E-02    0.38192E+02    0.24418E+02    0.43849E+03    0.80284E+02
