## NFILE T1 T2 CB1 CB2 P1 P2 RWALL1 RWALL2 XMAX1 XMAX2 GMAX1 GMAX2 YMAX1 YMAX2 CEMAX1 CEMAX2
 1    0.10388E+01    0.47629E+00    0.50000E-01    0.81744E-01    0.16038E+01    0.98328E+00    0.88002E+01    0.53952E+01    0.20006E+03    0.14834E+03    0.72748E+00    0.59336E+00    0.27375E+03    0.28320E+03    0.82634E+02    0.15862E+02
 2    0.73830E+00    0.34108E+00    0.10000E+00    0.15777E+00    0.32077E+01    0.18978E+01    0.17600E+02    0.10413E+02    0.15967E+02    0.67044E+01    0.58063E-01    0.26818E-01    0.80318E+02    0.32852E+02    0.21840E+03    0.42019E+02
 3    0.60494E+00    0.28083E+00    0.15000E+00    0.23110E+00    0.48115E+01    0.27798E+01    0.26401E+02    0.15253E+02    0.20003E+03    0.39902E+01    0.72737E+00    0.15961E-01    0.16198E+03    0.27468E+02    0.12882E+03    0.25880E+02
 4    0.52534E+00    0.24475E+00    0.20000E+00    0.30261E+00    0.64154E+01    0.36400E+01    0.35201E+02    0.19973E+02    0.11755E+02    0.65207E+01    0.42745E-01    0.26083E-01    0.80763E+02    0.37882E+02    0.38656E+03    0.99639E+02
 5    0.43065E+00    0.20162E+00    0.30000E+00    0.44236E+00    0.96230E+01    0.53211E+01    0.52801E+02    0.29197E+02    0.16669E+02    0.77394E+01    0.60615E-01    0.30957E-01    0.94102E+02    0.39937E+02    0.52218E+03    0.12915E+03
 6    0.37417E+00    0.17583E+00    0.40000E+00    0.57787E+00    0.12831E+02    0.69511E+01    0.70402E+02    0.38140E+02    0.18267E+02    0.70698E+01    0.66427E-01    0.28279E-01    0.99066E+02    0.36218E+02    0.65048E+03    0.13434E+03
 7    0.33556E+00    0.15813E+00    0.50000E+00    0.71066E+00    0.16038E+02    0.85484E+01    0.88002E+02    0.46905E+02    0.14876E+02    0.16560E+02    0.54093E-01    0.66242E-01    0.77341E+02    0.61971E+02    0.61816E+03    0.17874E+03
 8    0.30701E+00    0.14501E+00    0.60000E+00    0.84133E+00    0.19246E+02    0.10120E+02    0.10560E+03    0.55529E+02    0.20365E+02    0.86267E+01    0.74054E-01    0.34507E-01    0.74512E+02    0.31365E+02    0.60057E+03    0.13741E+03
 9    0.28478E+00    0.13477E+00    0.70000E+00    0.97028E+00    0.22454E+02    0.11671E+02    0.12320E+03    0.64040E+02    0.17675E+02    0.77915E+01    0.64274E-01    0.31166E-01    0.68667E+02    0.28670E+02    0.58616E+03    0.14139E+03
10    0.26684E+00    0.12649E+00    0.80000E+00    0.10978E+01    0.25661E+02    0.13205E+02    0.14080E+03    0.72456E+02    0.74739E+01    0.38720E+01    0.27178E-01    0.15488E-01    0.47198E+02    0.35777E+02    0.54399E+03    0.15088E+03
11    0.25196E+00    0.11960E+00    0.90000E+00    0.12241E+01    0.28869E+02    0.14724E+02    0.15840E+03    0.80792E+02    0.11882E+02    0.17631E+01    0.43209E-01    0.70525E-02    0.54839E+02    0.20645E+02    0.58449E+03    0.37762E+02
12    0.23936E+00    0.11376E+00    0.10000E+01    0.13493E+01    0.32077E+02    0.16231E+02    0.17600E+03    0.89057E+02    0.54679E+01    0.15496E+01    0.19883E-01    0.61985E-02    0.35359E+02    0.24961E+02    0.39319E+03    0.50287E+02
