## NFILE T1 T2 CB1 CB2 P1 P2 RWALL1 RWALL2 XMAX1 XMAX2 GMAX1 GMAX2 YMAX1 YMAX2 CEMAX1 CEMAX2
 1    0.10596E+01    0.45658E+00    0.50000E-01    0.77545E-01    0.17682E+01    0.11877E+01    0.97022E+01    0.65171E+01    0.20009E+03    0.67974E+02    0.72761E+00    0.27190E+00    0.26414E+03    0.13606E+03    0.42778E+02    0.22102E+02
 2    0.75304E+00    0.32641E+00    0.10000E+00    0.15020E+00    0.35365E+01    0.23005E+01    0.19404E+02    0.12623E+02    0.20006E+03    0.74109E+02    0.72751E+00    0.29644E+00    0.19141E+03    0.11639E+03    0.27485E+03    0.63066E+02
 3    0.61699E+00    0.26845E+00    0.15000E+00    0.22053E+00    0.53047E+01    0.33777E+01    0.29107E+02    0.18534E+02    0.20001E+03    0.10267E+02    0.72732E+00    0.41067E-01    0.13311E+03    0.34660E+02    0.42030E+03    0.11522E+03
 4    0.53576E+00    0.23376E+00    0.20000E+00    0.28929E+00    0.70729E+01    0.44309E+01    0.38809E+02    0.24312E+02    0.26391E+02    0.20006E+03    0.95968E-01    0.80023E+00    0.92666E+02    0.15694E+03    0.57300E+03    0.14639E+03
 5    0.43915E+00    0.19234E+00    0.30000E+00    0.42400E+00    0.10609E+02    0.64942E+01    0.58213E+02    0.35633E+02    0.18653E+02    0.95991E+01    0.67829E-01    0.38396E-01    0.10280E+03    0.47996E+02    0.96562E+03    0.32886E+03
 6    0.38152E+00    0.16758E+00    0.40000E+00    0.55503E+00    0.14146E+02    0.85012E+01    0.77618E+02    0.46646E+02    0.18034E+02    0.77538E+01    0.65580E-01    0.31015E-01    0.11108E+03    0.50944E+02    0.11164E+04    0.36850E+03
 7    0.34211E+00    0.15060E+00    0.50000E+00    0.68371E+00    0.17682E+02    0.10472E+02    0.97022E+02    0.57460E+02    0.10883E+02    0.60123E+01    0.39576E-01    0.24049E-01    0.11589E+03    0.54252E+02    0.12261E+04    0.40196E+03
 8    0.31297E+00    0.13802E+00    0.60000E+00    0.81055E+00    0.21219E+02    0.12415E+02    0.11643E+03    0.68120E+02    0.98679E+01    0.58183E+01    0.35883E-01    0.23273E-01    0.10553E+03    0.48662E+02    0.12760E+04    0.37449E+03
 9    0.29029E+00    0.12821E+00    0.70000E+00    0.93590E+00    0.24755E+02    0.14335E+02    0.13583E+03    0.78655E+02    0.98587E+01    0.49123E+01    0.35850E-01    0.19649E-01    0.85036E+02    0.37278E+02    0.12156E+04    0.32755E+03
10    0.27199E+00    0.12028E+00    0.80000E+00    0.10600E+01    0.28292E+02    0.16236E+02    0.15524E+03    0.89084E+02    0.86533E+01    0.37227E+01    0.31466E-01    0.14891E-01    0.62594E+02    0.38383E+02    0.10788E+04    0.30126E+03
11    0.25680E+00    0.11368E+00    0.90000E+00    0.11830E+01    0.31828E+02    0.18120E+02    0.17464E+03    0.99424E+02    0.66978E+01    0.31425E+01    0.24356E-01    0.12570E-01    0.50419E+02    0.38157E+02    0.97499E+03    0.23715E+03
12    0.24394E+00    0.10809E+00    0.10000E+01    0.13051E+01    0.35365E+02    0.19990E+02    0.19404E+03    0.10969E+03    0.44939E+01    0.10834E+02    0.16341E-01    0.43336E-01    0.48910E+02    0.60644E+02    0.55794E+03    0.44252E+03
