## NFILE T1 T2 CB1 CB2 P1 P2 RWALL1 RWALL2 XMAX1 XMAX2 GMAX1 GMAX2 YMAX1 YMAX2 CEMAX1 CEMAX2
 1    0.11054E+01    0.44401E+00    0.50000E-01    0.65796E-01    0.27518E+01    0.18285E+01    0.15099E+02    0.10033E+02    0.13694E+03    0.20012E+03    0.49798E+00    0.80049E+00    0.20641E+03    0.36134E+03    0.13256E+03    0.34308E+02
 2    0.78572E+00    0.31667E+00    0.10000E+00    0.12801E+00    0.55037E+01    0.35575E+01    0.30199E+02    0.19520E+02    0.20003E+03    0.13039E+03    0.72737E+00    0.52156E+00    0.18225E+03    0.20439E+03    0.25758E+03    0.10351E+03
 3    0.64383E+00    0.26003E+00    0.15000E+00    0.18850E+00    0.82555E+01    0.52386E+01    0.45298E+02    0.28744E+02    0.16007E+02    0.90896E+01    0.58209E-01    0.36358E-01    0.76046E+02    0.49713E+02    0.42877E+03    0.18678E+03
 4    0.55910E+00    0.22616E+00    0.20000E+00    0.24783E+00    0.11007E+02    0.68874E+01    0.60397E+02    0.37791E+02    0.98036E+01    0.12353E+02    0.35650E-01    0.49413E-01    0.74684E+02    0.52727E+02    0.53091E+03    0.27726E+03
 5    0.45841E+00    0.18583E+00    0.30000E+00    0.36403E+00    0.16511E+02    0.10117E+02    0.90596E+02    0.55510E+02    0.13650E+02    0.76301E+01    0.49636E-01    0.30520E-01    0.74350E+02    0.51910E+02    0.62916E+03    0.33557E+03
 6    0.39818E+00    0.16165E+00    0.40000E+00    0.47824E+00    0.22015E+02    0.13291E+02    0.12079E+03    0.72926E+02    0.12539E+02    0.13378E+02    0.45598E-01    0.53513E-01    0.86671E+02    0.69520E+02    0.84311E+03    0.46362E+03
 7    0.35706E+00    0.14512E+00    0.50000E+00    0.59029E+00    0.27518E+02    0.16405E+02    0.15099E+03    0.90012E+02    0.12902E+02    0.10972E+02    0.46915E-01    0.43887E-01    0.75439E+02    0.54084E+02    0.94262E+03    0.48155E+03
 8    0.32665E+00    0.13289E+00    0.60000E+00    0.70094E+00    0.33022E+02    0.19480E+02    0.18119E+03    0.10689E+03    0.87695E+01    0.19338E+02    0.31889E-01    0.77352E-01    0.49893E+02    0.77069E+02    0.68182E+03    0.55028E+03
 9    0.30298E+00    0.12335E+00    0.70000E+00    0.81047E+00    0.38526E+02    0.22524E+02    0.21139E+03    0.12359E+03    0.82509E+01    0.14510E+02    0.30003E-01    0.58041E-01    0.66657E+02    0.74046E+02    0.73041E+03    0.52157E+03
10    0.28388E+00    0.11565E+00    0.80000E+00    0.91905E+00    0.44030E+02    0.25541E+02    0.24159E+03    0.14014E+03    0.73318E+01    0.12770E+02    0.26661E-01    0.51081E-01    0.59695E+02    0.74650E+02    0.69546E+03    0.49849E+03
11    0.26803E+00    0.10925E+00    0.90000E+00    0.10268E+01    0.49533E+02    0.28537E+02    0.27179E+03    0.15658E+03    0.10730E+02    0.86583E+01    0.39019E-01    0.34633E-01    0.50406E+02    0.32610E+02    0.74013E+03    0.40866E+03
12    0.25461E+00    0.10383E+00    0.10000E+01    0.11339E+01    0.55037E+02    0.31512E+02    0.30199E+03    0.17291E+03    0.57162E+01    0.19829E+01    0.20786E-01    0.79315E-02    0.35492E+02    0.26982E+02    0.71476E+03    0.14460E+03
