0.00034639175257732	4.6
0.000783505154639175	9.6
0.00103505154639175	12.4
0.00129896907216495	14.6
0.00167422680412371	17
0.00194226804123711	19.8
0.00225567010309278	21.6
0.00237113402061856	22
0.0027340206185567	23.8
0.00311340206185567	27.2
0.00345154639175258	30
0.00366185567010309	31
0.00399175257731959	33
0.00434639175257732	33.4
0.00470927835051546	35.8
0.00502268041237113	38
0.00528659793814433	39.8
0.00545154639175258	41.2
0.00580618556701031	42.8
0.00610309278350515	44.4
0.0064	45.8
0.00673814432989691	47.2
0.00698969072164948	48.6
0.0072701030927835	49.6
0.0074639175257732	49.8
0.00777731958762887	50.2
0.00811134020618557	51.2
0.00841649484536082	53.2
0.00877938144329897	54.8
0.00912989690721649	56
0.00945154639175258	58
0.00976494845360825	58.2
0.0101278350515464	59.2
0.0104865979381443	62
0.0113814432989691	63
0.0116989690721649	64.8
0.0120577319587629	65.8
0.0124082474226804	67.8
0.0127505154639175	68.6
0.0128082474226804	70.6
0.0133731958762887	71
0.0140041237113402	73.8
0.0146886597938144	75.4
0.0150061855670103	76.2
0.0153773195876289	78
0.0156742268041237	78.6
0.0168494845360825	79.2
0.0171628865979381	80.8
0.0175216494845361	82.2
0.0178350515463918	84.2
0.018	85
0.0185525773195876	86.4
0.018919587628866	87.8
0.0192412371134021	89
0.0195958762886598	91
0.0199175257731959	92.4
0.0205567010309278	93.2
0.0212412371134021	95.2
0.0219628865979381	97.2
0.0222845360824742	98.8
0.0226061855670103	100.2
0.0231175257731959	101
0.023439175257732	102.4
0.023839175257732	103.2
0.0242432989690722	104.8
0.0246886597938144	106
0.0251546391752577	107.2
0.0255917525773196	109
0.0262927835051546	109.6
0.0266185567010309	112.2
0.0273072164948454	113.6
0.0276659793814433	115.4
0.0283422680412371	115.8
0.0287092783505155	117
0.0290350515463918	119
0.0293814432989691	121.4
0.0300824742268041	121.8
0.030420618556701	122.2
0.0307876288659794	123
0.0310927835051546	124.6
0.0317773195876289	125.6
0.0321237113402062	126.4
0.0324453608247423	128.2
0.0327711340206186	129.4
0.0331340206185567	129.6
0.033459793814433	130
0.0338268041237113	132.2
0.034160824742268	133
0.0344783505154639	133.4
0.0348371134020619	134.2
0.0352453608247423	134.8
0.0373360824742268	136.2
0.0376824742268041	139.6
0.0383092783505155	141.6
0.0386268041237113	142.4
0.038960824742268	143.2
0.0392948453608247	144.8
0.0396123711340206	146.4
0.0406845360824742	147.2
0.0410432989690722	148.8
0.0417154639175258	149.8
0.042540206185567	151.6
0.042940206185567	152
0.0432536082474227	153.8
0.0435670103092784	154.4
0.0439298969072165	154.8
0.044259793814433	156
0.0446020618556701	156.6
0.044919587628866	156.8
0.0452618556701031	158.8
0.0460329896907216	159.4
0.0485237113402062	160.8
0.0488164948453608	161.6
0.0491381443298969	163.6
0.049459793814433	164.8
0.0498144329896907	166.4
0.0504371134020619	167.2
0.0507670103092783	168
0.0511134020618557	169.6
0.0514350515463918	171.4
0.052119587628866	171.8
0.0524371134020618	172.4
0.0530762886597938	173.6
0.0534309278350515	174
0.053760824742268	175.4
0.0541030927835052	175.8
0.0544247422680412	176
0.0547546391752577	177.6
0.0553979381443299	178.8
0.055719587628866	179.8
0.0563628865979381	180.6
0.060420618556701	181.8
0.0607463917525773	182.4
0.0610144329896907	183.4
0.0613855670103093	184.8
0.0616618556701031	186.2
0.0622969072164949	186.4
0.0625855670103093	186.6
0.0628742268041237	188
0.0631958762886598	189.6
0.0634762886597938	189.8
0.0640824742268041	191.2
0.0647340206185567	191.4
0.0650144329896907	193.8
0.065298969072165	194.6
0.0658969072164949	195.4
0.0662762886597938	196.2
0.0668783505154639	196.8
0.0671628865979381	197.4
0.0674309278350516	199.2
0.0680494845360825	200.2
0.0690185567010309	201.6
0.0693113402061856	203
0.0695917525773196	203.6
0.0705690721649485	204.4
0.0708948453608247	205.6
0.0715010309278351	206
0.0718226804123711	206.4
0.0721567010309278	207.2
0.0724577319587629	207.6
0.0728123711340206	208
0.0733855670103093	208.6
0.0736989690721649	209.6
0.077059793814433	210.8
0.0773360824742268	211.8
0.0776164948453608	213.6
0.0782474226804124	215.6
0.0785608247422681	217.4
0.0796742268041237	219
0.0799958762886598	220.4
0.0808536082474227	221.4
0.0811752577319588	222.2
0.0817567010309278	222.8
0.0820371134020619	223.4
0.0823134020618557	224.8
0.0831876288659794	225.4
0.0835092783505155	226
0.084020618556701	226.8
0.0843463917525773	227.8
0.0846309278350515	229
0.0855917525773196	229.2
0.0858226804123711	230
0.0864041237113402	231.4
0.0872824742268041	232.2
0.0875876288659794	232.4
0.0878721649484536	233.2
0.0887958762886598	234.6
0.0893072164948454	234.8
0.089620618556701	235
0.0899051546391753	236
0.0904577319587629	237
0.0907422680412371	237.6
0.0913319587628866	238.2
0.0915670103092783	238.6
0.0918639175257732	239.2
0.0922103092783505	240.4
0.0925237113402062	240.8
0.0928082474226804	241.2
0.0930639175257732	241.6
0.0936453608247423	242
0.0939670103092784	242.4
0.0942061855670103	243.2
0.0944824742268041	243.8
0.0948041237113402	244.8
0.0950886597938144	245.6
0.0958762886597938	246.8
0.0962061855670103	247
0.0964824742268041	247.4
0.0967340206185567	248.4
0.0970103092783505	248.6
0.0973319587628866	249.2
0.0976082474226804	250
0.0978515463917526	250.6
