## NFILE T1 T2 CB1 CB2 P1 P2 RWALL1 RWALL2 XMAX1 XMAX2 GMAX1 GMAX2 YMAX1 YMAX2 CEMAX1 CEMAX2
 1    0.10851E+01    0.42940E+00    0.50000E-01    0.73007E-01    0.27518E+01    0.20289E+01    0.15099E+02    0.11133E+02    0.19037E+03    0.20006E+03    0.69224E+00    0.80025E+00    0.26600E+03    0.36352E+03    0.14153E+03    0.46511E+02
 2    0.77097E+00    0.30642E+00    0.10000E+00    0.14199E+00    0.55037E+01    0.39461E+01    0.30199E+02    0.21652E+02    0.12565E+02    0.94145E+01    0.45689E-01    0.37658E-01    0.79371E+02    0.38228E+02    0.30024E+03    0.12619E+03
 3    0.63156E+00    0.25171E+00    0.15000E+00    0.20905E+00    0.82555E+01    0.58098E+01    0.45298E+02    0.31878E+02    0.11728E+02    0.99570E+01    0.42647E-01    0.39828E-01    0.82982E+02    0.50031E+02    0.45818E+03    0.20860E+03
 4    0.54834E+00    0.21898E+00    0.20000E+00    0.27482E+00    0.11007E+02    0.76374E+01    0.60397E+02    0.41906E+02    0.11732E+02    0.80519E+01    0.42662E-01    0.32208E-01    0.78764E+02    0.51589E+02    0.56252E+03    0.26235E+03
 5    0.44936E+00    0.17995E+00    0.30000E+00    0.40399E+00    0.16511E+02    0.11227E+02    0.90596E+02    0.61604E+02    0.11425E+02    0.10359E+02    0.41545E-01    0.41435E-01    0.93628E+02    0.63118E+02    0.77501E+03    0.37536E+03
 6    0.39030E+00    0.15663E+00    0.40000E+00    0.53013E+00    0.22015E+02    0.14733E+02    0.12079E+03    0.80838E+02    0.14847E+02    0.98137E+01    0.53990E-01    0.39255E-01    0.98017E+02    0.57705E+02    0.96270E+03    0.38834E+03
 7    0.34992E+00    0.14065E+00    0.50000E+00    0.65430E+00    0.27518E+02    0.18183E+02    0.15099E+03    0.99772E+02    0.10896E+02    0.16131E+02    0.39621E-01    0.64522E-01    0.68176E+02    0.69485E+02    0.85833E+03    0.46689E+03
 8    0.32007E+00    0.12882E+00    0.60000E+00    0.77693E+00    0.33022E+02    0.21592E+02    0.18119E+03    0.11847E+03    0.14984E+02    0.95497E+01    0.54488E-01    0.38199E-01    0.66930E+02    0.40127E+02    0.94715E+03    0.34900E+03
 9    0.29683E+00    0.11960E+00    0.70000E+00    0.89832E+00    0.38526E+02    0.24965E+02    0.21139E+03    0.13698E+03    0.13053E+02    0.87502E+01    0.47464E-01    0.35001E-01    0.60449E+02    0.37350E+02    0.95639E+03    0.33690E+03
10    0.27808E+00    0.11214E+00    0.80000E+00    0.10187E+01    0.44030E+02    0.28310E+02    0.24159E+03    0.15533E+03    0.11111E+02    0.79250E+01    0.40402E-01    0.31700E-01    0.52734E+02    0.36814E+02    0.92114E+03    0.34352E+03
11    0.26252E+00    0.10595E+00    0.90000E+00    0.11381E+01    0.49533E+02    0.31629E+02    0.27179E+03    0.17355E+03    0.63886E+01    0.20712E+01    0.23231E-01    0.82849E-02    0.41669E+02    0.24444E+02    0.82034E+03    0.16592E+03
12    0.24935E+00    0.10071E+00    0.10000E+01    0.12568E+01    0.55037E+02    0.34927E+02    0.30199E+03    0.19165E+03    0.51667E+01    0.17033E+01    0.18788E-01    0.68132E-02    0.39935E+02    0.22063E+02    0.65861E+03    0.13438E+03
