## NFILE T1 T2 CB1 CB2 P1 P2 RWALL1 RWALL2 XMAX1 XMAX2 GMAX1 GMAX2 YMAX1 YMAX2 CEMAX1 CEMAX2
 1    0.10429E+01    0.47256E+00    0.50000E-01    0.80865E-01    0.14185E+01    0.88670E+00    0.77833E+01    0.48653E+01    0.20003E+03    0.79180E+02    0.72736E+00    0.31672E+00    0.25082E+03    0.16993E+03    0.76983E+02    0.19098E+02
 2    0.74123E+00    0.33829E+00    0.10000E+00    0.15619E+00    0.28370E+01    0.17126E+01    0.15567E+02    0.93973E+01    0.16193E+02    0.74402E+01    0.58883E-01    0.29761E-01    0.83088E+02    0.38063E+02    0.19428E+03    0.46965E+02
 3    0.60735E+00    0.27847E+00    0.15000E+00    0.22889E+00    0.42555E+01    0.25098E+01    0.23350E+02    0.13771E+02    0.14058E+02    0.85001E+01    0.51120E-01    0.34001E-01    0.87550E+02    0.41763E+02    0.27628E+03    0.77456E+02
 4    0.52742E+00    0.24264E+00    0.20000E+00    0.29983E+00    0.56740E+01    0.32876E+01    0.31133E+02    0.18039E+02    0.11712E+02    0.12240E+02    0.42590E-01    0.48962E-01    0.83687E+02    0.53730E+02    0.33477E+03    0.89558E+02
 5    0.43236E+00    0.19984E+00    0.30000E+00    0.43853E+00    0.85110E+01    0.48086E+01    0.46700E+02    0.26384E+02    0.13129E+02    0.92307E+01    0.47741E-01    0.36923E-01    0.10006E+03    0.52881E+02    0.45825E+03    0.13966E+03
 6    0.37565E+00    0.17424E+00    0.40000E+00    0.57311E+00    0.11348E+02    0.62842E+01    0.62266E+02    0.34481E+02    0.16635E+02    0.84788E+01    0.60491E-01    0.33915E-01    0.10413E+03    0.46991E+02    0.56169E+03    0.14218E+03
 7    0.33687E+00    0.15668E+00    0.50000E+00    0.70504E+00    0.14185E+02    0.77309E+01    0.77833E+02    0.42419E+02    0.11918E+02    0.14729E+02    0.43340E-01    0.58916E-01    0.66463E+02    0.62460E+02    0.48545E+03    0.18333E+03
 8    0.30821E+00    0.14366E+00    0.60000E+00    0.83491E+00    0.17022E+02    0.91549E+01    0.93400E+02    0.50233E+02    0.15989E+02    0.86982E+01    0.58142E-01    0.34793E-01    0.70113E+02    0.35908E+02    0.53841E+03    0.12658E+03
 9    0.28589E+00    0.13350E+00    0.70000E+00    0.96311E+00    0.19859E+02    0.10561E+02    0.10897E+03    0.57946E+02    0.13726E+02    0.79924E+01    0.49914E-01    0.31970E-01    0.62493E+02    0.36687E+02    0.52980E+03    0.12361E+03
10    0.26788E+00    0.12528E+00    0.80000E+00    0.10899E+01    0.22696E+02    0.11951E+02    0.12453E+03    0.65576E+02    0.12660E+02    0.20443E+01    0.46035E-01    0.81772E-02    0.59325E+02    0.25022E+02    0.54447E+03    0.44268E+02
11    0.25294E+00    0.11846E+00    0.90000E+00    0.12155E+01    0.25533E+02    0.13329E+02    0.14010E+03    0.73133E+02    0.10034E+02    0.17821E+01    0.36486E-01    0.71284E-02    0.55549E+02    0.27967E+02    0.51265E+03    0.55543E+02
12    0.24028E+00    0.11266E+00    0.10000E+01    0.13401E+01    0.28370E+02    0.14695E+02    0.15567E+03    0.80628E+02    0.51847E+01    0.18190E+01    0.18853E-01    0.72761E-02    0.40330E+02    0.23410E+02    0.27599E+03    0.61493E+02
