## NFILE T1 T2 CB1 CB2 P1 P2 RWALL1 RWALL2 XMAX1 XMAX2 GMAX1 GMAX2 YMAX1 YMAX2 CEMAX1 CEMAX2
 1    0.10596E+01    0.45658E+00    0.50000E-01    0.77545E-01    0.17682E+01    0.11877E+01    0.97022E+01    0.65171E+01    0.20001E+03    0.11677E+03    0.72729E+00    0.46707E+00    0.24589E+03    0.22959E+03    0.92500E+02    0.26447E+02
 2    0.75304E+00    0.32641E+00    0.10000E+00    0.15020E+00    0.35365E+01    0.23005E+01    0.19404E+02    0.12623E+02    0.14872E+02    0.81119E+01    0.54081E-01    0.32447E-01    0.82273E+02    0.38716E+02    0.22931E+03    0.59112E+02
 3    0.61699E+00    0.26845E+00    0.15000E+00    0.22053E+00    0.53047E+01    0.33777E+01    0.29107E+02    0.18534E+02    0.11619E+02    0.94927E+01    0.42250E-01    0.37971E-01    0.83943E+02    0.45014E+02    0.30591E+03    0.10746E+03
 4    0.53576E+00    0.23376E+00    0.20000E+00    0.28929E+00    0.70729E+01    0.44309E+01    0.38809E+02    0.24312E+02    0.12286E+02    0.76938E+01    0.44678E-01    0.30775E-01    0.81684E+02    0.49932E+02    0.39502E+03    0.14361E+03
 5    0.43915E+00    0.19234E+00    0.30000E+00    0.42400E+00    0.10609E+02    0.64942E+01    0.58213E+02    0.35633E+02    0.12164E+02    0.97427E+01    0.44231E-01    0.38971E-01    0.97508E+02    0.57122E+02    0.54079E+03    0.20422E+03
 6    0.38152E+00    0.16758E+00    0.40000E+00    0.55503E+00    0.14146E+02    0.85012E+01    0.77618E+02    0.46646E+02    0.15941E+02    0.90287E+01    0.57969E-01    0.36115E-01    0.10183E+03    0.51211E+02    0.66499E+03    0.20822E+03
 7    0.34211E+00    0.15060E+00    0.50000E+00    0.68371E+00    0.17682E+02    0.10472E+02    0.97022E+02    0.57460E+02    0.20061E+02    0.58517E+01    0.72949E-01    0.23407E-01    0.85493E+02    0.36420E+02    0.69306E+03    0.12938E+03
 8    0.31297E+00    0.13802E+00    0.60000E+00    0.81055E+00    0.21219E+02    0.12415E+02    0.11643E+03    0.68120E+02    0.15589E+02    0.90394E+01    0.56687E-01    0.36157E-01    0.68940E+02    0.37570E+02    0.64606E+03    0.18485E+03
 9    0.29029E+00    0.12821E+00    0.70000E+00    0.93590E+00    0.24755E+02    0.14335E+02    0.13583E+03    0.78655E+02    0.13468E+02    0.83079E+01    0.48974E-01    0.33231E-01    0.61774E+02    0.37455E+02    0.64721E+03    0.17330E+03
10    0.27199E+00    0.12028E+00    0.80000E+00    0.10600E+01    0.28292E+02    0.16236E+02    0.15524E+03    0.89084E+02    0.11340E+02    0.74925E+01    0.41236E-01    0.29970E-01    0.53428E+02    0.35792E+02    0.60847E+03    0.18895E+03
11    0.25680E+00    0.11368E+00    0.90000E+00    0.11830E+01    0.31828E+02    0.18120E+02    0.17464E+03    0.99424E+02    0.10155E+02    0.18493E+01    0.36926E-01    0.73974E-02    0.55254E+02    0.27381E+02    0.64153E+03    0.75926E+02
12    0.24394E+00    0.10809E+00    0.10000E+01    0.13051E+01    0.35365E+02    0.19990E+02    0.19404E+03    0.10969E+03    0.51336E+01    0.16407E+01    0.18667E-01    0.65626E-02    0.40059E+02    0.22964E+02    0.41281E+03    0.72929E+02
