## NFILE T1 T2 CB1 CB2 P1 P2 RWALL1 RWALL2 XMAX1 XMAX2 GMAX1 GMAX2 YMAX1 YMAX2 CEMAX1 CEMAX2
 1    0.10685E+01    0.41599E+00    0.50000E-01    0.80217E-01    0.27518E+01    0.22293E+01    0.15099E+02    0.12232E+02    0.20004E+03    0.14446E+03    0.72742E+00    0.57784E+00    0.25388E+03    0.27147E+03    0.13915E+03    0.35369E+02
 2    0.75895E+00    0.29700E+00    0.10000E+00    0.15597E+00    0.55037E+01    0.43346E+01    0.30199E+02    0.23784E+02    0.16417E+02    0.10238E+02    0.59699E-01    0.40954E-01    0.73745E+02    0.36055E+02    0.35833E+03    0.87217E+02
 3    0.62156E+00    0.24405E+00    0.15000E+00    0.22960E+00    0.82555E+01    0.63809E+01    0.45298E+02    0.35012E+02    0.20004E+03    0.35656E+01    0.72741E+00    0.14262E-01    0.11864E+03    0.28228E+02    0.28951E+03    0.61692E+02
 4    0.53955E+00    0.21237E+00    0.20000E+00    0.30180E+00    0.11007E+02    0.83872E+01    0.60397E+02    0.46020E+02    0.28753E+02    0.51840E+01    0.10456E+00    0.20736E-01    0.74327E+02    0.35174E+02    0.56021E+03    0.13045E+03
 5    0.44205E+00    0.17458E+00    0.30000E+00    0.44355E+00    0.16511E+02    0.12327E+02    0.90596E+02    0.67635E+02    0.15762E+02    0.71249E+01    0.57318E-01    0.28500E-01    0.92081E+02    0.38317E+02    0.87440E+03    0.24927E+03
 6    0.38386E+00    0.15199E+00    0.40000E+00    0.58199E+00    0.22015E+02    0.16174E+02    0.12079E+03    0.88747E+02    0.23641E+02    0.39610E+01    0.85966E-01    0.15844E-01    0.10101E+03    0.32420E+02    0.10881E+04    0.19210E+03
 7    0.34409E+00    0.13652E+00    0.50000E+00    0.71828E+00    0.27518E+02    0.19962E+02    0.15099E+03    0.10953E+03    0.13288E+02    0.15757E+02    0.48320E-01    0.63027E-01    0.77355E+02    0.62616E+02    0.10190E+04    0.35531E+03
 8    0.31469E+00    0.12505E+00    0.60000E+00    0.85290E+00    0.33022E+02    0.23703E+02    0.18119E+03    0.13006E+03    0.18783E+02    0.78951E+01    0.68303E-01    0.31580E-01    0.71670E+02    0.30666E+02    0.10096E+04    0.26643E+03
 9    0.29180E+00    0.11611E+00    0.70000E+00    0.98614E+00    0.38526E+02    0.27406E+02    0.21139E+03    0.15037E+03    0.92979E+01    0.41970E+01    0.33810E-01    0.16788E-01    0.50607E+02    0.29914E+02    0.10620E+04    0.27605E+03
10    0.27333E+00    0.10889E+00    0.80000E+00    0.11182E+01    0.44030E+02    0.31077E+02    0.24159E+03    0.17052E+03    0.16021E+02    0.19041E+01    0.58258E-01    0.76163E-02    0.65547E+02    0.23740E+02    0.11080E+04    0.77554E+02
11    0.25802E+00    0.10289E+00    0.90000E+00    0.12494E+01    0.49533E+02    0.34721E+02    0.27179E+03    0.19051E+03    0.11996E+02    0.16921E+01    0.43621E-01    0.67686E-02    0.54743E+02    0.19893E+02    0.10188E+04    0.77771E+02
12    0.24505E+00    0.97805E-01    0.10000E+01    0.13797E+01    0.55037E+02    0.38342E+02    0.30199E+03    0.21038E+03    0.54423E+01    0.14915E+01    0.19790E-01    0.59662E-02    0.36670E+02    0.21832E+02    0.69079E+03    0.99542E+02
