2.88659793814433e-05	8	0	5
0.000655670103092784	22	2.06185567010309e-05	23
0.00123711340206186	58	0.000103092783505155	85
0.00178969072164948	89	0.000164948453608247	138
0.00209484536082474	97	0.000185567010309278	153
0.00221443298969072	101	0.000185567010309278	145
0.00225567010309278	111	0.000206185567010309	175
0.00277113402061856	145	0.000268041237113402	230
0.00335257731958763	185	0.000288659793814433	298
0.00362474226804124	203	0.000329896907216495	330
0.00408659793814433	239	0.000412371134020619	393
0.00467628865979381	288	0.000412371134020619	470
0.00522474226804124	331	0.00045360824742268	540
0.00574020618556701	366	0.000474226804123711	595
0.00628453608247423	405	0.000597938144329897	660
0.00686185567010309	443	0.000680412371134021	723
0.00736907216494845	478	0.000721649484536082	778
0.00784329896907217	503	0.000762886597938144	818
0.0084	531	0.000762886597938144	860
0.00894020618556701	559	0.000845360824742268	903
0.00949278350515464	578	0.000907216494845361	935
0.0100412371134021	603	0.000907216494845361	968
0.011179381443299	644	0.00103092783505155	1045
0.0116948453608247	670	0.00107216494845361	1088
0.0119628865979381	683	0.00109278350515464	1108
0.0124123711340206	701	0.00111340206185567	1135
0.0129113402061856	722	0.00117525773195876	1168
0.0135051546391753	749	0.00123711340206186	1213
0.0137072164948454	758	0.00123711340206186	1225
0.0141030927835052	772	0.00125773195876289	1248
0.0145731958762887	790	0.00129896907216495	1280
0.0148865979381443	804	0.00134020618556701	1300
0.0152371134020619	825	0.00134020618556701	1328
0.0154350515463918	833	0.00136082474226804	1340
0.0156742268041237	843	0.00138144329896907	1355
0.0159505154639175	852	0.00142268041237113	1375
0.0163835051546392	870	0.00144329896907216	1410
0.0168123711340206	891	0.0014639175257732	1438
0.0172783505154639	911	0.00158762886597938	1465
0.0176701030927835	929	0.00156701030927835	1493
0.0181773195876289	951	0.00162886597938144	1528
0.018540206185567	964	0.00167010309278351	1550
0.0187010309278351	971	0.00171134020618557	1560
0.018940206185567	981	0.00167010309278351	1578
0.0192123711340206	991	0.0017319587628866	1593
0.0196082474226804	1002	0.00175257731958763	1613
0.020119587628866	1022	0.00177319587628866	1640
0.0203216494845361	1026	0.00181443298969072	1645
0.0204824742268041	1030	0.00183505154639175	1655
0.0206762886597938	1038	0.00185567010309278	1665
0.0211134020618557	1048	0.00187628865979381	1685
0.0215051546391753	1059	0.00189690721649485	1705
0.0217855670103093	1071	0.00193814432989691	1723
0.0222309278350515	1084	0.002	1740
