-0.00085566286851149	8
-0.00022885874480015	22
0.000352584554168926	58
0.000905161873756546	89
0.00121031651293181	97
0.00132990414179779	101
0.00137114125519985	111
0.00188660517272563	145
0.0024680484716947	185
0.00274021342014831	203
0.0032020690902514	239
0.00379175981190088	288
0.00434021342014831	331
0.00485567733767408	366
0.0054000072345813	405
0.00597732682221016	443
0.00648454331705552	478
0.00695877012117924	503
0.00751547115210707	531
0.00805567733767408	559
0.00860825465726171	578
0.00915670826550917	603
0.0102948525954061	644
0.0108103165129318	670
0.0110783577500452	683
0.0115278422861277	701
0.0120268113582927	722
0.0126206257912824	749
0.0128226876469525	758
0.0132185639356123	772
0.0136886670283958	790
0.0140020690902514	804
0.014352584554169	825
0.0145505226984989	833
0.0147896979562308	843
0.0150659866160246	852
0.0154989763067463	870
0.0159278422861277	891
0.016393821667571	911
0.0167855742448906	929
0.017292790739736	951
0.0176556773376741	964
0.0178165020799422	971
0.0180556773376741	981
0.0183278422861277	991
0.0187237185747875	1002
0.0192350587809731	1022
0.0194371206366432	1026
0.0195979453789112	1030
0.0197917598119009	1038
0.0202288732139628	1048
0.0206206257912824	1059
0.0209010381624164	1071
0.0213463989871586	1084
