ɡ2	ɡ1	C2	C1=Cb
0.00037037	-8.62069E-05	0	0
0.00037037	-8.62069E-05	0	0
0.000740741	-0.000172414	0.018	0.004466501
0.001111111	-0.000172414	0.017	0.004218362
0.000740741	-8.62069E-05	0.018	0.004466501
0.000555556	0	0.041	0.010173697
0.001296296	8.62069E-05	0.061	0.015136476
0.001666667	0.000172414	0.078	0.019354839
0.001481481	0.000344828	0.099	0.024565757
0.002037037	0.000603448	0.119	0.029528536
0.002592593	0.000775862	0.141	0.034987593
0.003333333	0.000948276	0.159	0.039454094
0.003703704	0.001034483	0.177	0.043920596
0.003518519	0.000948276	0.162	0.040198511
0.00462963	0.001206897	0.204	0.050620347
0.004814815	0.001465517	0.224	0.055583127
0.005555556	0.001206897	0.217	0.053846154
0.004814815	0.00112069	0.149	0.036972705
0.00462963	0.001206897	0.15	0.037220844
0.00462963	0.00112069	0.158	0.039205955
0.004259259	0.001293103	0.184	0.045657568
0.004814815	0.001293103	0.204	0.050620347
0.005185185	0.001465517	0.221	0.05483871
0.005	0.001637931	0.241	0.059801489
0.005185185	0.001896552	0.261	0.064764268
0.005925926	0.001810345	0.28	0.069478908
0.005	0.001551724	0.157	0.038957816
0.005185185	0.001724138	0.184	0.045657568
0.005555556	0.001724138	0.202	0.050124069
0.005555556	0.001810345	0.223	0.055334988
0.005925926	0.001982759	0.241	0.059801489
0.005740741	0.001982759	0.26	0.064516129
0.006666667	0.001982759	0.283	0.070223325
0.007037037	0.002155172	0.302	0.074937965
0.007222222	0.0025	0.32	0.079404467
0.007777778	0.0025	0.341	0.084615385
0.008148148	0.002672414	0.363	0.090074442
0.007962963	0.003103448	0.378	0.093796526
0.008703704	0.003189655	0.4	0.099255583
0.008888889	0.003362069	0.42	0.104218362
0.009074074	0.003706897	0.439	0.108933002
0.00962963	0.00362069	0.458	0.113647643
0.01	0.00387931	0.482	0.119602978
0.010740741	0.003965517	0.5	0.124069479
0.010740741	0.004224138	0.523	0.129776675
0.011666667	0.004224138	0.542	0.134491315
0.011851852	0.004396552	0.557	0.1382134
0.012222222	0.004741379	0.581	0.144168734
0.012777778	0.004827586	0.599	0.148635236
0.012962963	0.005	0.572	0.141935484
0.012592593	0.004741379	0.547	0.13573201
0.012962963	0.004655172	0.493	0.122332506
0.012592593	0.004655172	0.45	0.111662531
0.012407407	0.004396552	0.393	0.09751861
0.011481481	0.004310345	0.35	0.086848635
0.010740741	0.004224138	0.299	0.074193548
0.01	0.00387931	0.247	0.061290323
0.009814815	0.00362069	0.199	0.049379653
0.008703704	0.003189655	0.148	0.036724566
0.006851852	0.002844828	0.096	0.02382134
0.005	0.002327586	0.049	0.012158809
0.004444444	0.002068966	0.033	0.008188586
0.006666667	0.004827586	-0.007	-0.001736973
0.003888889	0.002068966	0.069	0.017121588
0.004074074	0.002241379	0.078	0.019354839
0.003888889	0.002155172	0.074	0.018362283
0.004444444	0.002327586	0.099	0.024565757
0.005	0.0025	0.125	0.03101737
0.005925926	0.0025	0.153	0.037965261
0.005	0.003448276	-0.008	-0.001985112
0.003518519	0.002327586	0.045	0.011166253
0.003888889	0.002241379	0.035	0.008684864
0.00462963	0.002327586	0.069	0.017121588
0.005185185	0.0025	0.098	0.024317618
0.006111111	0.002672414	0.128	0.031761787
0.005925926	0.002931034	0.15	0.037220844
0.006296296	0.003103448	0.173	0.04292804
0.007407407	0.003275862	0.205	0.050868486
0.007777778	0.003448276	0.226	0.056079404
0.007962963	0.003706897	0.251	0.062282878
0.008703704	0.003706897	0.272	0.067493797
0.006111111	0.004051724	0.307	0.07617866
0.005925926	0.004051724	0.306	0.075930521
0.005555556	0.004137931	0.305	0.075682382
0.006111111	0.004310345	0.345	0.08560794
0.007222222	0.004310345	0.375	0.093052109
0.006666667	0.004741379	0.4	0.099255583
0.007592593	0.004827586	0.424	0.105210918
0.007407407	0.004913793	0.441	0.10942928
0.007592593	0.004913793	0.463	0.114888337
0.008333333	0.005	0.479	0.118858561
0.008703704	0.005172414	0.502	0.124565757
0.009074074	0.005344828	0.522	0.129528536
0.00962963	0.005344828	0.545	0.135235732
0.00962963	0.005517241	0.562	0.139454094
0.009814815	0.005603448	0.582	0.144416873
0.011111111	0.005431034	0.602	0.149379653
0.011296296	0.005775862	0.62	0.153846154
0.011666667	0.005948276	0.642	0.159305211
0.012037037	0.00612069	0.663	0.164516129
0.012222222	0.006551724	0.682	0.169230769
0.012592593	0.006637931	0.685	0.169975186
0.013518519	0.006724138	0.7	0.17369727
0.013703704	0.006896552	0.708	0.175682382
0.014074074	0.007068966	0.718	0.178163772
0.015	0.006724138	0.697	0.172952854
0.014074074	0.006810345	0.605	0.150124069
0.013333333	0.006637931	0.538	0.133498759
0.013333333	0.006810345	0.585	0.14516129
0.013888889	0.006810345	0.604	0.149875931
0.013703704	0.006896552	0.623	0.154590571
0.014259259	0.006810345	0.635	0.157568238
0.01462963	0.006896552	0.658	0.163275434
0.014444444	0.006724138	0.627	0.155583127
0.014259259	0.006724138	0.624	0.15483871
0.01462963	0.006810345	0.618	0.153349876
0.014814815	0.006637931	0.614	0.15235732
0.014074074	0.006637931	0.542	0.134491315
0.013333333	0.006551724	0.488	0.121091811
0.013333333	0.006293103	0.449	0.111414392
0.012592593	0.00612069	0.384	0.09528536
0.012407407	0.005948276	0.351	0.087096774
0.011296296	0.005603448	0.292	0.072456576
0.010925926	0.005431034	0.252	0.062531017
0.009444444	0.005172414	0.197	0.048883375
0.008148148	0.004827586	0.148	0.036724566
0.007037037	0.004396552	0.1	0.024813896
0.004444444	0.00362069	0.038	0.00942928
0.002037037	0.002758621	0.015	0.003722084
0.002037037	0.002758621	0.016	0.003970223
0.003333333	0.003189655	0.109	0.027047146
0.002962963	0.003275862	0.104	0.025806452
0.004444444	0.003362069	0.154	0.0382134
0.005555556	0.00387931	0.203	0.050372208
0.006481481	0.004224138	0.253	0.062779156
0.007592593	0.004568966	0.301	0.074689826
0.008703704	0.004827586	0.347	0.086104218
0.009814815	0.005172414	0.402	0.099751861
0.011111111	0.005258621	0.447	0.110918114
0.011666667	0.005689655	0.504	0.125062035
0.012037037	0.005948276	0.525	0.130272953
0.012037037	0.006206897	0.554	0.137468983
0.013148148	0.00612069	0.577	0.143176179
0.013703704	0.00637931	0.608	0.150868486
0.013518519	0.006637931	0.629	0.156079404
0.014444444	0.006551724	0.652	0.1617866
0.014814815	0.006724138	0.677	0.167990074
0.015185185	0.007068966	0.703	0.174441687
0.015555556	0.007241379	0.718	0.178163772
0.016111111	0.007413793	0.74	0.183622829
0.017037037	0.0075	0.746	0.185111663
0.016851852	0.007672414	0.76	0.188585608
0.017592593	0.007844828	0.772	0.191563275
0.017592593	0.007931034	0.755	0.187344913
0.018518519	0.008017241	0.783	0.194292804
0.019074074	0.008017241	0.793	0.196774194
0.019259259	0.008189655	0.786	0.195037221
0.018888889	0.008448276	0.776	0.192555831
0.019444444	0.008448276	0.807	0.200248139
0.01962963	0.008534483	0.813	0.201736973
0.02037037	0.008706897	0.823	0.204218362
0.021111111	0.008706897	0.808	0.200496278
0.020740741	0.008965517	0.833	0.206699752
0.021666667	0.008965517	0.829	0.205707196
0.022037037	0.009051724	0.827	0.205210918
0.022222222	0.009482759	0.872	0.216377171
0.024074074	0.009568966	0.881	0.218610422
0.02462963	0.009827586	0.896	0.222332506
0.025740741	0.01	0.913	0.226550868
0.025925926	0.010344828	0.87	0.215880893
0.026851852	0.010603448	0.926	0.229776675
0.027962963	0.01112069	0.945	0.234491315
0.029814815	0.01137931	0.962	0.238709677
0.031481481	0.011810345	0.979	0.24292804
0.033333333	0.012068966	0.996	0.247146402
0.034814815	0.0125	1.004	0.249131514
0.037962963	0.013189655	0.976	0.242183623
0.038703704	0.013534483	0.968	0.240198511
0.041296296	0.014051724	1.005	0.249379653
0.043148148	0.014482759	0.988	0.24516129
0.044444444	0.015	1.029	0.255334988
0.045	0.014913793	0.998	0.24764268
0.046851852	0.015344828	1.047	0.259801489
0.047962963	0.015689655	1.03	0.255583127
0.049444444	0.015948276	1.058	0.262531017
0.050740741	0.016465517	1.033	0.256327543
0.052407407	0.016465517	1.013	0.251364764
0.052592593	0.016465517	1.003	0.248883375
0.052777778	0.016724138	0.993	0.246401985
0.053148148	0.016637931	0.991	0.245905707
0.053888889	0.017155172	1.053	0.261290323
0.05462963	0.016982759	1.04	0.258064516
0.054444444	0.017327586	1.037	0.257320099
0.067592593	0.018189655	1.006	0.249627792
0.069814815	0.018189655	0.962	0.238709677
0.071296296	0.018189655	0.949	0.235483871
0.072592593	0.018362069	0.932	0.231265509
0.072592593	0.01862069	0.926	0.229776675
0.07537037	0.018793103	0.999	0.247890819
0.049814815	0.015431034	0.624	0.15483871
0.052407407	0.015948276	0.613	0.152109181
0.055555556	0.015431034	0.632	0.156823821
0.053703704	0.015603448	0.599	0.148635236
0.054074074	0.015689655	0.598	0.148387097
0.053703704	0.015689655	0.553	0.137220844
0.052407407	0.015603448	0.461	0.11439206
0.052222222	0.015086207	0.39	0.096774194
0.051296296	0.015	0.337	0.083622829
0.05037037	0.014655172	0.288	0.07146402
0.049074074	0.014482759	0.249	0.0617866
0.047962963	0.01362069	0.192	0.04764268
0.045	0.013448276	0.147	0.036476427
0.042222222	0.012758621	0.095	0.023573201
0.04037037	0.012155172	0.068	0.016873449
0.035	0.010689655	0.011	0.002729529
0.033518519	0.010258621	-0.001	-0.000248139
