-0.562117580206186	0	AS1M1	1363.135132
													2250.227783
-1.6164160156701	0	AS1M2	3919.808838
													3403.530273
-2.2864785356701	0	AS1C1	5544.710449
													997.2365723
-2.55686533525773	0	AS1C2	6200.398438
													1555.922363
-1.4714972614433	0	AS1R1	3568.380859
													2310.45752
-1.53292827793814	0	AS1R2	3717.351074
													
-0.188271094268041	0	AS2M1	456.5574036
													4124.368164
-1.92110039463918	0	AS2M2	4658.668457
													4684.924805
-2.19718065402062	0	AS2C1	5328.163086
													4847.768066
-1.55422338103093	0	AS2C2	3768.991699
													3932.359863
-1.21442131134021	0	AS2R1	2944.97168
													2303.546631
-1.25457282927835	0	AS2R2	3042.339111
													2465.256348
-1.80924250969072	0	PS1C1	4387.413086
													5031.670898
-1.13769490969072	0	PS2C1	2758.910156
													9544.80957
-1.42312389237113	0	PM1C1	3451.075439
													7027.910645
-1.43983297773196	0	PM2C1	3491.594971
													7876.10498
