0.000276288659793814	32	0.00103092783505155	65
0.000498969072164948	44	0.00103092783505155	80
0.000874226804123711	60	0.00103092783505155	108
0.0012659793814433	83	0.00123711340206186	155
0.00174845360824742	127	0.00164948453608247	225
0.00222268041237113	168	0.00206185567010309	288
0.00270103092783505	204	0.00247422680412371	345
0.00302680412371134	221	0.00247422680412371	348
0.00337319587628866	250	0.00288659793814433	415
0.0037360824742268	273	0.00329896907216495	455
0.00409072164948454	293	0.00329896907216495	485
0.00440412371134021	314	0.00391752577319588	513
0.00474639175257732	330	0.00412371134020619	538
0.00499381443298969	346	0.00412371134020619	563
0.00523298969072165	359	0.0043298969072165	585
0.00555051546391753	374	0.00474226804123711	610
0.00590515463917526	392	0.00536082474226804	635
0.00618556701030928	404	0.00515463917525773	630
0.0064659793814433	413	0.00577319587628866	675
0.00681237113402062	436	0.00577319587628866	703
0.00716701030927835	453	0.00597938144329897	733
0.00750103092783505	471	0.00597938144329897	758
0.00783505154639175	486	0.0065979381443299	780
0.00818556701030928	497	0.00639175257731959	803
0.00847422680412371	514	0.00680412371134021	825
0.00879175257731959	526	0.00680412371134021	845
0.00911340206185567	540	0.00721649484536083	865
0.00942680412371134	554	0.00721649484536083	883
0.00978144329896907	564	0.00762886597938144	903
0.0100577319587629	578	0.00783505154639175	920
0.0104164948453608	589	0.00804123711340206	940
0.0107257731958763	598	0.00804123711340206	955
0.011179381443299	600	0.00845360824742268	960
0.0114721649484536	623	0.0088659793814433	990
0.0118309278350515	639	0.00907216494845361	1013
0.0121690721649485	653	0.00927835051546392	1033
0.0124494845360825	663	0.00948453608247423	1025
0.0132494845360825	678	0.00948453608247423	1058
0.0135670103092784	686	0.00989690721649484	1073
0.0138886597938144	700	0.00969072164948454	1090
0.0142432989690722	713	0.0103092783505155	1108
0.014560824742268	728	0.0105154639175258	1118
0.0148659793814433	736	0.0107216494845361	1128
0.0151546391752577	749	0.0107216494845361	1143
0.0154680412371134	758	0.0107216494845361	1158
0.0157731958762887	770	0.0115463917525773	1170
0.0160989690721649	779	0.0119587628865979	1183
0.0164164948453608	795	0.0117525773195876	1195
0.0167340206185567	812	0.0117525773195876	1210
0.0170103092783505	828	0.0119587628865979	1223
0.017319587628866	836	0.0121649484536082	1238
0.0176412371134021	850	0.0121649484536082	1250
0.0179092783505155	858	0.0121649484536082	1263
0.0182309278350515	866	0.0125773195876289	1275
0.0185443298969072	878	0.0129896907216495	1288
0.0188247422680412	889	0.0134020618556701	1303
0.0191422680412371	897	0.0131958762886598	1315
0.019459793814433	904	0.0131958762886598	1323
0.0197319587628866	914	0.0138144329896907	1338
0.0200577319587629	931	0.0138144329896907	1348
0.0203670103092783	942	0.0142268041237113	1358
0.0206845360824742	960	0.0144329896907217	1370
0.0209979381443299	972	0.0148453608247423	1383
0.0212412371134021	981	0.0148453608247423	1393
0.0215587628865979	992	0.0148453608247423	1403
0.0218680412371134	1002	0.0148453608247423	1410
0.0221443298969072	1012	0.0152577319587629	1423
0.022420618556701	1023	0.0154639175257732	1433
0.0226969072164948	1036	0.0154639175257732	1440
0.0230144329896907	1041	0.0158762886597938	1448
0.0232494845360825	1048	0.0158762886597938	1458
0.0235298969072165	1062	0.0158762886597938	1463
0.0237690721649485	1074	0.0162886597938144	1468
0.0240412371134021	1085	0.0162886597938144	1478
0.024280412371134	1091	0.0164948453608247	1488
0.024519587628866	1101	0.0162886597938144	1495
0.0248742268041237	1111	0.0164948453608247	1503
0.0251628865979381	1120	0.0164948453608247	1513
0.0253855670103093	1139	0.0169072164948454	1520
0.0257072164948454	1143	0.0164948453608247	1528
0.025979381443299	1156	0.0171134020618557	1535
0.0264618556701031	1163	0.0169072164948454	1548
0.0267298969072165	1180	0.0171134020618557	1555
0.026960824742268	1186	0.0175257731958763	1568
0.0272453608247423	1197	0.0171134020618557	1575
0.0275175257731959	1216	0.0177319587628866	1585
0.0278020618556701	1226	0.0177319587628866	1595
0.0280742268041237	1236	0.0179381443298969	1603
0.0283175257731959	1252	0.0181443298969072	1613
0.0286268041237113	1266	0.0179381443298969	1618
0.0289072164948454	1278	0.0181443298969072	1613
0.0309443298969072	1279	0.0193814432989691	1585
0.0312329896907217	1291	0.0202061855670103	1590
0.031480412371134	1294	0.0206185567010309	1593
0.031760824742268	1300	0.0206185567010309	1528
