0.000276288659793814	32
0.000498969072164948	44
0.000874226804123711	60
0.0012659793814433	83
0.00174845360824742	127
0.00222268041237113	168
0.00270103092783505	204
0.00302680412371134	221
0.00337319587628866	250
0.0037360824742268	273
0.00409072164948454	293
0.00440412371134021	314
0.00474639175257732	330
0.00499381443298969	346
0.00523298969072165	359
0.00555051546391753	374
0.00590515463917526	392
0.00618556701030928	404
0.0064659793814433	413
0.00681237113402062	436
0.00716701030927835	453
0.00750103092783505	471
0.00783505154639175	486
0.00818556701030928	497
0.00847422680412371	514
0.00879175257731959	526
0.00911340206185567	540
0.00942680412371134	554
0.00978144329896907	564
0.0100577319587629	578
0.0104164948453608	589
0.0107257731958763	598
0.011179381443299	600
0.0114721649484536	623
0.0118309278350515	639
0.0121690721649485	653
0.0124494845360825	663
0.0132494845360825	678
0.0135670103092784	686
0.0138886597938144	700
0.0142432989690722	713
0.014560824742268	728
0.0148659793814433	736
0.0151546391752577	749
0.0154680412371134	758
0.0157731958762887	770
0.0160989690721649	779
0.0164164948453608	795
0.0167340206185567	812
0.0170103092783505	828
0.017319587628866	836
0.0176412371134021	850
0.0179092783505155	858
0.0182309278350515	866
0.0185443298969072	878
0.0188247422680412	889
0.0191422680412371	897
0.019459793814433	904
0.0197319587628866	914
0.0200577319587629	931
0.0203670103092783	942
0.0206845360824742	960
0.0209979381443299	972
0.0212412371134021	981
0.0215587628865979	992
0.0218680412371134	1002
0.0221443298969072	1012
0.022420618556701	1023
0.0226969072164948	1036
0.0230144329896907	1041
0.0232494845360825	1048
0.0235298969072165	1062
0.0237690721649485	1074
0.0240412371134021	1085
0.024280412371134	1091
0.024519587628866	1101
0.0248742268041237	1111
0.0251628865979381	1120
0.0253855670103093	1139
0.0257072164948454	1143
0.025979381443299	1156
0.0264618556701031	1163
0.0267298969072165	1180
0.026960824742268	1186
0.0272453608247423	1197
0.0275175257731959	1216
0.0278020618556701	1226
0.0280742268041237	1236
0.0283175257731959	1252
0.0286268041237113	1266
0.0289072164948454	1278
0.0309443298969072	1279
0.0312329896907217	1291
0.031480412371134	1294
0.031760824742268	1300
