## NFILE T1 T2 CB1 CB2 P1 P2 RWALL1 RWALL2 XMAX1 XMAX2 GMAX1 GMAX2 YMAX1 YMAX2 CEMAX1 CEMAX2
 1    0.12671E+01    0.51722E+00    0.50000E-01    0.36904E-01    0.27518E+01    0.10256E+01    0.15099E+02    0.56275E+01    0.37716E+02    0.20003E+03    0.13715E+00    0.80010E+00    0.12813E+03    0.37177E+03    0.18209E+03    0.22644E+02
 2    0.90253E+00    0.36769E+00    0.10000E+00    0.71960E-01    0.55037E+01    0.19998E+01    0.30199E+02    0.10973E+02    0.24978E+02    0.20004E+03    0.90828E-01    0.80014E+00    0.82059E+02    0.31282E+03    0.29775E+03    0.58365E+02
 3    0.74061E+00    0.30129E+00    0.15000E+00    0.10610E+00    0.82555E+01    0.29488E+01    0.45298E+02    0.16180E+02    0.25225E+02    0.20006E+03    0.91729E-01    0.80025E+00    0.78393E+02    0.27681E+03    0.36018E+03    0.10589E+03
 4    0.64388E+00    0.26163E+00    0.20000E+00    0.13963E+00    0.11007E+02    0.38803E+01    0.60397E+02    0.21291E+02    0.10244E+02    0.20000E+03    0.37250E-01    0.80001E+00    0.70637E+02    0.26538E+03    0.41396E+03    0.15049E+03
 5    0.52883E+00    0.21448E+00    0.30000E+00    0.20533E+00    0.16511E+02    0.57064E+01    0.90596E+02    0.31311E+02    0.71470E+01    0.20004E+03    0.25989E-01    0.80014E+00    0.57218E+02    0.21581E+03    0.43462E+03    0.26006E+03
 6    0.46003E+00    0.18630E+00    0.40000E+00    0.26975E+00    0.22015E+02    0.74965E+01    0.12079E+03    0.41133E+02    0.79417E+01    0.20001E+03    0.28879E-01    0.80003E+00    0.58948E+02    0.19397E+03    0.39405E+03    0.36540E+03
 7    0.41294E+00    0.16702E+00    0.50000E+00    0.33320E+00    0.27518E+02    0.92599E+01    0.15099E+03    0.50809E+02    0.96745E+01    0.20003E+03    0.35180E-01    0.80012E+00    0.53553E+02    0.16752E+03    0.40309E+03    0.52409E+03
 8    0.37799E+00    0.15273E+00    0.60000E+00    0.39628E+00    0.33022E+02    0.11013E+02    0.18119E+03    0.60428E+02    0.94727E+01    0.28159E+02    0.34446E-01    0.11263E+00    0.51613E+02    0.86687E+02    0.40405E+03    0.65511E+03
 9    0.35089E+00    0.14165E+00    0.70000E+00    0.45828E+00    0.38526E+02    0.12736E+02    0.21139E+03    0.69882E+02    0.93413E+01    0.23676E+02    0.33968E-01    0.94703E-01    0.48110E+02    0.86612E+02    0.41774E+03    0.70295E+03
10    0.32901E+00    0.13270E+00    0.80000E+00    0.51973E+00    0.44030E+02    0.14444E+02    0.24159E+03    0.79252E+02    0.33846E+01    0.23268E+02    0.12308E-01    0.93074E-01    0.24936E+02    0.10380E+03    0.25347E+03    0.77689E+03
11    0.31085E+00    0.12527E+00    0.90000E+00    0.58071E+00    0.49533E+02    0.16139E+02    0.27179E+03    0.88552E+02    0.21410E+01    0.18841E+02    0.77855E-02    0.75364E-01    0.21515E+02    0.76110E+02    0.15006E+03    0.74763E+03
12    0.29545E+00    0.11898E+00    0.10000E+01    0.64128E+00    0.55037E+02    0.17822E+02    0.30199E+03    0.97788E+02    0.17993E+01    0.25317E+02    0.65430E-02    0.10127E+00    0.16640E+02    0.89796E+02    0.12201E+03    0.67347E+03
