## NFILE T1 T2 CB1 CB2 P1 P2 RWALL1 RWALL2 XMAX1 XMAX2 GMAX1 GMAX2 YMAX1 YMAX2 CEMAX1 CEMAX2
 1    0.11989E+01    0.57779E+00    0.50000E-01    0.40932E-01    0.14185E+01    0.44883E+00    0.77833E+01    0.24627E+01    0.16245E+03    0.20009E+03    0.59072E+00    0.80036E+00    0.24845E+03    0.41532E+03    0.72428E+02    0.93668E+01
 2    0.85519E+00    0.41151E+00    0.10000E+00    0.79300E-01    0.28370E+01    0.86954E+00    0.15567E+02    0.47711E+01    0.37458E+02    0.20011E+03    0.13621E+00    0.80046E+00    0.82683E+02    0.31113E+03    0.13773E+03    0.24460E+02
 3    0.70246E+00    0.33759E+00    0.15000E+00    0.11642E+00    0.42555E+01    0.12766E+01    0.23350E+02    0.70046E+01    0.19041E+02    0.20006E+03    0.69241E-01    0.80026E+00    0.84916E+02    0.26666E+03    0.20674E+03    0.43479E+02
 4    0.61119E+00    0.29340E+00    0.20000E+00    0.15270E+00    0.56740E+01    0.16744E+01    0.31133E+02    0.91871E+01    0.11700E+02    0.20008E+03    0.42545E-01    0.80034E+00    0.82865E+02    0.24073E+03    0.26658E+03    0.64277E+02
 5    0.50260E+00    0.24083E+00    0.30000E+00    0.22345E+00    0.85110E+01    0.24501E+01    0.46700E+02    0.13444E+02    0.10014E+02    0.20006E+03    0.36414E-01    0.80022E+00    0.70713E+02    0.21744E+03    0.29904E+03    0.11092E+03
 6    0.43762E+00    0.20937E+00    0.40000E+00    0.29246E+00    0.11348E+02    0.32069E+01    0.62266E+02    0.17596E+02    0.93982E+01    0.20005E+03    0.34175E-01    0.80019E+00    0.61239E+02    0.18142E+03    0.30039E+03    0.16622E+03
 7    0.39313E+00    0.18784E+00    0.50000E+00    0.36019E+00    0.14185E+02    0.39495E+01    0.77833E+02    0.21671E+02    0.84948E+01    0.20003E+03    0.30890E-01    0.80012E+00    0.48297E+02    0.17639E+03    0.26928E+03    0.22983E+03
 8    0.36007E+00    0.17186E+00    0.60000E+00    0.42742E+00    0.17022E+02    0.46867E+01    0.93400E+02    0.25716E+02    0.11434E+02    0.28350E+02    0.41578E-01    0.11340E+00    0.56967E+02    0.84676E+02    0.27833E+03    0.28393E+03
 9    0.33447E+00    0.15947E+00    0.70000E+00    0.49317E+00    0.19859E+02    0.54076E+01    0.10897E+03    0.29672E+02    0.62308E+01    0.27164E+02    0.22657E-01    0.10866E+00    0.40847E+02    0.11449E+03    0.20960E+03    0.33393E+03
10    0.31378E+00    0.14946E+00    0.80000E+00    0.55818E+00    0.22696E+02    0.61205E+01    0.12453E+03    0.33583E+02    0.48488E+01    0.21300E+02    0.17632E-01    0.85199E-01    0.35441E+02    0.92402E+02    0.17572E+03    0.32749E+03
11    0.29661E+00    0.14115E+00    0.90000E+00    0.62257E+00    0.25533E+02    0.68265E+01    0.14010E+03    0.37457E+02    0.20740E+01    0.28014E+02    0.75418E-02    0.11206E+00    0.22435E+02    0.95100E+02    0.80538E+02    0.28736E+03
12    0.28205E+00    0.13411E+00    0.10000E+01    0.68640E+00    0.28370E+02    0.75265E+01    0.15567E+03    0.41298E+02    0.21912E+01    0.14084E+02    0.79680E-02    0.56337E-01    0.20247E+02    0.69150E+02    0.83249E+02    0.29351E+03
