# CTIME DISP1 GAMMA1 VEL1 FORCE1 FORCETRI1 FORCESLIP1 ENERGY1 DISP2 GAMMA2 VEL2 FORCE2 FORCETRI2 FORCESLIP2 ENERGY2
  0.020   0.29258E-04   0.10639E-06   0.43463E-02   0.19068E-03   0.35058E-03   0.87645E-04   0.28751E-08   0.66998E-06   0.26799E-08   0.14234E-03   0.14874E-05   0.27790E-05   0.69477E-06   0.52062E-12
  0.040   0.11875E-03   0.43181E-06   0.55479E-03   0.79678E-03   0.14644E-02   0.36611E-03   0.47358E-07   0.10761E-04   0.43045E-07   0.91559E-03   0.24528E-04   0.45795E-04   0.11449E-04   0.13431E-09
  0.060  -0.20499E-04  -0.74541E-07  -0.14058E-01  -0.11869E-03  -0.21852E-03  -0.54630E-04   0.47512E-07   0.30981E-04   0.12392E-06   0.77484E-03   0.71493E-04   0.13344E-03   0.33360E-04   0.11132E-08
  0.080  -0.35535E-03  -0.12922E-05  -0.15558E-01  -0.23657E-02  -0.43485E-02  -0.10871E-02   0.42410E-06   0.25355E-04   0.10142E-06  -0.17020E-02   0.59619E-04   0.11122E-03   0.27806E-04   0.13879E-08
  0.100  -0.45695E-03  -0.16616E-05   0.10677E-01  -0.30836E-02  -0.56671E-02  -0.14168E-02   0.79417E-06  -0.42170E-04  -0.16868E-06  -0.47960E-02  -0.95540E-04  -0.17841E-03  -0.44602E-04   0.20625E-08
  0.120   0.21200E-03   0.77092E-06   0.57929E-01   0.13457E-02   0.24749E-02   0.61872E-03   0.79417E-06  -0.13518E-03  -0.54074E-06  -0.31862E-02  -0.31205E-03  -0.58242E-03  -0.14561E-03   0.21196E-07
  0.140   0.17738E-02   0.64503E-05   0.92425E-01   0.11790E-01   0.21671E-01   0.54177E-02   0.10568E-04  -0.99416E-04  -0.39766E-06   0.87310E-02  -0.23473E-03  -0.43785E-03  -0.10946E-03   0.25589E-07
  0.160   0.36586E-02   0.13304E-04   0.89553E-01   0.24453E-01   0.44946E-01   0.11236E-01   0.44955E-04   0.28773E-03   0.11509E-05   0.31490E-01   0.65251E-03   0.12184E-02   0.30461E-03   0.96024E-07
  0.180   0.52435E-02   0.19067E-04   0.69769E-01   0.35126E-01   0.64561E-01   0.16140E-01   0.92340E-04   0.11989E-02   0.47955E-05   0.60090E-01   0.27525E-02   0.51380E-02   0.12845E-02   0.16671E-05
  0.200   0.64256E-02   0.23366E-04   0.46488E-01   0.43098E-01   0.79212E-01   0.19803E-01   0.13867E-03   0.26914E-02   0.10765E-04   0.88640E-01   0.62009E-02   0.11574E-01   0.28936E-02   0.84011E-05
  0.220   0.68336E-02   0.24849E-04  -0.16885E-01   0.45924E-01   0.84404E-01   0.21101E-01   0.15826E-03   0.46965E-02   0.18786E-04   0.10971E+00   0.10842E-01   0.20236E-01   0.50591E-02   0.25583E-04
  0.240   0.55759E-02   0.20276E-04  -0.10656E+00   0.37598E-01   0.69098E-01   0.17275E-01   0.15826E-03   0.69453E-02   0.27781E-04   0.11081E+00   0.16058E-01   0.29970E-01   0.74925E-02   0.55947E-04
  0.260   0.30728E-02   0.11174E-04  -0.12170E+00   0.20806E-01   0.38236E-01   0.95591E-02   0.15826E-03   0.89378E-02   0.35751E-04   0.83979E-01   0.20693E-01   0.38618E-01   0.96547E-02   0.92652E-04
  0.280   0.14663E-02   0.53320E-05  -0.23499E-01   0.98821E-02   0.18162E-01   0.45405E-02   0.15826E-03   0.10179E-01   0.40716E-04   0.38744E-01   0.23593E-01   0.44030E-01   0.11008E-01   0.12017E-03
  0.300   0.23432E-02   0.85206E-05   0.10646E+00   0.15596E-01   0.28666E-01   0.71665E-02   0.15826E-03   0.10514E-01   0.42057E-04  -0.27180E-02   0.24391E-01   0.45518E-01   0.11380E-01   0.12827E-03
  0.320   0.53962E-02   0.19622E-04   0.18752E+00   0.35992E-01   0.66155E-01   0.16539E-01   0.15826E-03   0.10222E-01   0.40889E-04  -0.21801E-01   0.23722E-01   0.44270E-01   0.11068E-01   0.12827E-03
  0.340   0.95460E-02   0.34713E-04   0.22400E+00   0.63817E-01   0.11730E+00   0.29324E-01   0.30605E-03   0.98435E-02   0.39374E-04  -0.10877E-01   0.22839E-01   0.42621E-01   0.10655E-01   0.12827E-03
  0.360   0.14082E-01   0.51208E-04   0.21970E+00   0.94292E-01   0.17331E+00   0.43327E-01   0.66602E-03   0.99878E-02   0.39951E-04   0.29768E-01   0.23154E-01   0.43211E-01   0.10803E-01   0.12827E-03
  0.380   0.17892E-01   0.65064E-04   0.14952E+00   0.11998E+00   0.22052E+00   0.55130E-01   0.10752E-02   0.11168E-01   0.44671E-04   0.90087E-01   0.25863E-01   0.48267E-01   0.12067E-01   0.14465E-03
  0.400   0.19876E-01   0.72278E-04   0.51240E-01   0.13344E+00   0.24526E+00   0.61314E-01   0.13269E-02   0.13594E-01   0.54376E-04   0.15095E+00   0.31462E-01   0.58717E-01   0.14679E-01   0.21433E-03
  0.420   0.20299E-01   0.73815E-04   0.60595E-02   0.13634E+00   0.25059E+00   0.62647E-01   0.13839E-02   0.17093E-01   0.68373E-04   0.19546E+00   0.39558E-01   0.73827E-01   0.18457E-01   0.33888E-03
  0.440   0.20759E-01   0.75487E-04   0.56404E-01   0.13936E+00   0.25614E+00   0.64035E-01   0.14473E-02   0.21275E-01   0.85098E-04   0.21983E+00   0.49245E-01   0.91906E-01   0.22977E-01   0.52495E-03
  0.460   0.22616E-01   0.82241E-04   0.11633E+00   0.15176E+00   0.27892E+00   0.69731E-01   0.17179E-02   0.25811E-01   0.10324E-03   0.23244E+00   0.59762E-01   0.11153E+00   0.27883E-01   0.77267E-03
  0.480   0.24595E-01   0.89437E-04   0.54488E-01   0.16513E+00   0.30350E+00   0.75876E-01   0.20317E-02   0.30508E-01   0.12203E-03   0.23470E+00   0.70657E-01   0.13186E+00   0.32967E-01   0.10795E-02
  0.500   0.24187E-01   0.87952E-04  -0.98765E-01   0.16260E+00   0.29884E+00   0.74710E-01   0.20656E-02   0.35027E-01   0.14011E-03   0.21136E+00   0.81151E-01   0.15145E+00   0.37863E-01   0.14230E-02
  0.520   0.20728E-01   0.75374E-04  -0.23984E+00   0.13956E+00   0.25648E+00   0.64121E-01   0.20656E-02   0.38678E-01   0.15471E-03   0.14569E+00   0.89649E-01   0.16731E+00   0.41827E-01   0.17350E-02
  0.540   0.14587E-01   0.53042E-04  -0.38170E+00   0.98497E-01   0.18102E+00   0.45255E-01   0.20656E-02   0.40520E-01   0.16208E-03   0.29662E-01   0.93977E-01   0.17538E+00   0.43846E-01   0.19043E-02
  0.560   0.52384E-02   0.19049E-04  -0.55678E+00   0.35942E-01   0.66043E-01   0.16511E-01   0.20656E-02   0.39490E-01   0.15796E-03  -0.14238E+00   0.91670E-01   0.17107E+00   0.42768E-01   0.19099E-02
  0.580  -0.71376E-02  -0.25955E-04  -0.65081E+00  -0.47060E-01  -0.86509E-01  -0.21627E-01   0.20656E-02   0.34443E-01   0.13777E-03  -0.37049E+00   0.80072E-01   0.14942E+00   0.37356E-01   0.19099E-02
  0.600  -0.19905E-01  -0.72383E-04  -0.61189E+00  -0.13287E+00  -0.24423E+00  -0.61057E-01   0.20656E-02   0.24447E-01   0.97790E-04  -0.63161E+00   0.57010E-01   0.10638E+00   0.26595E-01   0.19099E-02
  0.620  -0.31067E-01  -0.11297E-03  -0.49133E+00  -0.20801E+00  -0.38232E+00  -0.95580E-01   0.32415E-02   0.92166E-02   0.36867E-04  -0.88681E+00   0.21801E-01   0.40665E-01   0.10166E-01   0.19099E-02
  0.640  -0.38639E-01  -0.14051E-03  -0.23371E+00  -0.25922E+00  -0.47644E+00  -0.11911E+00   0.50143E-02  -0.10672E-01  -0.42686E-04  -0.10883E+01  -0.24237E-01  -0.45255E-01  -0.11314E-01   0.19099E-02
  0.660  -0.39709E-01  -0.14440E-03   0.13003E+00  -0.26690E+00  -0.49054E+00  -0.12264E+00   0.54185E-02  -0.33561E-01  -0.13424E-03  -0.11770E+01  -0.77290E-01  -0.14427E+00  -0.36067E-01   0.19099E-02
  0.680  -0.34507E-01  -0.12548E-03   0.33535E+00  -0.23224E+00  -0.42683E+00  -0.10671E+00   0.54185E-02  -0.56679E-01  -0.22672E-03  -0.11071E+01  -0.13095E+00  -0.24440E+00  -0.61101E-01   0.37259E-02
  0.700  -0.28627E-01  -0.10410E-03   0.19271E+00  -0.19256E+00  -0.35389E+00  -0.88474E-01   0.54185E-02  -0.76838E-01  -0.30735E-03  -0.88815E+00  -0.17782E+00  -0.33186E+00  -0.82966E-01   0.68478E-02
  0.720  -0.27199E-01  -0.98907E-04  -0.11297E-01  -0.18269E+00  -0.33576E+00  -0.83941E-01   0.54185E-02  -0.91627E-01  -0.36651E-03  -0.58127E+00  -0.21227E+00  -0.39614E+00  -0.99037E-01   0.97373E-02
  0.740  -0.27636E-01  -0.10049E-03   0.42255E-03  -0.18563E+00  -0.34117E+00  -0.85293E-01   0.54185E-02  -0.99843E-01  -0.39937E-03  -0.23665E+00  -0.23149E+00  -0.43201E+00  -0.10800E+00   0.11562E-01
  0.760  -0.27370E-01  -0.99526E-04  -0.14609E-01  -0.18383E+00  -0.33786E+00  -0.84464E-01   0.54185E-02  -0.10103E+00  -0.40412E-03   0.11595E+00  -0.23441E+00  -0.43746E+00  -0.10937E+00   0.11930E-01
  0.780  -0.29647E-01  -0.10781E-03  -0.24305E+00  -0.19881E+00  -0.36541E+00  -0.91353E-01   0.54185E-02  -0.95484E-01  -0.38194E-03   0.42613E+00  -0.22169E+00  -0.41371E+00  -0.10343E+00   0.11930E-01
  0.800  -0.37905E-01  -0.13783E-03  -0.59336E+00  -0.25380E+00  -0.46649E+00  -0.11662E+00   0.54185E-02  -0.84724E-01  -0.33890E-03   0.62575E+00  -0.19683E+00  -0.36731E+00  -0.91828E-01   0.11930E-01
  0.820  -0.53867E-01  -0.19588E-03  -0.10163E+01  -0.36045E+00  -0.66250E+00  -0.16563E+00   0.97452E-02  -0.71619E-01  -0.28648E-03   0.65096E+00  -0.16644E+00  -0.31060E+00  -0.77651E-01   0.11930E-01
  0.840  -0.78226E-01  -0.28446E-03  -0.13907E+01  -0.52356E+00  -0.96230E+00  -0.24058E+00   0.20552E-01  -0.60180E-01  -0.24072E-03   0.45378E+00  -0.13981E+00  -0.26091E+00  -0.65229E-01   0.11930E-01
  0.860  -0.10701E+00  -0.38911E-03  -0.13947E+01  -0.71687E+00  -0.13176E+01  -0.32940E+00   0.38456E-01  -0.54971E-01  -0.21988E-03   0.34568E-01  -0.12753E+00  -0.23800E+00  -0.59500E-01   0.11930E-01
  0.880  -0.13068E+00  -0.47521E-03  -0.90129E+00  -0.87658E+00  -0.16111E+01  -0.40278E+00   0.57357E-01  -0.59723E-01  -0.23889E-03  -0.52131E+00  -0.13829E+00  -0.25809E+00  -0.64523E-01   0.11930E-01
  0.900  -0.14135E+00  -0.51402E-03  -0.15266E+00  -0.94928E+00  -0.17447E+01  -0.43618E+00   0.67107E-01  -0.75743E-01  -0.30297E-03  -0.10653E+01  -0.17519E+00  -0.32697E+00  -0.81743E-01   0.11930E-01
  0.920  -0.13714E+00  -0.49869E-03   0.54446E+00  -0.92192E+00  -0.16944E+01  -0.42360E+00   0.67395E-01  -0.10123E+00  -0.40492E-03  -0.14454E+01  -0.23413E+00  -0.43697E+00  -0.10924E+00   0.11930E-01
  0.940  -0.12186E+00  -0.44314E-03   0.90130E+00  -0.81979E+00  -0.15067E+01  -0.37667E+00   0.67395E-01  -0.13176E+00  -0.52703E-03  -0.15588E+01  -0.30489E+00  -0.56903E+00  -0.14226E+00   0.20135E-01
  0.960  -0.10263E+00  -0.37321E-03   0.10266E+01  -0.69078E+00  -0.12696E+01  -0.31740E+00   0.67395E-01  -0.16166E+00  -0.64664E-03  -0.13843E+01  -0.37434E+00  -0.69862E+00  -0.17466E+00   0.30311E-01
  0.980  -0.78521E-01  -0.28553E-03   0.14909E+01  -0.52945E+00  -0.97305E+00  -0.24326E+00   0.67395E-01  -0.18528E+00  -0.74110E-03  -0.92936E+00  -0.42933E+00  -0.80124E+00  -0.20031E+00   0.39814E-01
  1.000  -0.41264E-01  -0.15005E-03   0.22165E+01  -0.28018E+00  -0.51489E+00  -0.12872E+00   0.67395E-01  -0.19679E+00  -0.78717E-03  -0.17005E+00  -0.45641E+00  -0.85175E+00  -0.21294E+00   0.44917E-01
  1.020   0.77692E-02   0.28252E-04   0.25901E+01   0.48670E-01   0.89520E-01   0.22380E-01   0.67395E-01  -0.19010E+00  -0.76041E-03   0.88188E+00  -0.44139E+00  -0.82370E+00  -0.20593E+00   0.45059E-01
  1.040   0.58660E-01   0.21331E-03   0.24143E+01   0.39074E+00   0.71822E+00   0.17956E+00   0.67395E-01  -0.16027E+00  -0.64108E-03   0.21183E+01  -0.37278E+00  -0.69563E+00  -0.17391E+00   0.45059E-01
  1.060   0.10150E+00   0.36909E-03   0.18136E+01   0.67931E+00   0.12486E+01   0.31214E+00   0.67395E-01  -0.10538E+00  -0.42153E-03   0.33518E+01  -0.24605E+00  -0.45910E+00  -0.11478E+00   0.45059E-01
  1.080   0.12973E+00   0.47175E-03   0.99201E+00   0.87006E+00   0.15991E+01   0.39978E+00   0.67395E-01  -0.27686E-01  -0.11074E-03   0.43629E+01  -0.66297E-01  -0.12362E+00  -0.30906E-01   0.45059E-01
  1.100   0.14145E+00   0.51436E-03   0.20941E+00   0.94984E+00   0.17457E+01   0.43644E+00   0.67395E-01   0.66312E-01   0.26525E-03   0.49536E+01   0.15146E+00   0.28278E+00   0.70695E-01   0.45059E-01
  1.120   0.14104E+00   0.51286E-03  -0.13797E+00   0.94754E+00   0.17415E+01   0.43538E+00   0.67889E-01   0.16683E+00   0.66732E-03   0.50052E+01   0.38460E+00   0.71786E+00   0.17947E+00   0.45059E-01
  1.140   0.13963E+00   0.50774E-03   0.66644E-01   0.93781E+00   0.17236E+01   0.43090E+00   0.67889E-01   0.26301E+00   0.10520E-02   0.45336E+01   0.60544E+00   0.11284E+01   0.28366E+00   0.80225E-01
  1.160   0.14458E+00   0.52575E-03   0.40659E+00   0.97061E+00   0.17839E+01   0.44598E+00   0.70206E-01   0.34652E+00   0.13861E-02   0.38069E+01   0.67534E+00   0.11801E+01   0.37420E+00   0.13377E+00
  1.180   0.15458E+00   0.56210E-03   0.55062E+00   0.10376E+01   0.19070E+01   0.47674E+00   0.80250E-01   0.41506E+00   0.16602E-02   0.30445E+01   0.73273E+00   0.12226E+01   0.44853E+00   0.18206E+00
  1.200   0.16445E+00   0.59800E-03   0.37299E+00   0.11041E+01   0.20293E+01   0.50732E+00   0.90828E-01   0.46828E+00   0.18731E-02   0.22766E+01   0.77733E+00   0.12556E+01   0.50630E+00   0.22227E+00
  1.220   0.16779E+00   0.61016E-03  -0.59792E-01   0.11272E+01   0.20716E+01   0.51791E+00   0.94641E-01   0.50599E+00   0.20240E-02   0.14890E+01   0.80898E+00   0.12790E+01   0.54729E+00   0.25220E+00
  1.240   0.16272E+00   0.59171E-03  -0.39481E+00   0.10935E+01   0.20098E+01   0.50246E+00   0.94641E-01   0.52751E+00   0.21100E-02   0.65403E+00   0.82711E+00   0.12924E+01   0.57075E+00   0.26980E+00
  1.260   0.15419E+00   0.56070E-03  -0.40245E+00   0.10363E+01   0.19046E+01   0.47615E+00   0.94641E-01   0.53189E+00   0.21275E-02  -0.21929E+00   0.83042E+00   0.12940E+01   0.57568E+00   0.27389E+00
  1.280   0.14766E+00   0.53695E-03  -0.25470E+00   0.99220E+00   0.18236E+01   0.45590E+00   0.94641E-01   0.51892E+00   0.20757E-02  -0.10644E+01   0.80073E+00   0.12386E+01   0.56183E+00   0.27389E+00
  1.300   0.14347E+00   0.52171E-03  -0.18645E+00   0.96395E+00   0.17717E+01   0.44292E+00   0.94641E-01   0.49016E+00   0.19606E-02  -0.17836E+01   0.73437E+00   0.11147E+01   0.53086E+00   0.27389E+00
  1.320   0.13931E+00   0.50658E-03  -0.25131E+00   0.93610E+00   0.17205E+01   0.43012E+00   0.94641E-01   0.44887E+00   0.17955E-02  -0.23101E+01   0.63883E+00   0.93640E+00   0.48628E+00   0.27389E+00
  1.340   0.13240E+00   0.48145E-03  -0.46795E+00   0.88996E+00   0.16357E+01   0.40892E+00   0.94641E-01   0.39922E+00   0.15969E-02  -0.26180E+01   0.52382E+00   0.72177E+00   0.43262E+00   0.27389E+00
  1.360   0.11992E+00   0.43607E-03  -0.78499E+00   0.80658E+00   0.14824E+01   0.37060E+00   0.94641E-01   0.34550E+00   0.13820E-02  -0.27236E+01   0.39925E+00   0.48929E+00   0.37450E+00   0.27389E+00
  1.380   0.10109E+00   0.36759E-03  -0.10887E+01   0.68049E+00   0.12507E+01   0.31267E+00   0.94641E-01   0.29135E+00   0.11654E-02  -0.26682E+01   0.27362E+00   0.25485E+00   0.31589E+00   0.27389E+00
  1.400   0.77278E-01   0.28101E-03  -0.12575E+01   0.52079E+00   0.95713E+00   0.23928E+00   0.94641E-01   0.23953E+00   0.95811E-03  -0.24984E+01   0.15333E+00   0.30356E-01   0.25977E+00   0.27389E+00
  1.420   0.52566E-01   0.19115E-03  -0.11608E+01   0.35467E+00   0.65182E+00   0.16296E+00   0.94641E-01   0.19197E+00   0.76787E-03  -0.22444E+01   0.42886E-01  -0.17575E+00   0.20824E+00   0.27389E+00
  1.440   0.31608E-01   0.11494E-03  -0.94906E+00   0.21360E+00   0.39256E+00   0.98140E-01   0.94641E-01   0.15029E+00   0.60116E-03  -0.19105E+01  -0.53949E-01  -0.35645E+00   0.16307E+00   0.27389E+00
  1.460   0.11519E-01   0.41888E-04  -0.11959E+01   0.78995E-01   0.14515E+00   0.36289E-01   0.94641E-01   0.11593E+00   0.46372E-03  -0.15235E+01  -0.13384E+00  -0.50553E+00   0.12580E+00   0.27389E+00
  1.480  -0.21004E-01  -0.76377E-04  -0.21566E+01  -0.13816E+00  -0.25399E+00  -0.63497E-01   0.94641E-01   0.88929E-01   0.35572E-03  -0.12020E+01  -0.19662E+00  -0.62270E+00   0.96504E-01   0.27389E+00
  1.500  -0.74091E-01  -0.26942E-03  -0.30238E+01  -0.49357E+00  -0.90722E+00  -0.22681E+00   0.94641E-01   0.66260E-01   0.26504E-03  -0.11140E+01  -0.24925E+00  -0.72091E+00   0.71951E-01   0.27389E+00
  1.520  -0.13522E+00  -0.49172E-03  -0.28872E+01  -0.90438E+00  -0.16622E+01  -0.41556E+00   0.94641E-01   0.42391E-01   0.16956E-03  -0.13162E+01  -0.30452E+00  -0.82406E+00   0.46162E-01   0.27389E+00
  1.540  -0.18386E+00  -0.66856E-03  -0.18940E+01  -0.12324E+01  -0.22651E+01  -0.56627E+00   0.11353E+00   0.12446E-01   0.49784E-04  -0.16913E+01  -0.37381E+00  -0.95336E+00   0.13835E-01   0.27389E+00
  1.560  -0.21067E+00  -0.76606E-03  -0.85012E+00  -0.14139E+01  -0.25987E+01  -0.64967E+00   0.14905E+00  -0.25465E-01  -0.10186E-03  -0.21019E+01  -0.40742E+00  -0.98178E+00  -0.27105E-01   0.27389E+00
  1.580  -0.22077E+00  -0.80281E-03  -0.24090E+00  -0.14826E+01  -0.27249E+01  -0.68124E+00   0.16370E+00  -0.71354E-01  -0.28542E-03  -0.24734E+01  -0.44569E+00  -0.10101E+01  -0.76688E-01   0.27389E+00
  1.600  -0.22101E+00  -0.80369E-03   0.26017E+00  -0.14849E+01  -0.27291E+01  -0.68229E+00   0.16576E+00  -0.12368E+00  -0.49471E-03  -0.27350E+01  -0.48935E+00  -0.10424E+01  -0.13326E+00   0.27389E+00
  1.620  -0.20839E+00  -0.75777E-03   0.10567E+01  -0.14012E+01  -0.25752E+01  -0.64381E+00   0.16576E+00  -0.17948E+00  -0.71794E-03  -0.28049E+01  -0.53596E+00  -0.10769E+01  -0.19364E+00   0.27389E+00
  1.640  -0.17788E+00  -0.64682E-03   0.19844E+01  -0.11975E+01  -0.22008E+01  -0.55021E+00   0.16576E+00  -0.23386E+00  -0.93546E-03  -0.25745E+01  -0.58144E+00  -0.11106E+01  -0.25254E+00   0.27389E+00
  1.660  -0.13024E+00  -0.47360E-03   0.27294E+01  -0.87854E+00  -0.16146E+01  -0.40365E+00   0.16576E+00  -0.27986E+00  -0.11194E-02  -0.19555E+01  -0.61998E+00  -0.11391E+01  -0.30245E+00   0.30071E+00
  1.680  -0.72056E-01  -0.26202E-03   0.29745E+01  -0.48804E+00  -0.89690E+00  -0.22423E+00   0.16576E+00  -0.30929E+00  -0.12372E-02  -0.92067E+00  -0.64475E+00  -0.11575E+01  -0.33453E+00   0.31933E+00
  1.700  -0.14905E-01  -0.54201E-04   0.26745E+01  -0.10376E+00  -0.19062E+00  -0.47656E-01   0.16576E+00  -0.31434E+00  -0.12574E-02   0.46362E+00  -0.64739E+00  -0.11562E+01  -0.34030E+00   0.32353E+00
  1.720   0.32616E-01   0.11860E-03   0.20305E+01   0.21632E+00   0.39764E+00   0.99410E-01   0.16576E+00  -0.28951E+00  -0.11580E-02   0.20288E+01  -0.59053E+00  -0.10500E+01  -0.31376E+00   0.32353E+00
  1.740   0.64148E-01   0.23326E-03   0.10628E+01   0.42943E+00   0.78929E+00   0.19732E+00   0.16576E+00  -0.23374E+00  -0.93497E-03   0.35101E+01  -0.46187E+00  -0.80990E+00  -0.25373E+00   0.32353E+00
  1.760   0.74364E-01   0.27041E-03  -0.21119E-01   0.49953E+00   0.91809E+00   0.22952E+00   0.16576E+00  -0.15157E+00  -0.60628E-03   0.46245E+01  -0.27179E+00  -0.45515E+00  -0.16504E+00   0.32353E+00
  1.780   0.64315E-01   0.23387E-03  -0.95507E+00   0.43330E+00   0.79634E+00   0.19909E+00   0.16576E+00  -0.52728E-01  -0.21091E-03   0.51473E+01  -0.42764E-01  -0.27717E-01  -0.58179E-01   0.32353E+00
  1.800   0.37936E-01   0.13795E-03  -0.16254E+01   0.25702E+00   0.47235E+00   0.11809E+00   0.16576E+00   0.49506E-01   0.19802E-03   0.49520E+01   0.19448E+00   0.41501E+00   0.52505E-01   0.32353E+00
  1.820   0.20745E-02   0.75438E-05  -0.18824E+01   0.16491E-01   0.30258E-01   0.75646E-02   0.16576E+00   0.14051E+00   0.56202E-03   0.40343E+01   0.40600E+00   0.80973E+00   0.15119E+00   0.32353E+00
  1.840  -0.35143E-01  -0.12779E-03  -0.18085E+01  -0.23360E+00  -0.42938E+00  -0.10735E+00   0.16576E+00   0.20686E+00   0.82745E-03   0.25172E+01   0.55889E+00   0.10939E+01   0.22333E+00   0.32353E+00
  1.860  -0.67013E-01  -0.24368E-03  -0.12476E+01  -0.44843E+00  -0.82421E+00  -0.20605E+00   0.16576E+00   0.23912E+00   0.95647E-03   0.68552E+00   0.58617E+00   0.11141E+01   0.25864E+00   0.32353E+00
  1.880  -0.80389E-01  -0.29232E-03   0.83531E-02  -0.53998E+00  -0.99244E+00  -0.24811E+00   0.16576E+00   0.23414E+00   0.93656E-03  -0.11626E+01   0.57176E+00   0.10848E+01   0.25365E+00   0.32353E+00
  1.900  -0.64799E-01  -0.23563E-03   0.15471E+01  -0.43735E+00  -0.80377E+00  -0.20094E+00   0.16576E+00   0.19470E+00   0.77881E-03  -0.26990E+01   0.48100E+00   0.91538E+00   0.21130E+00   0.32353E+00
  1.920  -0.21287E-01  -0.77406E-04   0.26734E+01  -0.14661E+00  -0.26938E+00  -0.67346E-01   0.16576E+00   0.13045E+00   0.52180E-03  -0.36015E+01   0.33239E+00   0.63802E+00   0.14196E+00   0.32353E+00
  1.940   0.34038E-01   0.12377E-03   0.25933E+01   0.22511E+00   0.41380E+00   0.10345E+00   0.16576E+00   0.55876E-01   0.22350E-03  -0.37293E+01   0.15947E+00   0.31531E+00   0.61279E-01   0.32353E+00
  1.960   0.76303E-01   0.27747E-03   0.15929E+01   0.51037E+00   0.93805E+00   0.23451E+00   0.16576E+00  -0.14305E-01  -0.57219E-04  -0.31968E+01  -0.35805E-02   0.11041E-01  -0.14788E-01   0.32353E+00
  1.980   0.97171E-01   0.35335E-03   0.50504E+00   0.65201E+00   0.11984E+01   0.29959E+00   0.16576E+00  -0.69138E-01  -0.27655E-03  -0.22364E+01  -0.13123E+00  -0.22716E+00  -0.74340E-01   0.32353E+00
  2.000   0.96403E-01   0.35056E-03  -0.59749E+00   0.64835E+00   0.11916E+01   0.29790E+00   0.16576E+00  -0.10262E+00  -0.41048E-03  -0.11056E+01  -0.20944E+00  -0.37308E+00  -0.11082E+00   0.32353E+00
  2.020   0.73819E-01   0.26843E-03  -0.16194E+01   0.49804E+00   0.91531E+00   0.22883E+00   0.16576E+00  -0.11399E+00  -0.45596E-03  -0.66813E-01  -0.23631E+00  -0.42320E+00  -0.12335E+00   0.32353E+00
  2.040   0.32892E-01   0.11961E-03  -0.24526E+01   0.22426E+00   0.41211E+00   0.10303E+00   0.16576E+00  -0.10737E+00  -0.42947E-03   0.66257E+00  -0.22130E+00  -0.39517E+00  -0.11634E+00   0.32353E+00
  2.060  -0.21160E-01  -0.76944E-04  -0.28217E+01  -0.13830E+00  -0.25426E+00  -0.63564E-01   0.16576E+00  -0.90544E-01  -0.36217E-03   0.93910E+00  -0.18240E+00  -0.32258E+00  -0.98194E-01   0.32353E+00
  2.080  -0.74431E-01  -0.27066E-03  -0.23636E+01  -0.49674E+00  -0.91303E+00  -0.22826E+00   0.16576E+00  -0.72876E-01  -0.29151E-03   0.76017E+00  -0.14133E+00  -0.24594E+00  -0.79035E-01   0.32353E+00
  2.100  -0.11179E+00  -0.40649E-03  -0.13193E+01  -0.74907E+00  -0.13768E+01  -0.34419E+00   0.16576E+00  -0.62214E-01  -0.24886E-03   0.27158E+00  -0.11637E+00  -0.19937E+00  -0.67391E-01   0.32353E+00
  2.120  -0.12633E+00  -0.45940E-03  -0.14452E+00  -0.84840E+00  -0.15593E+01  -0.38982E+00   0.16576E+00  -0.62641E-01  -0.25056E-03  -0.31164E+00  -0.11708E+00  -0.20071E+00  -0.67726E-01   0.32353E+00
  2.140  -0.11883E+00  -0.43211E-03   0.84227E+00  -0.79934E+00  -0.14691E+01  -0.36727E+00   0.16576E+00  -0.73916E-01  -0.29567E-03  -0.78259E+00  -0.14301E+00  -0.24911E+00  -0.79827E-01   0.32353E+00
  2.160  -0.93537E-01  -0.34013E-03   0.16952E+01  -0.63059E+00  -0.11589E+01  -0.28973E+00   0.16576E+00  -0.92166E-01  -0.36866E-03  -0.98745E+00  -0.18525E+00  -0.32793E+00  -0.99533E-01   0.32353E+00
  2.180  -0.52102E-01  -0.18946E-03   0.23887E+01  -0.35321E+00  -0.64911E+00  -0.16228E+00   0.16576E+00  -0.11089E+00  -0.44356E-03  -0.81684E+00  -0.22876E+00  -0.40913E+00  -0.11983E+00   0.32353E+00
  2.200  -0.13114E-02  -0.47686E-05   0.25873E+01  -0.12323E-01  -0.22579E-01  -0.56448E-02   0.16576E+00  -0.12214E+00  -0.48855E-03  -0.24511E+00  -0.25512E+00  -0.45832E+00  -0.13213E+00   0.32353E+00
  2.220   0.48326E-01   0.17573E-03   0.23278E+01   0.32144E+00   0.59085E+00   0.14771E+00   0.16576E+00  -0.11858E+00  -0.47434E-03   0.64098E+00  -0.24730E+00  -0.44370E+00  -0.12848E+00   0.32353E+00
  2.240   0.88852E-01   0.32310E-03   0.16288E+01   0.59461E+00   0.10929E+01   0.27322E+00   0.16576E+00  -0.95477E-01  -0.38191E-03   0.16772E+01  -0.19419E+00  -0.34457E+00  -0.10369E+00   0.32353E+00
  2.260   0.11066E+00   0.40238E-03   0.50735E+00   0.74259E+00   0.13648E+01   0.34121E+00   0.16576E+00  -0.52040E-01  -0.20816E-03   0.26317E+01  -0.93888E-01  -0.15736E+00  -0.56889E-01   0.32353E+00
  2.280   0.10913E+00   0.39685E-03  -0.61794E+00   0.73389E+00   0.13488E+01   0.33720E+00   0.16576E+00   0.75960E-02   0.30384E-04   0.32599E+01   0.44146E-01   0.10026E+00   0.75156E-02   0.32353E+00
  2.300   0.88358E-01   0.32130E-03  -0.13833E+01   0.59538E+00   0.10942E+01   0.27356E+00   0.16576E+00   0.75007E-01   0.30003E-03   0.33897E+01   0.20045E+00   0.39196E+00   0.80443E-01   0.32353E+00
  2.320   0.57693E-01   0.20979E-03  -0.15688E+01   0.38966E+00   0.71612E+00   0.17903E+00   0.16576E+00   0.13948E+00   0.55793E-03   0.29693E+01   0.35021E+00   0.67143E+00   0.15031E+00   0.32353E+00
  2.340   0.29050E-01   0.10564E-03  -0.12394E+01   0.19682E+00   0.36170E+00   0.90426E-01   0.16576E+00   0.19066E+00   0.76265E-03   0.20839E+01   0.46935E+00   0.89375E+00   0.20589E+00   0.32353E+00
  2.360   0.83643E-02   0.30416E-04  -0.87166E+00   0.57369E-01   0.10542E+00   0.26354E-01   0.16576E+00   0.22087E+00   0.88348E-03   0.90264E+00   0.53999E+00   0.10255E+01   0.23884E+00   0.32353E+00
  2.380  -0.70476E-02  -0.25628E-04  -0.68827E+00  -0.46404E-01  -0.85304E-01  -0.21326E-01   0.16576E+00   0.22593E+00   0.90373E-03  -0.40399E+00   0.55235E+00   0.10486E+01   0.24460E+00   0.32353E+00
  2.400  -0.19108E-01  -0.69484E-04  -0.49672E+00  -0.12767E+00  -0.23467E+00  -0.58667E-01   0.16576E+00   0.20492E+00   0.81970E-03  -0.16782E+01   0.50423E+00   0.95875E+00   0.22214E+00   0.32353E+00
  2.420  -0.26717E-01  -0.97151E-04  -0.27449E+00  -0.17908E+00  -0.32915E+00  -0.82287E-01   0.16576E+00   0.16006E+00   0.64025E-03  -0.27649E+01   0.40068E+00   0.76549E+00   0.17383E+00   0.32353E+00
  2.440  -0.30791E-01  -0.11197E-03  -0.15650E+00  -0.20661E+00  -0.37974E+00  -0.94934E-01   0.16576E+00   0.96419E-01   0.38568E-03  -0.35401E+01   0.25342E+00   0.49065E+00   0.10512E+00   0.32353E+00
  2.460  -0.32304E-01  -0.11747E-03   0.61201E-01  -0.21707E+00  -0.39896E+00  -0.99739E-01   0.16576E+00   0.21041E-01   0.84165E-04  -0.39277E+01   0.78756E-01   0.16468E+00   0.23622E-01   0.32353E+00
  2.480  -0.27013E-01  -0.98228E-04   0.47895E+00  -0.18209E+00  -0.33466E+00  -0.83665E-01   0.16576E+00  -0.57684E-01  -0.23074E-03  -0.38662E+01  -0.10389E+00  -0.17617E+00  -0.61591E-01   0.32353E+00
  2.500  -0.15264E-01  -0.55505E-04   0.58319E+00  -0.10332E+00  -0.18988E+00  -0.47471E-01   0.16576E+00  -0.13047E+00  -0.52188E-03  -0.33392E+01  -0.27298E+00  -0.49171E+00  -0.14048E+00   0.32353E+00
  2.520  -0.90136E-02  -0.32777E-04  -0.10724E+00  -0.60407E-01  -0.11102E+00  -0.27756E-01   0.16576E+00  -0.18883E+00  -0.75533E-03  -0.24545E+01  -0.40878E+00  -0.74512E+00  -0.20383E+00   0.32353E+00
  2.540  -0.21710E-01  -0.78946E-04  -0.11227E+01  -0.14431E+00  -0.26526E+00  -0.66315E-01   0.16576E+00  -0.22783E+00  -0.91133E-03  -0.14456E+01  -0.49973E+00  -0.91482E+00  -0.24626E+00   0.32353E+00
  2.560  -0.49019E-01  -0.17825E-03  -0.14087E+01  -0.32735E+00  -0.60168E+00  -0.15042E+00   0.16576E+00  -0.24728E+00  -0.98914E-03  -0.52430E+00  -0.54529E+00  -0.99983E+00  -0.26751E+00   0.32353E+00
  2.580  -0.72367E-01  -0.26315E-03  -0.84304E+00  -0.48495E+00  -0.89131E+00  -0.22283E+00   0.16576E+00  -0.24983E+00  -0.99932E-03   0.24553E+00  -0.55156E+00  -0.10115E+01  -0.27043E+00   0.32353E+00
  2.600  -0.82687E-01  -0.30068E-03  -0.26682E+00  -0.55505E+00  -0.10201E+01  -0.25504E+00   0.16576E+00  -0.23831E+00  -0.95325E-03   0.88552E+00  -0.52515E+00  -0.96222E+00  -0.25811E+00   0.32353E+00
  2.620  -0.85580E-01  -0.31120E-03  -0.70651E-01  -0.57475E+00  -0.10563E+01  -0.26409E+00   0.16576E+00  -0.21532E+00  -0.86127E-03   0.13886E+01  -0.47205E+00  -0.86310E+00  -0.23333E+00   0.32353E+00
  2.640  -0.85058E-01  -0.30930E-03   0.19128E+00  -0.57160E+00  -0.10505E+01  -0.26264E+00   0.16576E+00  -0.18388E+00  -0.73552E-03   0.17279E+01  -0.39929E+00  -0.72731E+00  -0.19938E+00   0.32353E+00
  2.660  -0.75753E-01  -0.27547E-03   0.77833E+00  -0.50989E+00  -0.93712E+00  -0.23428E+00   0.16576E+00  -0.14712E+00  -0.58848E-03   0.19309E+01  -0.31411E+00  -0.56835E+00  -0.15964E+00   0.32353E+00
  2.680  -0.55944E-01  -0.20343E-03   0.10666E+01  -0.37723E+00  -0.69329E+00  -0.17332E+00   0.16576E+00  -0.10713E+00  -0.42851E-03   0.20573E+01  -0.22140E+00  -0.39534E+00  -0.11638E+00   0.32353E+00
  2.700  -0.37841E-01  -0.13760E-03   0.64454E+00  -0.25506E+00  -0.46877E+00  -0.11719E+00   0.16576E+00  -0.65432E-01  -0.26173E-03   0.20910E+01  -0.12470E+00  -0.21487E+00  -0.71266E-01   0.32353E+00
  2.720  -0.29063E-01  -0.10568E-03   0.38231E+00  -0.19574E+00  -0.35974E+00  -0.89935E-01   0.16576E+00  -0.24587E-01  -0.98349E-04   0.19653E+01  -0.29893E-01  -0.37945E-01  -0.27035E-01   0.32353E+00
  2.740  -0.15642E-01  -0.56880E-04   0.11508E+01  -0.10662E+00  -0.19593E+00  -0.48983E-01   0.16576E+00   0.12360E-01   0.49439E-04   0.17221E+01   0.55927E-01   0.12221E+00   0.13003E-01   0.32353E+00
  2.760   0.20570E-01   0.74801E-04   0.24608E+01   0.13484E+00   0.24789E+00   0.61973E-01   0.16576E+00   0.44731E-01   0.17892E-03   0.15425E+01   0.13110E+00   0.26249E+00   0.48076E-01   0.32353E+00
  2.780   0.77557E-01   0.28202E-03   0.29936E+01   0.51689E+00   0.95008E+00   0.23752E+00   0.16576E+00   0.75604E-01   0.30242E-03   0.15863E+01   0.20270E+00   0.39611E+00   0.81479E-01   0.32353E+00
  2.800   0.13204E+00   0.48014E-03   0.22895E+01   0.88380E+00   0.16244E+01   0.40610E+00   0.16576E+00   0.10952E+00   0.43807E-03   0.18255E+01   0.28125E+00   0.54271E+00   0.11813E+00   0.32353E+00
  2.820   0.16741E+00   0.60877E-03   0.13237E+01   0.11227E+01   0.20635E+01   0.51587E+00   0.16576E+00   0.14880E+00   0.59519E-03   0.20938E+01   0.37224E+00   0.71252E+00   0.16058E+00   0.32353E+00
  2.840   0.18701E+00   0.68003E-03   0.66078E+00   0.12553E+01   0.23071E+01   0.57677E+00   0.16576E+00   0.19256E+00   0.77025E-03   0.22569E+01   0.47368E+00   0.90183E+00   0.20791E+00   0.32353E+00
  2.860   0.19261E+00   0.70039E-03  -0.18501E+00   0.12940E+01   0.23783E+01   0.59457E+00   0.16576E+00   0.23775E+00   0.95102E-03   0.22202E+01   0.57853E+00   0.10975E+01   0.25683E+00   0.32353E+00
  2.880   0.17714E+00   0.64416E-03  -0.14020E+01   0.11918E+01   0.21904E+01   0.54759E+00   0.16576E+00   0.27961E+00   0.11184E-02   0.19241E+01   0.61977E+00   0.11390E+01   0.30219E+00   0.34326E+00
  2.900   0.13790E+00   0.50146E-03  -0.24166E+01   0.92956E+00   0.17084E+01   0.42710E+00   0.16576E+00   0.31264E+00   0.12505E-02   0.13191E+01   0.64747E+00   0.11595E+01   0.33806E+00   0.36420E+00
  2.920   0.86910E-01   0.31604E-03  -0.24729E+01   0.58714E+00   0.10791E+01   0.26976E+00   0.16576E+00   0.32998E+00   0.13199E-02   0.36192E+00   0.66214E+00   0.11703E+01   0.35705E+00   0.37556E+00
  2.940   0.44217E-01   0.16079E-03  -0.17462E+01   0.29939E+00   0.55020E+00   0.13755E+00   0.16576E+00   0.32549E+00   0.13020E-02  -0.83526E+00   0.65102E+00   0.11487E+01   0.35245E+00   0.37633E+00
  2.960   0.13818E-01   0.50248E-04  -0.14997E+01   0.94852E-01   0.17429E+00   0.43573E-01   0.16576E+00   0.29635E+00   0.11854E-02  -0.20730E+01   0.58400E+00   0.10236E+01   0.32117E+00   0.37633E+00
  2.980  -0.22304E-01  -0.81106E-04  -0.22304E+01  -0.14680E+00  -0.26986E+00  -0.67466E-01   0.16576E+00   0.24296E+00   0.97183E-03  -0.32560E+01   0.46072E+00   0.79355E+00   0.26365E+00   0.37633E+00
  3.000  -0.74615E-01  -0.27133E-03  -0.28486E+01  -0.49733E+00  -0.91412E+00  -0.22853E+00   0.16576E+00   0.16646E+00   0.66582E-03  -0.43818E+01   0.28380E+00   0.46335E+00   0.18109E+00   0.37633E+00
  3.020  -0.13046E+00  -0.47441E-03  -0.26020E+01  -0.87279E+00  -0.16042E+01  -0.40105E+00   0.16576E+00   0.68591E-01   0.27436E-03  -0.53691E+01   0.57257E-01   0.40557E-01   0.75394E-01   0.37633E+00
  3.040  -0.17789E+00  -0.64686E-03  -0.22302E+01  -0.11918E+01  -0.21906E+01  -0.54764E+00   0.16576E+00  -0.46328E-01  -0.18531E-03  -0.60638E+01  -0.20898E+00  -0.45632E+00  -0.48827E-01   0.37633E+00
  3.060  -0.22470E+00  -0.81711E-03  -0.26087E+01  -0.15058E+01  -0.27676E+01  -0.69191E+00   0.16958E+00  -0.17152E+00  -0.68610E-03  -0.63985E+01  -0.49924E+00  -0.99799E+00  -0.18425E+00   0.37633E+00
  3.080  -0.28388E+00  -0.10323E-02  -0.32276E+01  -0.19025E+01  -0.34967E+01  -0.87418E+00   0.27066E+00  -0.30123E+00  -0.12049E-02  -0.65973E+01  -0.63700E+00  -0.11518E+01  -0.32458E+00   0.41124E+00
  3.100  -0.34736E+00  -0.12631E-02  -0.28907E+01  -0.20740E+01  -0.36428E+01  -0.10703E+01   0.39738E+00  -0.43576E+00  -0.17431E-02  -0.68339E+01  -0.74935E+00  -0.12349E+01  -0.47013E+00   0.50466E+00
  3.120  -0.39268E+00  -0.14279E-02  -0.15285E+01  -0.21873E+01  -0.37233E+01  -0.12110E+01   0.49400E+00  -0.57332E+00  -0.22933E-02  -0.68819E+01  -0.86427E+00  -0.13200E+01  -0.61899E+00   0.61581E+00
  3.140  -0.40828E+00  -0.14846E-02  -0.12978E+00  -0.22267E+01  -0.37513E+01  -0.12600E+01   0.52843E+00  -0.70916E+00  -0.28366E-02  -0.66518E+01  -0.97780E+00  -0.14040E+01  -0.76605E+00   0.74109E+00
  3.160  -0.40213E+00  -0.14623E-02   0.62817E+00  -0.21869E+01  -0.36782E+01  -0.12415E+01   0.52878E+00  -0.83741E+00  -0.33496E-02  -0.61221E+01  -0.10850E+01  -0.14834E+01  -0.90496E+00   0.87351E+00
  3.180  -0.38533E+00  -0.14012E-02   0.10585E+01  -0.20746E+01  -0.34718E+01  -0.11899E+01   0.52878E+00  -0.95200E+00  -0.38080E-02  -0.52850E+01  -0.11809E+01  -0.15544E+01  -0.10292E+01   0.10035E+01
  3.200  -0.35939E+00  -0.13069E-02   0.15495E+01  -0.19010E+01  -0.31528E+01  -0.11102E+01   0.52878E+00  -0.10467E+01  -0.41868E-02  -0.41327E+01  -0.12603E+01  -0.16131E+01  -0.11319E+01   0.11191E+01
  3.220  -0.32505E+00  -0.11820E-02   0.17880E+01  -0.16707E+01  -0.27295E+01  -0.10043E+01   0.52878E+00  -0.11152E+01  -0.44608E-02  -0.26673E+01  -0.13177E+01  -0.16556E+01  -0.12063E+01   0.12075E+01
  3.240  -0.29324E+00  -0.10663E-02   0.12254E+01  -0.14562E+01  -0.23354E+01  -0.90580E+00   0.52878E+00  -0.11518E+01  -0.46073E-02  -0.96939E+00  -0.13486E+01  -0.16785E+01  -0.12463E+01   0.12563E+01
  3.260  -0.28310E+00  -0.10295E-02  -0.39248E+00  -0.13860E+01  -0.22063E+01  -0.87353E+00   0.52878E+00  -0.11538E+01  -0.46152E-02   0.75021E+00  -0.13474E+01  -0.16720E+01  -0.12489E+01   0.12635E+01
  3.280  -0.31501E+00  -0.11455E-02  -0.29176E+01  -0.15968E+01  -0.25939E+01  -0.97043E+00   0.52878E+00  -0.11242E+01  -0.44968E-02   0.21086E+01  -0.12794E+01  -0.15451E+01  -0.12171E+01   0.12635E+01
  3.300  -0.40174E+00  -0.14609E-02  -0.57351E+01  -0.21756E+01  -0.36577E+01  -0.12364E+01   0.52878E+00  -0.10750E+01  -0.43001E-02   0.26340E+01  -0.11656E+01  -0.13327E+01  -0.11640E+01   0.12635E+01
  3.320  -0.54302E+00  -0.19746E-02  -0.83668E+01  -0.25573E+01  -0.39860E+01  -0.16708E+01   0.85103E+00  -0.10253E+01  -0.41014E-02   0.22085E+01  -0.10502E+01  -0.11172E+01  -0.11102E+01   0.12635E+01
  3.340  -0.73572E+00  -0.26753E-02  -0.10894E+02  -0.30347E+01  -0.43250E+01  -0.22640E+01   0.13908E+01  -0.99176E+00  -0.39670E-02   0.10250E+01  -0.97170E+00  -0.97083E+00  -0.10736E+01   0.12635E+01
  3.360  -0.97829E+00  -0.35574E-02  -0.13347E+02  -0.36361E+01  -0.47519E+01  -0.30111E+01   0.22013E+01  -0.98910E+00  -0.39564E-02  -0.87045E+00  -0.96465E+00  -0.95771E+00  -0.10703E+01   0.12635E+01
  3.380  -0.12685E+01  -0.46127E-02  -0.15632E+02  -0.43559E+01  -0.52629E+01  -0.39054E+01   0.33631E+01  -0.10305E+01  -0.41221E-02  -0.33566E+01  -0.10596E+01  -0.11349E+01  -0.11146E+01   0.12635E+01
  3.400  -0.16024E+01  -0.58268E-02  -0.17737E+02  -0.51843E+01  -0.58510E+01  -0.49346E+01   0.49587E+01  -0.11261E+01  -0.45043E-02  -0.62460E+01  -0.12798E+01  -0.15459E+01  -0.12173E+01   0.12635E+01
  3.420  -0.19743E+01  -0.71794E-02  -0.19283E+02  -0.61076E+01  -0.65065E+01  -0.60816E+01   0.70623E+01  -0.12823E+01  -0.51292E-02  -0.94568E+01  -0.14561E+01  -0.17581E+01  -0.13857E+01   0.14394E+01
  3.440  -0.23605E+01  -0.85838E-02  -0.18881E+02  -0.69142E+01  -0.71064E+01  -0.70729E+01   0.96046E+01  -0.15072E+01  -0.60290E-02  -0.13076E+02  -0.16434E+01  -0.18968E+01  -0.16284E+01   0.17885E+01
  3.460  -0.27137E+01  -0.98681E-02  -0.16048E+02  -0.69613E+01  -0.72884E+01  -0.70729E+01   0.12055E+02  -0.18020E+01  -0.72080E-02  -0.16255E+02  -0.18891E+01  -0.20787E+01  -0.19467E+01   0.23099E+01
  3.480  -0.29890E+01  -0.10869E-01  -0.11194E+02  -0.69981E+01  -0.74305E+01  -0.70729E+01   0.13977E+02  -0.21510E+01  -0.86038E-02  -0.18475E+02  -0.21275E+01  -0.22662E+01  -0.22547E+01   0.30191E+01
  3.500  -0.31486E+01  -0.11450E-01  -0.44286E+01  -0.70195E+01  -0.75133E+01  -0.70729E+01   0.15096E+02  -0.25367E+01  -0.10147E-01  -0.20017E+02  -0.21317E+01  -0.23358E+01  -0.22547E+01   0.38407E+01
  3.520  -0.31502E+01  -0.11455E-01   0.47120E+01  -0.68853E+01  -0.72671E+01  -0.70135E+01   0.15262E+02  -0.29477E+01  -0.11791E-01  -0.20952E+02  -0.21362E+01  -0.24098E+01  -0.22547E+01   0.47178E+01
  3.540  -0.29493E+01  -0.10725E-01   0.15464E+02  -0.55502E+01  -0.48131E+01  -0.64000E+01   0.15262E+02  -0.33659E+01  -0.13463E-01  -0.20528E+02  -0.21407E+01  -0.24853E+01  -0.22547E+01   0.56122E+01
  3.560  -0.25383E+01  -0.92303E-02   0.25245E+02  -0.30401E+01  -0.35654E+00  -0.51376E+01   0.15262E+02  -0.37512E+01  -0.15005E-01  -0.17485E+02  -0.21449E+01  -0.25549E+01  -0.22547E+01   0.64379E+01
  3.580  -0.19516E+01  -0.70969E-02   0.33144E+02  -0.15866E+01   0.67538E+00  -0.33317E+01   0.15262E+02  -0.40506E+01  -0.16203E-01  -0.12182E+02  -0.21483E+01  -0.26091E+01  -0.22547E+01   0.70808E+01
  3.600  -0.12245E+01  -0.44529E-02   0.39251E+02   0.21663E+00   0.19555E+01  -0.10914E+01   0.15262E+02  -0.42268E+01  -0.16907E-01  -0.51377E+01  -0.21503E+01  -0.26411E+01  -0.22547E+01   0.74595E+01
  3.620  -0.39238E+00  -0.14268E-02   0.43850E+02   0.13972E+01   0.34216E+01   0.00000E+00   0.15262E+02  -0.42449E+01  -0.16980E-01   0.34796E+01  -0.21252E+01  -0.25956E+01  -0.22451E+01   0.75278E+01
  3.640   0.52993E+00   0.19270E-02   0.48330E+02   0.29642E+01   0.50466E+01   0.16403E+01   0.15262E+02  -0.40863E+01  -0.16345E-01   0.12486E+02  -0.17615E+01  -0.19165E+01  -0.20753E+01   0.75278E+01
  3.660   0.15353E+01   0.55829E-02   0.52073E+02   0.54040E+01   0.66785E+01   0.47409E+01   0.17245E+02  -0.37405E+01  -0.14962E-01   0.22145E+02  -0.96405E+00  -0.42820E+00  -0.17032E+01   0.75278E+01
  3.680   0.26009E+01   0.94580E-02   0.54062E+02   0.69447E+01   0.72265E+01   0.70729E+01   0.24058E+02  -0.31982E+01  -0.12793E-01   0.32119E+02  -0.50096E+00  -0.64485E-01  -0.11185E+01   0.75278E+01
  3.700   0.36807E+01   0.13384E-01   0.53348E+02   0.70882E+01   0.77820E+01   0.70729E+01   0.31637E+02  -0.24638E+01  -0.98551E-02   0.41034E+02   0.11106E+00   0.38863E+00  -0.32556E+00   0.75278E+01
  3.720   0.47123E+01   0.17136E-01   0.49203E+02   0.72254E+01   0.83130E+01   0.70729E+01   0.39022E+02  -0.15689E+01  -0.62757E-02   0.48243E+02   0.47258E+00   0.94114E+00   0.00000E+00   0.75278E+01
  3.740   0.56297E+01   0.20472E-01   0.42205E+02   0.73476E+01   0.87856E+01   0.70729E+01   0.45708E+02  -0.54100E+00  -0.21640E-02   0.54367E+02   0.66358E+00   0.15761E+01   0.00000E+00   0.75278E+01
  3.760   0.63921E+01   0.23244E-01   0.33973E+02   0.74492E+01   0.91787E+01   0.70729E+01   0.51350E+02   0.59754E+00   0.23902E-02   0.59188E+02   0.11423E+01   0.19846E+01   0.64182E+00   0.80588E+01
  3.780   0.69880E+01   0.25411E-01   0.25616E+02   0.75288E+01   0.94861E+01   0.70729E+01   0.55814E+02   0.18109E+01   0.72435E-02   0.61743E+02   0.19430E+01   0.22033E+01   0.19544E+01   0.99412E+01
  3.800   0.74168E+01   0.26970E-01   0.17217E+02   0.75861E+01   0.97075E+01   0.70729E+01   0.59054E+02   0.30542E+01   0.12217E-01   0.62459E+02   0.21367E+01   0.24276E+01   0.22547E+01   0.12568E+02
  3.820   0.76773E+01   0.27918E-01   0.89286E+01   0.76210E+01   0.98424E+01   0.70729E+01   0.61036E+02   0.43054E+01   0.17222E-01   0.62573E+02   0.21503E+01   0.26532E+01   0.22547E+01   0.15251E+02
  3.840   0.77774E+01   0.28281E-01   0.11600E+01   0.76346E+01   0.98946E+01   0.70729E+01   0.61799E+02   0.55536E+01   0.22214E-01   0.62157E+02   0.21639E+01   0.28784E+01   0.22547E+01   0.17944E+02
  3.860   0.77275E+01   0.28100E-01  -0.60037E+01   0.73438E+01   0.93395E+01   0.69522E+01   0.61812E+02   0.67884E+01   0.27154E-01   0.61201E+02   0.21774E+01   0.31012E+01   0.22547E+01   0.20626E+02
  3.880   0.75472E+01   0.27444E-01  -0.11687E+02   0.61404E+01   0.71276E+01   0.63992E+01   0.61812E+02   0.79939E+01   0.31975E-01   0.59097E+02   0.21905E+01   0.33187E+01   0.22547E+01   0.23260E+02
  3.900   0.72767E+01   0.26461E-01  -0.14893E+02   0.43276E+01   0.37959E+01   0.55663E+01   0.61812E+02   0.91412E+01   0.36565E-01   0.55361E+02   0.21456E+01   0.33820E+01   0.22547E+01   0.25758E+02
  3.920   0.69699E+01   0.25345E-01  -0.15436E+02   0.32341E+01   0.24259E+01   0.46197E+01   0.61812E+02   0.10199E+02   0.40796E-01   0.50323E+02   0.20808E+01   0.33820E+01   0.22547E+01   0.27993E+02
  3.940   0.66700E+01   0.24254E-01  -0.14338E+02   0.24884E+01   0.18965E+01   0.36934E+01   0.61812E+02   0.11152E+02   0.44608E-01   0.44944E+02   0.20224E+01   0.33820E+01   0.22547E+01   0.29948E+02
  3.960   0.64002E+01   0.23273E-01  -0.12658E+02   0.18174E+01   0.14202E+01   0.28598E+01   0.61812E+02   0.11996E+02   0.47982E-01   0.39387E+02   0.19707E+01   0.33820E+01   0.22547E+01   0.31632E+02
  3.980   0.61611E+01   0.22404E-01  -0.11355E+02   0.12227E+01   0.99804E+00   0.21211E+01   0.61812E+02   0.12727E+02   0.50907E-01   0.33724E+02   0.19259E+01   0.33820E+01   0.22547E+01   0.33057E+02
  4.000   0.59426E+01   0.21609E-01  -0.10557E+02   0.67950E+00   0.61243E+00   0.14463E+01   0.61812E+02   0.13344E+02   0.53376E-01   0.27973E+02   0.18881E+01   0.33820E+01   0.22547E+01   0.34234E+02
  4.020   0.57361E+01   0.20859E-01  -0.10165E+02   0.16623E+00   0.24807E+00   0.80862E+00   0.61812E+02   0.13845E+02   0.55381E-01   0.22134E+02   0.18574E+01   0.33820E+01   0.22547E+01   0.35172E+02
  4.040   0.55336E+01   0.20122E-01  -0.10127E+02  -0.33676E+00  -0.10900E+00   0.18375E+00   0.61812E+02   0.14229E+02   0.56915E-01   0.16189E+02   0.18339E+01   0.33820E+01   0.22547E+01   0.35880E+02
  4.060   0.53291E+01   0.19378E-01  -0.10404E+02  -0.57636E+00  -0.46966E+00   0.00000E+00   0.61812E+02   0.14492E+02   0.57969E-01   0.10203E+02   0.18177E+01   0.33820E+01   0.22547E+01   0.36362E+02
  4.080   0.51145E+01   0.18598E-01  -0.11123E+02  -0.71202E+00  -0.84793E+00   0.00000E+00   0.61812E+02   0.14638E+02   0.58552E-01   0.43841E+01   0.18088E+01   0.33820E+01   0.22547E+01   0.36626E+02
  4.100   0.48819E+01   0.17752E-01  -0.12182E+02  -0.85899E+00  -0.12577E+01   0.00000E+00   0.61812E+02   0.14669E+02   0.58674E-01  -0.13144E+01   0.18061E+01   0.33819E+01   0.22535E+01   0.36686E+02
  4.120   0.46241E+01   0.16815E-01  -0.13715E+02  -0.10219E+01  -0.17119E+01   0.00000E+00   0.61812E+02   0.14587E+02   0.58347E-01  -0.67759E+01   0.16193E+01   0.30330E+01   0.21663E+01   0.36686E+02
  4.140   0.43265E+01   0.15733E-01  -0.16265E+02  -0.12097E+01  -0.22358E+01   0.00000E+00   0.61812E+02   0.14402E+02   0.57608E-01  -0.11560E+02   0.11929E+01   0.22371E+01   0.19673E+01   0.36686E+02
  4.160   0.39635E+01   0.14413E-01  -0.20312E+02  -0.14388E+01  -0.28747E+01   0.00000E+00   0.61812E+02   0.14131E+02   0.56525E-01  -0.15333E+02   0.58740E+00   0.11204E+01   0.16750E+01   0.36686E+02
  4.180   0.35057E+01   0.12748E-01  -0.25615E+02  -0.17276E+01  -0.36801E+01   0.00000E+00   0.61812E+02   0.13793E+02   0.55171E-01  -0.18495E+02   0.30510E+00   0.91138E+00   0.13093E+01   0.36686E+02
  4.200   0.29354E+01   0.10674E-01  -0.31450E+02  -0.19664E+01  -0.43809E+01   0.00000E+00   0.61812E+02   0.13393E+02   0.53570E-01  -0.21459E+02  -0.28564E-01   0.66437E+00   0.87702E+00   0.36686E+02
  4.220   0.22470E+01   0.81708E-02  -0.37374E+02  -0.20576E+01  -0.47344E+01   0.00000E+00   0.61812E+02   0.12937E+02   0.51749E-01  -0.23987E+02  -0.40851E+00   0.38310E+00   0.38479E+00   0.36686E+02
  4.240   0.14414E+01   0.52416E-02  -0.43143E+02  -0.21644E+01  -0.51482E+01   0.00000E+00   0.61979E+02   0.12437E+02   0.49747E-01  -0.26005E+02  -0.73245E+00   0.73755E-01   0.00000E+00   0.36686E+02
  4.260   0.52317E+00   0.19024E-02  -0.48648E+02  -0.22861E+01  -0.56200E+01   0.00000E+00   0.64025E+02   0.11897E+02   0.47587E-01  -0.28001E+02  -0.83282E+00  -0.25984E+00   0.00000E+00   0.36686E+02
  4.280  -0.50289E+00  -0.18287E-02  -0.53915E+02  -0.24222E+01  -0.61472E+01   0.00000E+00   0.66442E+02   0.11316E+02   0.45263E-01  -0.30132E+02  -0.94086E+00  -0.61896E+00   0.00000E+00   0.37186E+02
  4.300  -0.16264E+01  -0.59142E-02  -0.57982E+02  -0.39480E+01  -0.67248E+01  -0.22944E+01   0.69777E+02   0.10689E+02   0.42756E-01  -0.32800E+02  -0.10574E+01  -0.10062E+01   0.00000E+00   0.37813E+02
  4.320  -0.27959E+01  -0.10167E-01  -0.58184E+02  -0.62690E+01  -0.73263E+01  -0.59038E+01   0.75780E+02   0.99908E+01   0.39963E-01  -0.37347E+02  -0.10993E+01  -0.12179E+01   0.00000E+00   0.38575E+02
  4.340  -0.39226E+01  -0.14264E-01  -0.53860E+02  -0.71203E+01  -0.79063E+01  -0.70729E+01   0.83595E+02   0.91853E+01   0.36741E-01  -0.43205E+02  -0.11079E+01  -0.13630E+01   0.00000E+00   0.39465E+02
  4.360  -0.49292E+01  -0.17924E-01  -0.46297E+02  -0.72544E+01  -0.84249E+01  -0.70729E+01   0.90832E+02   0.82662E+01   0.33065E-01  -0.48588E+02  -0.11179E+01  -0.15286E+01   0.00000E+00   0.40488E+02
  4.380  -0.57570E+01  -0.20934E-01  -0.36114E+02  -0.73648E+01  -0.88517E+01  -0.70729E+01   0.96884E+02   0.72469E+01   0.28987E-01  -0.53209E+02  -0.11289E+01  -0.17123E+01   0.00000E+00   0.41634E+02
  4.400  -0.63633E+01  -0.23139E-01  -0.24359E+02  -0.74458E+01  -0.91648E+01  -0.70729E+01   0.10138E+03   0.61438E+01   0.24575E-01  -0.56944E+02  -0.11409E+01  -0.19111E+01   0.00000E+00   0.42887E+02
  4.420  -0.67274E+01  -0.24463E-01  -0.12015E+02  -0.74947E+01  -0.93534E+01  -0.70729E+01   0.10410E+03   0.49754E+01   0.19902E-01  -0.59740E+02  -0.11535E+01  -0.21218E+01   0.00000E+00   0.44228E+02
  4.440  -0.68427E+01  -0.24882E-01   0.51231E+00  -0.75339E+01  -0.94270E+01  -0.71033E+01   0.10496E+03   0.37605E+01   0.15042E-01  -0.61594E+02  -0.11667E+01  -0.23408E+01   0.00000E+00   0.45639E+02
  4.460  -0.67075E+01  -0.24391E-01   0.12886E+02  -0.66425E+01  -0.77883E+01  -0.66936E+01   0.10496E+03   0.25192E+01   0.10077E-01  -0.62238E+02  -0.11802E+01  -0.25647E+01   0.00000E+00   0.47097E+02
  4.480  -0.63358E+01  -0.23039E-01   0.23979E+02  -0.41614E+01  -0.32279E+01  -0.55535E+01   0.10496E+03   0.12875E+01   0.51498E-02  -0.60420E+02  -0.11937E+01  -0.27869E+01   0.00000E+00   0.48560E+02
  4.500  -0.57584E+01  -0.20940E-01   0.33697E+02  -0.24283E+01  -0.14542E+01  -0.37773E+01   0.10496E+03   0.12195E+00   0.48779E-03  -0.55809E+02  -0.12064E+01  -0.29973E+01   0.00000E+00   0.49959E+02
  4.520  -0.49913E+01  -0.18150E-01   0.42905E+02  -0.52716E+00  -0.10452E+00  -0.14154E+01   0.10496E+03  -0.93160E+00  -0.37264E-02  -0.49189E+02  -0.12180E+01  -0.31876E+01   0.00000E+00   0.51237E+02
  4.540  -0.40469E+01  -0.14716E-01   0.51520E+02   0.91822E+00   0.15580E+01   0.00000E+00   0.10496E+03  -0.18312E+01  -0.73247E-02  -0.40512E+02  -0.12279E+01  -0.33502E+01   0.00000E+00   0.52338E+02
  4.560  -0.29286E+01  -0.10649E-01   0.60292E+02   0.16244E+01   0.35272E+01   0.00000E+00   0.10496E+03  -0.25460E+01  -0.10184E-01  -0.30765E+02  -0.14396E+01  -0.33820E+01  -0.40457E+00   0.53255E+02
  4.580  -0.16410E+01  -0.59674E-02   0.68256E+02   0.21368E+01   0.50429E+01   0.00000E+00   0.10496E+03  -0.30519E+01  -0.12207E-01  -0.19631E+02  -0.17385E+01  -0.33820E+01  -0.95439E+00   0.54060E+02
  4.600  -0.21039E+00  -0.76504E-03   0.74373E+02   0.23266E+01   0.57782E+01   0.00000E+00   0.10663E+03  -0.33272E+01  -0.13309E-01  -0.78540E+01  -0.19020E+01  -0.33820E+01  -0.12550E+01   0.54562E+02
  4.620   0.13125E+01   0.47727E-02   0.77284E+02   0.25288E+01   0.65613E+01   0.00000E+00   0.11034E+03  -0.33655E+01  -0.13462E-01   0.39927E+01  -0.19092E+01  -0.33401E+01  -0.12990E+01   0.54661E+02
  4.640   0.28583E+01   0.10394E-01   0.76803E+02   0.27342E+01   0.73565E+01   0.00000E+00   0.11441E+03  -0.31727E+01  -0.12691E-01   0.15050E+02  -0.14672E+01  -0.25150E+01  -0.10927E+01   0.54661E+02
  4.660   0.43693E+01   0.15888E-01   0.74008E+02   0.29351E+01   0.81340E+01   0.00000E+00   0.11870E+03  -0.27770E+01  -0.11108E-01   0.24113E+02  -0.66281E+00  -0.10828E+01  -0.66641E+00   0.54661E+02
  4.680   0.58073E+01   0.21117E-01   0.69488E+02   0.37082E+01   0.88742E+01   0.96978E+00   0.12316E+03  -0.22200E+01  -0.88800E-02   0.31389E+02  -0.19876E+00  -0.73919E+00  -0.65153E-01   0.54661E+02
  4.700   0.71282E+01   0.25921E-01   0.62047E+02   0.63327E+01   0.95544E+01   0.50510E+01   0.12983E+03  -0.15179E+01  -0.60715E-02   0.39048E+02  -0.29375E-01  -0.30593E+00   0.00000E+00   0.54661E+02
  4.720   0.82720E+01   0.30080E-01   0.52148E+02   0.76983E+01   0.10144E+02   0.70729E+01   0.13816E+03  -0.65175E+00  -0.26070E-02   0.47541E+02   0.13139E+00   0.22866E+00   0.00000E+00   0.54661E+02
  4.740   0.92130E+01   0.33502E-01   0.41941E+02   0.78159E+01   0.10609E+02   0.70729E+01   0.14547E+03   0.37575E+00   0.15030E-02   0.54979E+02   0.32225E+00   0.86318E+00   0.00000E+00   0.54661E+02
  4.760   0.99479E+01   0.36174E-01   0.31446E+02   0.77623E+01   0.10609E+02   0.70729E+01   0.15119E+03   0.15379E+01   0.61517E-02   0.61032E+02   0.40997E+00   0.12605E+01   0.00000E+00   0.54661E+02
  4.780   0.10467E+02   0.38060E-01   0.20320E+02   0.77245E+01   0.10609E+02   0.70729E+01   0.15521E+03   0.28097E+01   0.11239E-01   0.65972E+02   0.42374E+00   0.14897E+01   0.00000E+00   0.54875E+02
  4.800   0.10758E+02   0.39120E-01   0.87904E+01   0.77032E+01   0.10609E+02   0.70729E+01   0.15746E+03   0.41698E+01   0.16679E-01   0.69866E+02   0.43848E+00   0.17349E+01   0.00000E+00   0.55462E+02
  4.820   0.10817E+02   0.39336E-01  -0.28731E+01   0.76898E+01   0.10605E+02   0.70606E+01   0.15797E+03   0.55978E+01   0.22391E-01   0.72771E+02   0.45398E+00   0.19923E+01   0.00000E+00   0.56101E+02
  4.840   0.10647E+02   0.38718E-01  -0.13844E+02   0.65634E+01   0.85346E+01   0.65429E+01   0.15797E+03   0.70718E+01   0.28287E-01   0.74306E+02   0.47000E+00   0.22582E+01   0.00000E+00   0.56783E+02
  4.860   0.10281E+02   0.37387E-01  -0.22162E+02   0.41159E+01   0.40362E+01   0.54183E+01   0.15797E+03   0.85533E+01   0.34213E-01   0.73348E+02   0.48614E+00   0.25254E+01   0.00000E+00   0.57493E+02
  4.880   0.97828E+01   0.35574E-01  -0.27297E+02   0.27110E+01   0.27366E+01   0.38826E+01   0.15797E+03   0.99893E+01   0.39957E-01   0.70019E+02   0.50182E+00   0.27846E+01   0.00000E+00   0.58204E+02
  4.900   0.92061E+01   0.33477E-01  -0.29947E+02   0.12796E+01   0.17205E+01   0.21043E+01   0.15797E+03   0.11345E+02   0.45379E-01   0.65293E+02   0.51663E+00   0.30292E+01   0.00000E+00   0.58896E+02
  4.920   0.86039E+01   0.31287E-01  -0.29752E+02  -0.21642E+00   0.65842E+00   0.24575E+00   0.15797E+03   0.12593E+02   0.50370E-01   0.59294E+02   0.53030E+00   0.32545E+01   0.00000E+00   0.59550E+02
  4.940   0.80372E+01   0.29226E-01  -0.26435E+02  -0.72281E+00  -0.34220E+00   0.00000E+00   0.15797E+03   0.13707E+02   0.54826E-01   0.51879E+02   0.12326E+01   0.33820E+01   0.11993E+01   0.60548E+02
  4.960   0.75620E+01   0.27498E-01  -0.20778E+02  -0.10242E+01  -0.11823E+01   0.00000E+00   0.15797E+03   0.14661E+02   0.58644E-01   0.43449E+02   0.17951E+01   0.33820E+01   0.22342E+01   0.61999E+02
  4.980   0.72125E+01   0.26227E-01  -0.14152E+02  -0.12462E+01  -0.18010E+01   0.00000E+00   0.15797E+03   0.15445E+02   0.61779E-01   0.35061E+02   0.17594E+01   0.33820E+01   0.22547E+01   0.63397E+02
  5.000   0.69958E+01   0.25439E-01  -0.75450E+01  -0.13842E+01  -0.21855E+01   0.00000E+00   0.15797E+03   0.16069E+02   0.64275E-01   0.27459E+02   0.17211E+01   0.33820E+01   0.22547E+01   0.64483E+02
  5.020   0.69100E+01   0.25127E-01  -0.10510E+01  -0.14394E+01  -0.23392E+01   0.00000E+00   0.15797E+03   0.16549E+02   0.66194E-01   0.20657E+02   0.16918E+01   0.33820E+01   0.22547E+01   0.65301E+02
  5.040   0.69523E+01   0.25281E-01   0.51980E+01  -0.12411E+01  -0.18356E+01   0.00000E+00   0.15797E+03   0.16901E+02   0.67602E-01   0.14705E+02   0.16702E+01   0.33820E+01   0.22547E+01   0.65893E+02
  5.060   0.71124E+01   0.25863E-01   0.10628E+02  -0.46736E+00   0.12787E+00   0.00000E+00   0.15797E+03   0.17145E+02   0.68579E-01   0.99585E+01   0.16552E+01   0.33820E+01   0.22547E+01   0.66299E+02
  5.080   0.73694E+01   0.26798E-01   0.14862E+02   0.77877E+00   0.32900E+01   0.00000E+00   0.15797E+03   0.17309E+02   0.69237E-01   0.67736E+01   0.16451E+01   0.33820E+01   0.22547E+01   0.66571E+02
  5.100   0.76984E+01   0.27994E-01   0.17925E+02   0.14816E+01   0.51071E+01   0.00000E+00   0.15797E+03   0.17427E+02   0.69706E-01   0.50988E+01   0.16380E+01   0.33820E+01   0.22547E+01   0.66763E+02
  5.120   0.80829E+01   0.29392E-01   0.20413E+02   0.17245E+01   0.57844E+01   0.00000E+00   0.15797E+03   0.17517E+02   0.70067E-01   0.40027E+01   0.16324E+01   0.33820E+01   0.22547E+01   0.66911E+02
  5.140   0.85083E+01   0.30939E-01   0.21914E+02   0.19934E+01   0.65341E+01   0.00000E+00   0.15797E+03   0.17590E+02   0.70359E-01   0.33504E+01   0.16280E+01   0.33820E+01   0.22547E+01   0.67029E+02
  5.160   0.89482E+01   0.32539E-01   0.21727E+02   0.22716E+01   0.73100E+01   0.00000E+00   0.15797E+03   0.17653E+02   0.70613E-01   0.30495E+01   0.16241E+01   0.33820E+01   0.22547E+01   0.67133E+02
  5.180   0.93644E+01   0.34053E-01   0.19600E+02   0.25352E+01   0.80448E+01   0.00000E+00   0.15797E+03   0.17713E+02   0.70852E-01   0.29556E+01   0.16204E+01   0.33820E+01   0.22547E+01   0.67230E+02
  5.200   0.97241E+01   0.35360E-01   0.16253E+02   0.27632E+01   0.86803E+01   0.00000E+00   0.15797E+03   0.17772E+02   0.71087E-01   0.29272E+01   0.16168E+01   0.33820E+01   0.22547E+01   0.67325E+02
  5.220   0.10011E+02   0.36402E-01   0.12303E+02   0.29450E+01   0.91869E+01   0.00000E+00   0.15858E+03   0.17830E+02   0.71319E-01   0.28677E+01   0.16132E+01   0.33820E+01   0.22547E+01   0.67419E+02
  5.240   0.10214E+02   0.37141E-01   0.79751E+01   0.30741E+01   0.95467E+01   0.00000E+00   0.15919E+03   0.17886E+02   0.71543E-01   0.26990E+01   0.16098E+01   0.33820E+01   0.22547E+01   0.67509E+02
  5.260   0.10332E+02   0.37571E-01   0.40243E+01   0.31495E+01   0.97569E+01   0.00000E+00   0.15956E+03   0.17937E+02   0.71747E-01   0.23703E+01   0.16067E+01   0.33820E+01   0.22547E+01   0.67591E+02
  5.280   0.10383E+02   0.37755E-01   0.12563E+01   0.31818E+01   0.98469E+01   0.00000E+00   0.15972E+03   0.17980E+02   0.71918E-01   0.18968E+01   0.16041E+01   0.33820E+01   0.22547E+01   0.67660E+02
  5.300   0.10389E+02   0.37780E-01  -0.43941E+00   0.31881E+01   0.98637E+01   0.00000E+00   0.15974E+03   0.18012E+02   0.72048E-01   0.13309E+01   0.16021E+01   0.33820E+01   0.22547E+01   0.67711E+02
  5.320   0.10368E+02   0.37700E-01  -0.17410E+01   0.30829E+01   0.95967E+01   0.00000E+00   0.15974E+03   0.18032E+02   0.72129E-01   0.66453E+00   0.16009E+01   0.33820E+01   0.22547E+01   0.67744E+02
  5.340   0.10318E+02   0.37520E-01  -0.33061E+01   0.28434E+01   0.89891E+01   0.00000E+00   0.15974E+03   0.18037E+02   0.72149E-01  -0.21889E+00   0.16013E+01   0.33826E+01   0.22556E+01   0.67753E+02
  5.360   0.10232E+02   0.37206E-01  -0.54459E+01   0.24245E+01   0.79259E+01   0.00000E+00   0.15974E+03   0.18021E+02   0.72084E-01  -0.14567E+01   0.15646E+01   0.33141E+01   0.22385E+01   0.67753E+02
  5.380   0.10099E+02   0.36722E-01  -0.78296E+01   0.17802E+01   0.62911E+01   0.00000E+00   0.15974E+03   0.17976E+02   0.71904E-01  -0.31334E+01   0.14607E+01   0.31202E+01   0.21900E+01   0.67753E+02
  5.400   0.99199E+01   0.36072E-01  -0.99883E+01   0.91260E+00   0.40894E+01   0.00000E+00   0.15974E+03   0.17893E+02   0.71571E-01  -0.52703E+01   0.12685E+01   0.27614E+01   0.21003E+01   0.67753E+02
  5.420   0.97002E+01   0.35274E-01  -0.12033E+02   0.32711E+00   0.25857E+01   0.00000E+00   0.15974E+03   0.17763E+02   0.71051E-01  -0.76917E+01   0.96857E+00   0.22016E+01   0.19603E+01   0.67753E+02
  5.440   0.94329E+01   0.34301E-01  -0.14866E+02   0.15840E+00   0.21152E+01   0.00000E+00   0.15974E+03   0.17589E+02   0.70355E-01  -0.96091E+01   0.56560E+00   0.14495E+01   0.17723E+01   0.67753E+02
  5.460   0.90995E+01   0.33089E-01  -0.18584E+02  -0.51939E-01   0.15286E+01   0.00000E+00   0.15974E+03   0.17382E+02   0.69530E-01  -0.10983E+02   0.28362E+00   0.10474E+01   0.15494E+01   0.67753E+02
  5.480   0.86867E+01   0.31588E-01  -0.22747E+02  -0.31252E+00   0.80189E+00   0.00000E+00   0.15974E+03   0.17149E+02   0.68598E-01  -0.12320E+02   0.89200E-01   0.90348E+00   0.12975E+01   0.67753E+02
  5.500   0.81899E+01   0.29781E-01  -0.26877E+02  -0.62617E+00  -0.72790E-01   0.00000E+00   0.15974E+03   0.16889E+02   0.67558E-01  -0.13678E+02  -0.12773E+00   0.74289E+00   0.10165E+01   0.67753E+02
  5.520   0.76158E+01   0.27694E-01  -0.30369E+02  -0.98880E+00  -0.10840E+01   0.00000E+00   0.15974E+03   0.16602E+02   0.66409E-01  -0.15034E+02  -0.36741E+00   0.56547E+00   0.70596E+00   0.67753E+02
  5.540   0.69823E+01   0.25390E-01  -0.32791E+02  -0.13892E+01  -0.22005E+01   0.00000E+00   0.16012E+03   0.16289E+02   0.65154E-01  -0.16323E+02  -0.62930E+00   0.37159E+00   0.36668E+00   0.67753E+02
  5.560   0.63115E+01   0.22951E-01  -0.34119E+02  -0.18133E+01  -0.33831E+01   0.00000E+00   0.16120E+03   0.15950E+02   0.63802E-01  -0.17459E+02  -0.91080E+00   0.16261E+00   0.23141E-02   0.67753E+02
  5.580   0.56240E+01   0.20451E-01  -0.34485E+02  -0.19495E+01  -0.38486E+01   0.00000E+00   0.16251E+03   0.15591E+02   0.62363E-01  -0.18490E+02  -0.97906E+00  -0.59665E-01   0.00000E+00   0.67981E+02
  5.600   0.49379E+01   0.17956E-01  -0.33983E+02  -0.20406E+01  -0.42016E+01   0.00000E+00   0.16388E+03   0.15212E+02   0.60847E-01  -0.19402E+02  -0.10496E+01  -0.29405E+00   0.00000E+00   0.68366E+02
  5.620   0.42697E+01   0.15526E-01  -0.32727E+02  -0.21295E+01  -0.45455E+01   0.00000E+00   0.16527E+03   0.14816E+02   0.59264E-01  -0.20135E+02  -0.11232E+01  -0.53868E+00   0.00000E+00   0.68796E+02
  5.640   0.36311E+01   0.13204E-01  -0.31127E+02  -0.22144E+01  -0.48741E+01   0.00000E+00   0.16666E+03   0.14408E+02   0.57631E-01  -0.20654E+02  -0.11991E+01  -0.79109E+00   0.00000E+00   0.69271E+02
  5.660   0.30243E+01   0.10997E-01  -0.29579E+02  -0.22950E+01  -0.51864E+01   0.00000E+00   0.16803E+03   0.13991E+02   0.55965E-01  -0.20952E+02  -0.12766E+01  -0.10486E+01   0.00000E+00   0.69787E+02
  5.680   0.24478E+01   0.89011E-02  -0.28040E+02  -0.23717E+01  -0.54831E+01   0.00000E+00   0.16937E+03   0.13571E+02   0.54283E-01  -0.21083E+02  -0.13033E+01  -0.11797E+01   0.00000E+00   0.70332E+02
  5.700   0.19036E+01   0.69220E-02  -0.26372E+02  -0.24441E+01  -0.57633E+01   0.00000E+00   0.17068E+03   0.13148E+02   0.52593E-01  -0.21158E+02  -0.13079E+01  -0.12559E+01   0.00000E+00   0.70884E+02
  5.720   0.13912E+01   0.50589E-02  -0.24959E+02  -0.25122E+01  -0.60269E+01   0.00000E+00   0.17195E+03   0.12725E+02   0.50899E-01  -0.21183E+02  -0.13125E+01  -0.13323E+01   0.00000E+00   0.71439E+02
  5.740   0.90158E+00   0.32785E-02  -0.24087E+02  -0.25773E+01  -0.62789E+01   0.00000E+00   0.17320E+03   0.12301E+02   0.49204E-01  -0.21187E+02  -0.13171E+01  -0.14087E+01   0.00000E+00   0.71996E+02
  5.760   0.42602E+00   0.15491E-02  -0.23474E+02  -0.26405E+01  -0.65236E+01   0.00000E+00   0.17444E+03   0.11877E+02   0.47509E-01  -0.21196E+02  -0.13217E+01  -0.14851E+01   0.00000E+00   0.72556E+02
  5.780  -0.35832E-01  -0.13030E-03  -0.22632E+02  -0.27019E+01  -0.67612E+01   0.00000E+00   0.17568E+03   0.11453E+02   0.45813E-01  -0.21210E+02  -0.13264E+01  -0.15616E+01   0.00000E+00   0.73117E+02
  5.800  -0.47677E+00  -0.17337E-02  -0.21417E+02  -0.27605E+01  -0.69882E+01   0.00000E+00   0.17688E+03   0.11029E+02   0.44116E-01  -0.21203E+02  -0.13310E+01  -0.16381E+01   0.00000E+00   0.73681E+02
  5.820  -0.89366E+00  -0.32497E-02  -0.20373E+02  -0.28159E+01  -0.72027E+01   0.00000E+00   0.17804E+03   0.10605E+02   0.42421E-01  -0.21164E+02  -0.13356E+01  -0.17146E+01   0.00000E+00   0.74246E+02
  5.840  -0.12955E+01  -0.47108E-02  -0.19894E+02  -0.28694E+01  -0.74095E+01   0.00000E+00   0.17919E+03   0.10182E+02   0.40730E-01  -0.21119E+02  -0.13402E+01  -0.17908E+01   0.00000E+00   0.74812E+02
  5.860  -0.16892E+01  -0.61425E-02  -0.19379E+02  -0.29217E+01  -0.76121E+01   0.00000E+00   0.18033E+03   0.97604E+01   0.39042E-01  -0.21091E+02  -0.13448E+01  -0.18670E+01   0.00000E+00   0.75379E+02
  5.880  -0.20678E+01  -0.75194E-02  -0.18443E+02  -0.29720E+01  -0.78069E+01   0.00000E+00   0.18144E+03   0.93389E+01   0.37356E-01  -0.21055E+02  -0.13494E+01  -0.19430E+01   0.00000E+00   0.75947E+02
  5.900  -0.24267E+01  -0.88244E-02  -0.17479E+02  -0.30197E+01  -0.79916E+01   0.00000E+00   0.18252E+03   0.89184E+01   0.35673E-01  -0.20994E+02  -0.13539E+01  -0.20189E+01   0.00000E+00   0.76515E+02
  5.920  -0.27632E+01  -0.10048E-01  -0.15956E+02  -0.30645E+01  -0.81649E+01   0.00000E+00   0.18354E+03   0.84994E+01   0.33997E-01  -0.20898E+02  -0.13585E+01  -0.20944E+01   0.00000E+00   0.77084E+02
  5.940  -0.30539E+01  -0.11105E-01  -0.12776E+02  -0.31033E+01  -0.83147E+01   0.00000E+00   0.18444E+03   0.80832E+01   0.32333E-01  -0.20689E+02  -0.13630E+01  -0.21695E+01   0.00000E+00   0.77650E+02
  5.960  -0.32664E+01  -0.11878E-01  -0.84144E+01  -0.31317E+01  -0.84245E+01   0.00000E+00   0.18510E+03   0.76733E+01   0.30693E-01  -0.20262E+02  -0.13675E+01  -0.22435E+01   0.00000E+00   0.78210E+02
  5.980  -0.33928E+01  -0.12338E-01  -0.44045E+01  -0.31486E+01  -0.84899E+01   0.00000E+00   0.18550E+03   0.72743E+01   0.29097E-01  -0.19593E+02  -0.13719E+01  -0.23154E+01   0.00000E+00   0.78756E+02
  6.000  -0.34503E+01  -0.12546E-01  -0.15463E+01  -0.31564E+01  -0.85198E+01   0.00000E+00   0.18568E+03   0.68908E+01   0.27563E-01  -0.18738E+02  -0.13760E+01  -0.23847E+01   0.00000E+00   0.79283E+02
  6.020  -0.34606E+01  -0.12584E-01   0.42550E+00  -0.31628E+01  -0.85176E+01  -0.13426E-01   0.18571E+03   0.65255E+01   0.26102E-01  -0.17775E+02  -0.13800E+01  -0.24506E+01   0.00000E+00   0.79787E+02
  6.040  -0.34369E+01  -0.12498E-01   0.18519E+01  -0.30408E+01  -0.82285E+01   0.00000E+00   0.18571E+03   0.61806E+01   0.24722E-01  -0.16695E+02  -0.13838E+01  -0.25128E+01   0.00000E+00   0.80264E+02
  6.060  -0.33913E+01  -0.12332E-01   0.25675E+01  -0.28196E+01  -0.76671E+01   0.00000E+00   0.18571E+03   0.58590E+01   0.23436E-01  -0.15426E+02  -0.13873E+01  -0.25709E+01   0.00000E+00   0.80709E+02
  6.080  -0.33378E+01  -0.12138E-01   0.27362E+01  -0.25598E+01  -0.70078E+01   0.00000E+00   0.18571E+03   0.55648E+01   0.22259E-01  -0.13957E+02  -0.13905E+01  -0.26240E+01   0.00000E+00   0.81118E+02
  6.100  -0.32834E+01  -0.11940E-01   0.26609E+01  -0.22952E+01  -0.63363E+01   0.00000E+00   0.18571E+03   0.53019E+01   0.21208E-01  -0.12303E+02  -0.13934E+01  -0.26715E+01   0.00000E+00   0.81484E+02
  6.120  -0.32377E+01  -0.11774E-01   0.16438E+01  -0.20717E+01  -0.57692E+01   0.00000E+00   0.18571E+03   0.50736E+01   0.20295E-01  -0.10518E+02  -0.13959E+01  -0.27127E+01   0.00000E+00   0.81802E+02
  6.140  -0.32293E+01  -0.11743E-01  -0.11057E+01  -0.20279E+01  -0.56584E+01   0.00000E+00   0.18571E+03   0.48808E+01   0.19523E-01  -0.88034E+01  -0.13981E+01  -0.27476E+01   0.00000E+00   0.82072E+02
  6.160  -0.32898E+01  -0.11963E-01  -0.50361E+01  -0.23186E+01  -0.63960E+01   0.00000E+00   0.18571E+03   0.47187E+01   0.18875E-01  -0.75084E+01  -0.13998E+01  -0.27769E+01   0.00000E+00   0.82298E+02
  6.180  -0.34283E+01  -0.12466E-01  -0.86020E+01  -0.29886E+01  -0.80963E+01   0.00000E+00   0.18571E+03   0.45752E+01   0.18301E-01  -0.69926E+01  -0.14014E+01  -0.28028E+01   0.00000E+00   0.82499E+02
  6.200  -0.36231E+01  -0.13175E-01  -0.10614E+02  -0.31790E+01  -0.86078E+01   0.00000E+00   0.18623E+03   0.44339E+01   0.17736E-01  -0.71734E+01  -0.14029E+01  -0.28282E+01   0.00000E+00   0.82698E+02
  6.220  -0.38429E+01  -0.13974E-01  -0.11131E+02  -0.32082E+01  -0.87208E+01   0.00000E+00   0.18693E+03   0.42876E+01   0.17151E-01  -0.74615E+01  -0.14045E+01  -0.28546E+01   0.00000E+00   0.82903E+02
  6.240  -0.40594E+01  -0.14761E-01  -0.10304E+02  -0.32370E+01  -0.88322E+01   0.00000E+00   0.18763E+03   0.41355E+01   0.16542E-01  -0.77478E+01  -0.14062E+01  -0.28820E+01   0.00000E+00   0.83117E+02
  6.260  -0.42465E+01  -0.15442E-01  -0.81819E+01  -0.32619E+01  -0.89287E+01   0.00000E+00   0.18823E+03   0.39783E+01   0.15913E-01  -0.79464E+01  -0.14079E+01  -0.29104E+01   0.00000E+00   0.83338E+02
  6.280  -0.43768E+01  -0.15915E-01  -0.45719E+01  -0.32793E+01  -0.89961E+01   0.00000E+00   0.18866E+03   0.38188E+01   0.15275E-01  -0.79684E+01  -0.14096E+01  -0.29392E+01   0.00000E+00   0.83563E+02
  6.300  -0.44172E+01  -0.16063E-01   0.85777E+00  -0.32828E+01  -0.90120E+01   0.00000E+00   0.18880E+03   0.36615E+01   0.14646E-01  -0.77076E+01  -0.14113E+01  -0.29675E+01   0.00000E+00   0.83785E+02
  6.320  -0.43307E+01  -0.15748E-01   0.80177E+01  -0.28692E+01  -0.79623E+01   0.00000E+00   0.18880E+03   0.35140E+01   0.14056E-01  -0.69005E+01  -0.14130E+01  -0.29942E+01   0.00000E+00   0.83993E+02
  6.340  -0.40914E+01  -0.14878E-01   0.15942E+02  -0.17126E+01  -0.50271E+01   0.00000E+00   0.18880E+03   0.33935E+01   0.13574E-01  -0.48890E+01  -0.14143E+01  -0.30160E+01   0.00000E+00   0.84163E+02
  6.360  -0.36955E+01  -0.13438E-01   0.23575E+02  -0.40697E+00  -0.16909E+01   0.00000E+00   0.18880E+03   0.33307E+01   0.13323E-01  -0.11013E+01  -0.14150E+01  -0.30274E+01   0.00000E+00   0.84252E+02
  6.380  -0.31455E+01  -0.11438E-01   0.31529E+02  -0.60205E-01  -0.72380E+00   0.00000E+00   0.18880E+03   0.33547E+01   0.13419E-01   0.35897E+01  -0.13744E+01  -0.29222E+01   0.00000E+00   0.84256E+02
  6.400  -0.24291E+01  -0.88330E-02   0.40269E+02   0.39174E+00   0.53664E+00   0.00000E+00   0.18880E+03   0.34770E+01   0.13908E-01   0.86855E+01  -0.11719E+01  -0.23973E+01   0.00000E+00   0.84256E+02
  6.420  -0.15295E+01  -0.55617E-02   0.49804E+02   0.95946E+00   0.21199E+01   0.00000E+00   0.18880E+03   0.37033E+01   0.14813E-01   0.13951E+02  -0.79579E+00  -0.14223E+01   0.00000E+00   0.84256E+02
  6.440  -0.43897E+00  -0.15962E-02   0.59005E+02   0.16480E+01   0.40399E+01   0.00000E+00   0.18968E+03   0.40350E+01   0.16140E-01   0.19283E+02  -0.51162E+00  -0.66102E+00   0.00000E+00   0.84256E+02
  6.460   0.81063E+00   0.29477E-02   0.65266E+02   0.21222E+01   0.54533E+01   0.00000E+00   0.19214E+03   0.44793E+01   0.17917E-01   0.25203E+02  -0.42923E+00  -0.38701E+00   0.00000E+00   0.84256E+02
  6.480   0.21403E+01   0.77828E-02   0.66788E+02   0.22988E+01   0.61372E+01   0.00000E+00   0.19509E+03   0.50428E+01   0.20171E-01   0.31099E+02  -0.32466E+00  -0.39260E-01   0.00000E+00   0.84256E+02
  6.500   0.34461E+01   0.12531E-01   0.62909E+02   0.24725E+01   0.68093E+01   0.00000E+00   0.19820E+03   0.57201E+01   0.22880E-01   0.36525E+02  -0.19887E+00   0.37896E+00   0.00000E+00   0.84256E+02
  6.520   0.46283E+01   0.16830E-01   0.54779E+02   0.26299E+01   0.74182E+01   0.00000E+00   0.20122E+03   0.64982E+01   0.25993E-01   0.41129E+02  -0.54282E-01   0.85961E+00   0.00000E+00   0.84256E+02
  6.540   0.56279E+01   0.20465E-01   0.45224E+02   0.27631E+01   0.79334E+01   0.00000E+00   0.20392E+03   0.73584E+01   0.29434E-01   0.44709E+02   0.10562E+00   0.13911E+01   0.00000E+00   0.84256E+02
  6.560   0.64384E+01   0.23412E-01   0.35820E+02   0.28711E+01   0.83513E+01   0.00000E+00   0.20621E+03   0.82804E+01   0.33121E-01   0.47373E+02   0.14125E+00   0.16214E+01   0.00000E+00   0.84256E+02
  6.580   0.70549E+01   0.25654E-01   0.25565E+02   0.29535E+01   0.86695E+01   0.00000E+00   0.20800E+03   0.92487E+01   0.36995E-01   0.49340E+02   0.15176E+00   0.17960E+01   0.00000E+00   0.84256E+02
  6.600   0.74596E+01   0.27126E-01   0.15094E+02   0.30077E+01   0.88787E+01   0.00000E+00   0.20921E+03   0.10249E+02   0.40996E-01   0.50564E+02   0.16263E+00   0.19764E+01   0.00000E+00   0.84256E+02
  6.620   0.76736E+01   0.27904E-01   0.68466E+01   0.30364E+01   0.89896E+01   0.00000E+00   0.20986E+03   0.11267E+02   0.45067E-01   0.51127E+02   0.17370E+00   0.21600E+01   0.00000E+00   0.84256E+02
  6.640   0.77535E+01   0.28195E-01   0.16097E+01   0.30473E+01   0.90313E+01   0.00000E+00   0.21010E+03   0.12291E+02   0.49164E-01   0.51224E+02   0.18485E+00   0.23447E+01   0.00000E+00   0.84256E+02
  6.660   0.77563E+01   0.28205E-01  -0.87525E+00   0.30469E+01   0.90308E+01   0.00000E+00   0.21012E+03   0.13314E+02   0.53256E-01   0.51056E+02   0.19598E+00   0.25292E+01   0.00000E+00   0.84256E+02
  6.680   0.77380E+01   0.28138E-01  -0.44407E+00   0.29574E+01   0.88038E+01   0.00000E+00   0.21012E+03   0.14332E+02   0.57329E-01   0.50751E+02   0.20707E+00   0.27129E+01   0.00000E+00   0.84256E+02
  6.700   0.77557E+01   0.28202E-01   0.25501E+01   0.30375E+01   0.90071E+01   0.00000E+00   0.21012E+03   0.15345E+02   0.61378E-01   0.50533E+02   0.21809E+00   0.28955E+01   0.00000E+00   0.84375E+02
  6.720   0.78485E+01   0.28540E-01   0.68407E+01   0.30597E+01   0.90796E+01   0.00000E+00   0.21039E+03   0.16356E+02   0.65423E-01   0.50617E+02   0.22909E+00   0.30779E+01   0.00000E+00   0.84602E+02
  6.740   0.80297E+01   0.29199E-01   0.11197E+02   0.30836E+01   0.91724E+01   0.00000E+00   0.21095E+03   0.17371E+02   0.69484E-01   0.50974E+02   0.24014E+00   0.32610E+01   0.00000E+00   0.84841E+02
  6.760   0.82889E+01   0.30142E-01   0.14430E+02   0.31179E+01   0.93054E+01   0.00000E+00   0.21175E+03   0.18396E+02   0.73585E-01   0.51577E+02   0.22574E+00   0.33820E+01   0.00000E+00   0.85089E+02
  6.780   0.85917E+01   0.31243E-01   0.15387E+02   0.31581E+01   0.94610E+01   0.00000E+00   0.21270E+03   0.19436E+02   0.77744E-01   0.52429E+02   0.16204E+00   0.33820E+01   0.00000E+00   0.85290E+02
  6.800   0.88858E+01   0.32312E-01   0.13552E+02   0.31972E+01   0.96125E+01   0.00000E+00   0.21363E+03   0.20494E+02   0.81976E-01   0.53388E+02   0.97208E-01   0.33820E+01   0.00000E+00   0.85428E+02
  6.820   0.91161E+01   0.33149E-01   0.90685E+01   0.32280E+01   0.97314E+01   0.00000E+00   0.21437E+03   0.21571E+02   0.86284E-01   0.54269E+02   0.31234E-01   0.33820E+01   0.00000E+00   0.85497E+02
  6.840   0.92341E+01   0.33578E-01   0.24135E+01   0.32439E+01   0.97928E+01   0.00000E+00   0.21476E+03   0.22663E+02   0.90653E-01   0.54911E+02  -0.35689E-01   0.33820E+01   0.00000E+00   0.85505E+02
  6.860   0.92004E+01   0.33456E-01  -0.60523E+01   0.30536E+01   0.93107E+01   0.00000E+00   0.21478E+03   0.23765E+02   0.95059E-01   0.55145E+02  -0.10318E+00   0.33820E+01   0.00000E+00   0.85505E+02
  6.880   0.89862E+01   0.32677E-01  -0.15386E+02   0.20203E+01   0.66886E+01   0.00000E+00   0.21478E+03   0.24862E+02   0.99449E-01   0.54360E+02  -0.17041E+00   0.33820E+01   0.00000E+00   0.85505E+02
  6.900   0.85897E+01   0.31235E-01  -0.24040E+02   0.41118E+00   0.25935E+01   0.00000E+00   0.21478E+03   0.25927E+02   0.10371E+00   0.51780E+02  -0.23565E+00   0.33820E+01   0.00000E+00   0.85505E+02
  6.920   0.80267E+01   0.29188E-01  -0.32286E+02   0.56198E-01   0.16034E+01   0.00000E+00   0.21478E+03   0.26927E+02   0.10771E+00   0.48089E+02  -0.29689E+00   0.33820E+01   0.00000E+00   0.85505E+02
  6.940   0.72993E+01   0.26543E-01  -0.40371E+02  -0.40275E+00   0.32347E+00   0.00000E+00   0.21478E+03   0.27847E+02   0.11139E+00   0.43801E+02  -0.35326E+00   0.33820E+01   0.00000E+00   0.85505E+02
  6.960   0.64188E+01   0.23341E-01  -0.47420E+02  -0.95876E+00  -0.12271E+01   0.00000E+00   0.21478E+03   0.28674E+02   0.11470E+00   0.38877E+02  -0.40397E+00   0.33820E+01   0.00000E+00   0.85505E+02
  6.980   0.54154E+01   0.19692E-01  -0.52548E+02  -0.15927E+01  -0.29949E+01   0.00000E+00   0.21558E+03   0.29398E+02   0.11759E+00   0.33350E+02  -0.44828E+00   0.33820E+01   0.00000E+00   0.85505E+02
  7.000   0.43324E+01   0.15754E-01  -0.55364E+02  -0.21202E+01  -0.45109E+01   0.00000E+00   0.21765E+03   0.30005E+02   0.12002E+00   0.27338E+02  -0.48550E+00   0.33820E+01   0.00000E+00   0.85505E+02
  7.020   0.32138E+01   0.11687E-01  -0.56184E+02  -0.22688E+01  -0.50862E+01   0.00000E+00   0.22011E+03   0.30491E+02   0.12197E+00   0.21333E+02  -0.51530E+00   0.33820E+01   0.00000E+00   0.85505E+02
  7.040   0.20968E+01   0.76248E-02  -0.55233E+02  -0.24172E+01  -0.56609E+01   0.00000E+00   0.22273E+03   0.30860E+02   0.12344E+00   0.15561E+02  -0.53788E+00   0.33820E+01   0.00000E+00   0.85505E+02
  7.060   0.10178E+01   0.37012E-02  -0.52284E+02  -0.25607E+01  -0.62162E+01   0.00000E+00   0.22542E+03   0.31116E+02   0.12446E+00   0.10115E+02  -0.55357E+00   0.33820E+01   0.00000E+00   0.85505E+02
  7.080   0.23582E-01   0.85753E-04  -0.46620E+02  -0.26930E+01  -0.67282E+01   0.00000E+00   0.22803E+03   0.31268E+02   0.12507E+00   0.51210E+01  -0.56285E+00   0.33820E+01   0.00000E+00   0.85505E+02
  7.100  -0.82855E+00  -0.30129E-02  -0.38192E+02  -0.28066E+01  -0.71674E+01   0.00000E+00   0.23038E+03   0.31325E+02   0.12530E+00   0.74040E+00  -0.56637E+00   0.33820E+01   0.00000E+00   0.85505E+02
  7.120  -0.14952E+01  -0.54372E-02  -0.28436E+02  -0.28955E+01  -0.75114E+01   0.00000E+00   0.23228E+03   0.31302E+02   0.12521E+00  -0.28937E+01  -0.60105E+00   0.32918E+01   0.00000E+00   0.85505E+02
  7.140  -0.19709E+01  -0.71670E-02  -0.19413E+02  -0.29591E+01  -0.77570E+01   0.00000E+00   0.23367E+03   0.31216E+02   0.12486E+00  -0.55913E+01  -0.74464E+00   0.29196E+01   0.00000E+00   0.85505E+02
  7.160  -0.22828E+01  -0.83010E-02  -0.12043E+02  -0.30008E+01  -0.79181E+01   0.00000E+00   0.23460E+03   0.31085E+02   0.12434E+00  -0.72673E+01  -0.96170E+00   0.23570E+01   0.00000E+00   0.85505E+02
  7.180  -0.24588E+01  -0.89410E-02  -0.55983E+01  -0.30245E+01  -0.80093E+01   0.00000E+00   0.23513E+03   0.30932E+02   0.12373E+00  -0.79228E+01  -0.12180E+01   0.16926E+01   0.00000E+00   0.85505E+02
  7.200  -0.25049E+01  -0.91087E-02   0.11210E+01  -0.30303E+01  -0.80322E+01   0.00000E+00   0.23528E+03   0.30775E+02   0.12310E+00  -0.75741E+01  -0.14414E+01   0.11102E+01   0.00000E+00   0.85505E+02
  7.220  -0.24102E+01  -0.87644E-02   0.83612E+01  -0.25767E+01  -0.68811E+01   0.00000E+00   0.23528E+03   0.30634E+02   0.12254E+00  -0.63934E+01  -0.14678E+01   0.10227E+01   0.00000E+00   0.85505E+02
  7.240  -0.21780E+01  -0.79199E-02   0.14481E+02  -0.14530E+01  -0.40294E+01   0.00000E+00   0.23528E+03   0.30527E+02   0.12211E+00  -0.40126E+01  -0.14877E+01   0.95660E+00   0.00000E+00   0.85505E+02
  7.260  -0.18522E+01  -0.67354E-02   0.17454E+02  -0.19947E+00  -0.83626E+00   0.00000E+00   0.23528E+03   0.30484E+02   0.12193E+00  -0.14501E+00  -0.14960E+01   0.92901E+00   0.00000E+00   0.85505E+02
  7.280  -0.14996E+01  -0.54531E-02   0.17372E+02   0.23602E-01  -0.21430E+00   0.00000E+00   0.23528E+03   0.30524E+02   0.12210E+00   0.41551E+01  -0.14302E+01   0.10999E+01   0.00000E+00   0.85505E+02
  7.300  -0.11703E+01  -0.42557E-02   0.15347E+02   0.23219E+00   0.36717E+00   0.00000E+00   0.23528E+03   0.30647E+02   0.12259E+00   0.80593E+01  -0.12258E+01   0.16296E+01   0.00000E+00   0.85505E+02
  7.320  -0.88896E+00  -0.32326E-02   0.12833E+02   0.41050E+00   0.86424E+00   0.00000E+00   0.23528E+03   0.30841E+02   0.12337E+00   0.11202E+02  -0.90268E+00   0.24671E+01   0.00000E+00   0.85505E+02
  7.340  -0.65488E+00  -0.23814E-02   0.10622E+02   0.55889E+00   0.12779E+01   0.00000E+00   0.23528E+03   0.31089E+02   0.12436E+00   0.13412E+02  -0.61104E+00   0.32342E+01   0.00000E+00   0.85505E+02
  7.360  -0.46338E+00  -0.16850E-02   0.85430E+01   0.68031E+00   0.16163E+01   0.00000E+00   0.23528E+03   0.31375E+02   0.12550E+00   0.15209E+02  -0.56945E+00   0.33820E+01   0.00000E+00   0.85505E+02
  7.380  -0.31091E+00  -0.11306E-02   0.68033E+01   0.77700E+00   0.18858E+01   0.00000E+00   0.23528E+03   0.31696E+02   0.12679E+00   0.16877E+02  -0.58912E+00   0.33820E+01   0.00000E+00   0.85505E+02
  7.400  -0.18714E+00  -0.68051E-03   0.56792E+01   0.85546E+00   0.21045E+01   0.00000E+00   0.23528E+03   0.32050E+02   0.12820E+00   0.18494E+02  -0.61079E+00   0.33820E+01   0.00000E+00   0.85505E+02
  7.420  -0.79899E-01  -0.29054E-03   0.51319E+01   0.92337E+00   0.22939E+01   0.00000E+00   0.23528E+03   0.32436E+02   0.12974E+00   0.20094E+02  -0.63444E+00   0.33820E+01   0.00000E+00   0.85505E+02
  7.440   0.21769E-01   0.79159E-04   0.51292E+01   0.98768E+00   0.24732E+01   0.00000E+00   0.23528E+03   0.32854E+02   0.13142E+00   0.21708E+02  -0.66004E+00   0.33820E+01   0.00000E+00   0.85505E+02
  7.460   0.12765E+00   0.46417E-03   0.54841E+01   0.10546E+01   0.26598E+01   0.00000E+00   0.23528E+03   0.33305E+02   0.13322E+00   0.23373E+02  -0.68766E+00   0.33820E+01   0.00000E+00   0.85505E+02
  7.480   0.23719E+00   0.86251E-03   0.52515E+01   0.11239E+01   0.28530E+01   0.00000E+00   0.23528E+03   0.33789E+02   0.13516E+00   0.25092E+02  -0.71735E+00   0.33820E+01   0.00000E+00   0.85505E+02
  7.500   0.32584E+00   0.11849E-02   0.32416E+01   0.11803E+01   0.30101E+01   0.00000E+00   0.23539E+03   0.34308E+02   0.13723E+00   0.26782E+02  -0.74914E+00   0.33820E+01   0.00000E+00   0.85505E+02
  7.520   0.35469E+00   0.12898E-02  -0.59533E+00   0.12013E+01   0.30680E+01   0.00000E+00   0.23542E+03   0.34859E+02   0.13944E+00   0.28302E+02  -0.78291E+00   0.33820E+01   0.00000E+00   0.85505E+02
  7.540   0.29688E+00   0.10796E-02  -0.51920E+01   0.92463E+00   0.23657E+01   0.00000E+00   0.23542E+03   0.35438E+02   0.14175E+00   0.29446E+02  -0.81835E+00   0.33820E+01   0.00000E+00   0.85505E+02
  7.560   0.14787E+00   0.53772E-03  -0.96598E+01   0.20409E+00   0.53718E+00   0.00000E+00   0.23542E+03   0.36032E+02   0.14413E+00   0.29836E+02  -0.85476E+00   0.33820E+01   0.00000E+00   0.85505E+02
  7.580  -0.90507E-01  -0.32912E-03  -0.14274E+02  -0.95114E+00  -0.23943E+01   0.00000E+00   0.23542E+03   0.36624E+02   0.14650E+00   0.29100E+02  -0.89101E+00   0.33820E+01   0.00000E+00   0.85505E+02
  7.600  -0.42699E+00  -0.15527E-02  -0.19575E+02  -0.17177E+01  -0.43721E+01   0.00000E+00   0.23588E+03   0.37187E+02   0.14875E+00   0.27078E+02  -0.92551E+00   0.33820E+01   0.00000E+00   0.85505E+02
  7.620  -0.87966E+00  -0.31988E-02  -0.25737E+02  -0.20032E+01  -0.51683E+01   0.00000E+00   0.23672E+03   0.37704E+02   0.15081E+00   0.24514E+02  -0.95717E+00   0.33820E+01   0.00000E+00   0.85505E+02
  7.640  -0.14511E+01  -0.52766E-02  -0.31096E+02  -0.23639E+01  -0.61741E+01   0.00000E+00   0.23797E+03   0.38164E+02   0.15266E+00   0.21460E+02  -0.98539E+00   0.33820E+01   0.00000E+00   0.85505E+02
  7.660  -0.21053E+01  -0.76556E-02  -0.33729E+02  -0.27773E+01  -0.73270E+01   0.00000E+00   0.23966E+03   0.38559E+02   0.15424E+00   0.17984E+02  -0.10096E+01   0.33820E+01   0.00000E+00   0.85505E+02
  7.680  -0.27749E+01  -0.10091E-01  -0.32587E+02  -0.30654E+01  -0.81692E+01   0.00000E+00   0.24164E+03   0.38882E+02   0.15553E+00   0.14316E+02  -0.10294E+01   0.33820E+01   0.00000E+00   0.85505E+02
  7.700  -0.33851E+01  -0.12310E-01  -0.27877E+02  -0.31466E+01  -0.84836E+01   0.00000E+00   0.24354E+03   0.39134E+02   0.15654E+00   0.10933E+02  -0.10448E+01   0.33820E+01   0.00000E+00   0.85505E+02
  7.720  -0.38697E+01  -0.14072E-01  -0.20118E+02  -0.32113E+01  -0.87336E+01   0.00000E+00   0.24508E+03   0.39323E+02   0.15729E+00   0.80914E+01  -0.10564E+01   0.33820E+01   0.00000E+00   0.85505E+02
  7.740  -0.41739E+01  -0.15178E-01  -0.99616E+01  -0.32522E+01  -0.88911E+01   0.00000E+00   0.24606E+03   0.39462E+02   0.15785E+00   0.59488E+01  -0.10649E+01   0.33820E+01   0.00000E+00   0.85505E+02
  7.760  -0.42579E+01  -0.15483E-01   0.17354E+01  -0.32619E+01  -0.89307E+01   0.00000E+00   0.24634E+03   0.39567E+02   0.15827E+00   0.46161E+01  -0.10713E+01   0.33820E+01   0.00000E+00   0.85505E+02
  7.780  -0.41047E+01  -0.14926E-01   0.13366E+02  -0.25279E+01  -0.70678E+01   0.00000E+00   0.24634E+03   0.39654E+02   0.15862E+00   0.43967E+01  -0.10767E+01   0.33820E+01   0.00000E+00   0.85505E+02
  7.800  -0.37417E+01  -0.13606E-01   0.22252E+02  -0.77055E+00  -0.26083E+01   0.00000E+00   0.24634E+03   0.39755E+02   0.15902E+00   0.60951E+01  -0.10829E+01   0.33820E+01   0.00000E+00   0.85505E+02
  7.820  -0.32395E+01  -0.11780E-01   0.27523E+02  -0.19787E+00  -0.10851E+01   0.00000E+00   0.24634E+03   0.39910E+02   0.15964E+00   0.94291E+01  -0.10923E+01   0.33820E+01   0.00000E+00   0.85505E+02
  7.840  -0.26554E+01  -0.96559E-02   0.30588E+02   0.17116E+00  -0.56041E-01   0.00000E+00   0.24634E+03   0.40135E+02   0.16054E+00   0.13221E+02  -0.11061E+01   0.33820E+01   0.00000E+00   0.85505E+02
  7.860  -0.20274E+01  -0.73722E-02   0.31937E+02   0.56821E+00   0.10510E+01   0.00000E+00   0.24634E+03   0.40441E+02   0.16176E+00   0.17358E+02  -0.11249E+01   0.33820E+01   0.00000E+00   0.85505E+02
  7.880  -0.13890E+01  -0.50509E-02   0.31621E+02   0.97206E+00   0.21770E+01   0.00000E+00   0.24634E+03   0.40831E+02   0.16333E+00   0.21744E+02  -0.11488E+01   0.33820E+01   0.00000E+00   0.85505E+02
  7.900  -0.77290E+00  -0.28106E-02   0.29749E+02   0.13620E+01   0.32642E+01   0.00000E+00   0.24656E+03   0.41311E+02   0.16525E+00   0.26266E+02  -0.11782E+01   0.33820E+01   0.00000E+00   0.85505E+02
  7.920  -0.20847E+00  -0.75809E-03   0.26461E+02   0.17195E+01   0.42608E+01   0.00000E+00   0.24743E+03   0.41882E+02   0.16753E+00   0.30815E+02  -0.12132E+01   0.33820E+01   0.00000E+00   0.85505E+02
  7.940   0.28043E+00   0.10197E-02   0.22401E+02   0.20294E+01   0.51245E+01   0.00000E+00   0.24835E+03   0.42543E+02   0.17017E+00   0.35285E+02  -0.12537E+01   0.33820E+01   0.00000E+00   0.85505E+02
  7.960   0.69427E+00   0.25246E-02   0.19345E+02   0.21087E+01   0.53982E+01   0.00000E+00   0.24921E+03   0.43292E+02   0.17317E+00   0.39566E+02  -0.12996E+01   0.33820E+01   0.00000E+00   0.85505E+02
  7.980   0.10699E+01   0.38907E-02   0.18644E+02   0.21586E+01   0.55915E+01   0.00000E+00   0.25002E+03   0.44125E+02   0.17650E+00   0.43659E+02  -0.13506E+01   0.33820E+01   0.00000E+00   0.85505E+02
  8.000   0.14524E+01   0.52815E-02   0.19806E+02   0.22094E+01   0.57882E+01   0.00000E+00   0.25085E+03   0.45039E+02   0.18015E+00   0.47727E+02  -0.14066E+01   0.33820E+01   0.00000E+00   0.85505E+02
  8.020   0.18634E+01   0.67758E-02   0.21150E+02   0.22639E+01   0.59994E+01   0.00000E+00   0.25177E+03   0.46034E+02   0.18414E+00   0.51854E+02  -0.14676E+01   0.33820E+01   0.00000E+00   0.85505E+02
  8.040   0.22893E+01   0.83248E-02   0.21133E+02   0.23205E+01   0.62185E+01   0.00000E+00   0.25275E+03   0.47113E+02   0.18845E+00   0.56006E+02  -0.15336E+01   0.33820E+01   0.00000E+00   0.85505E+02
  8.060   0.26980E+01   0.98110E-02   0.19515E+02   0.23749E+01   0.64289E+01   0.00000E+00   0.25371E+03   0.48274E+02   0.19310E+00   0.60091E+02  -0.16048E+01   0.33820E+01   0.00000E+00   0.85505E+02
  8.080   0.30604E+01   0.11129E-01   0.16467E+02   0.24231E+01   0.66156E+01   0.00000E+00   0.25458E+03   0.49516E+02   0.19806E+00   0.64025E+02  -0.16808E+01   0.33820E+01   0.00000E+00   0.85505E+02
  8.100   0.33439E+01   0.12160E-01   0.11504E+02   0.24610E+01   0.67620E+01   0.00000E+00   0.25527E+03   0.50833E+02   0.20333E+00   0.67714E+02  -0.17616E+01   0.33820E+01   0.00000E+00   0.85505E+02
  8.120   0.35053E+01   0.12746E-01   0.42530E+01   0.24828E+01   0.68457E+01   0.00000E+00   0.25567E+03   0.52222E+02   0.20889E+00   0.71029E+02  -0.18466E+01   0.33820E+01   0.00000E+00   0.85505E+02
  8.140   0.35022E+01   0.12735E-01  -0.47720E+01   0.23930E+01   0.66209E+01   0.00000E+00   0.25572E+03   0.53671E+02   0.21469E+00   0.73836E+02  -0.19354E+01   0.33820E+01   0.00000E+00   0.85505E+02
  8.160   0.33131E+01   0.12048E-01  -0.13988E+02   0.14824E+01   0.43099E+01   0.00000E+00   0.25572E+03   0.55168E+02   0.22067E+00   0.75645E+02  -0.20272E+01   0.33820E+01   0.00000E+00   0.85505E+02
  8.180   0.29526E+01   0.10737E-01  -0.21728E+02  -0.26420E+00  -0.12239E+00   0.00000E+00   0.25572E+03   0.56685E+02   0.22674E+00   0.75724E+02  -0.21201E+01   0.33820E+01   0.00000E+00   0.85505E+02
  8.200   0.24543E+01   0.89248E-02  -0.27952E+02  -0.61234E+00  -0.10835E+01   0.00000E+00   0.25572E+03   0.58189E+02   0.23275E+00   0.74515E+02  -0.22122E+01   0.33820E+01   0.00000E+00   0.85505E+02
  8.220   0.18409E+01   0.66941E-02  -0.33217E+02  -0.99964E+00  -0.21636E+01   0.00000E+00   0.25581E+03   0.59663E+02   0.23865E+00   0.72863E+02  -0.23025E+01   0.33820E+01   0.00000E+00   0.85505E+02
  8.240   0.11327E+01   0.41188E-02  -0.37426E+02  -0.14470E+01  -0.34111E+01   0.00000E+00   0.25668E+03   0.61100E+02   0.24440E+00   0.70789E+02  -0.23906E+01   0.33820E+01   0.00000E+00   0.85505E+02
  8.260   0.35120E+00   0.12771E-02  -0.40530E+02  -0.19409E+01  -0.47882E+01   0.00000E+00   0.25801E+03   0.62492E+02   0.24997E+00   0.68329E+02  -0.24759E+01   0.33820E+01   0.00000E+00   0.85505E+02
  8.280  -0.48097E+00  -0.17490E-02  -0.42501E+02  -0.24670E+01  -0.62552E+01   0.00000E+00   0.25985E+03   0.63831E+02   0.25532E+00   0.65532E+02  -0.25579E+01   0.33820E+01   0.00000E+00   0.85505E+02
  8.300  -0.13401E+01  -0.48732E-02  -0.43182E+02  -0.28743E+01  -0.74300E+01   0.00000E+00   0.26218E+03   0.65112E+02   0.26045E+00   0.62481E+02  -0.26364E+01   0.33820E+01   0.00000E+00   0.85505E+02
  8.320  -0.21974E+01  -0.79905E-02  -0.42207E+02  -0.29883E+01  -0.78711E+01   0.00000E+00   0.26470E+03   0.66332E+02   0.26533E+00   0.59564E+02  -0.27111E+01   0.33820E+01   0.00000E+00   0.85505E+02
  8.340  -0.30137E+01  -0.10959E-01  -0.39036E+02  -0.30968E+01  -0.82914E+01   0.00000E+00   0.26718E+03   0.67496E+02   0.26999E+00   0.56984E+02  -0.27825E+01   0.33820E+01   0.00000E+00   0.85505E+02
  8.360  -0.37441E+01  -0.13615E-01  -0.33655E+02  -0.31941E+01  -0.86676E+01   0.00000E+00   0.26948E+03   0.68614E+02   0.27446E+00   0.54871E+02  -0.28509E+01   0.33820E+01   0.00000E+00   0.85505E+02
  8.380  -0.43475E+01  -0.15809E-01  -0.26412E+02  -0.32746E+01  -0.89788E+01   0.00000E+00   0.27143E+03   0.69695E+02   0.27878E+00   0.53339E+02  -0.29172E+01   0.33820E+01   0.00000E+00   0.85505E+02
  8.400  -0.47907E+01  -0.17421E-01  -0.17629E+02  -0.37790E+01  -0.92076E+01  -0.74207E+00   0.27295E+03   0.70752E+02   0.28301E+00   0.52344E+02  -0.29819E+01   0.33820E+01   0.00000E+00   0.85505E+02
  8.420  -0.50443E+01  -0.18343E-01  -0.76252E+01  -0.42865E+01  -0.93391E+01  -0.15310E+01   0.27398E+03   0.71790E+02   0.28716E+00   0.51557E+02  -0.30455E+01   0.33820E+01   0.00000E+00   0.85505E+02
  8.440  -0.50979E+01  -0.18538E-01   0.20589E+01  -0.43862E+01  -0.93412E+01  -0.17023E+01   0.27423E+03   0.72818E+02   0.29127E+00   0.51304E+02  -0.31085E+01   0.33820E+01   0.00000E+00   0.85505E+02
  8.460  -0.49764E+01  -0.18096E-01   0.95589E+01  -0.35805E+01  -0.78602E+01  -0.13320E+01   0.27423E+03   0.73849E+02   0.29540E+00   0.52070E+02  -0.31717E+01   0.33820E+01   0.00000E+00   0.85505E+02
  8.480  -0.47380E+01  -0.17229E-01   0.13699E+02  -0.19849E+01  -0.49275E+01  -0.59886E+00   0.27423E+03   0.74912E+02   0.29965E+00   0.54500E+02  -0.32368E+01   0.33820E+01   0.00000E+00   0.85505E+02
  8.500  -0.44513E+01  -0.16187E-01   0.14465E+02  -0.54157E+00  -0.21652E+01   0.00000E+00   0.27423E+03   0.76042E+02   0.30417E+00   0.58752E+02  -0.33060E+01   0.33820E+01   0.00000E+00   0.85505E+02
  8.520  -0.41730E+01  -0.15175E-01   0.13067E+02  -0.36530E+00  -0.16738E+01   0.00000E+00   0.27423E+03   0.77264E+02   0.30906E+00   0.63512E+02  -0.33809E+01   0.33820E+01   0.00000E+00   0.85505E+02
  8.540  -0.39381E+01  -0.14320E-01   0.10250E+02  -0.21634E+00  -0.12586E+01   0.00000E+00   0.27423E+03   0.78582E+02   0.31433E+00   0.68210E+02  -0.34616E+01   0.33820E+01   0.00000E+00   0.85505E+02
  8.560  -0.37660E+01  -0.13695E-01   0.69726E+01  -0.10702E+00  -0.95394E+00   0.00000E+00   0.27423E+03   0.79992E+02   0.31997E+00   0.72769E+02  -0.35480E+01   0.33820E+01   0.00000E+00   0.85505E+02
  8.580  -0.36563E+01  -0.13296E-01   0.41348E+01  -0.37186E-01  -0.75934E+00   0.00000E+00   0.27423E+03   0.81491E+02   0.32597E+00   0.77171E+02  -0.36399E+01   0.33820E+01   0.00000E+00   0.85505E+02
  8.600  -0.35945E+01  -0.13071E-01   0.22137E+01   0.21403E-02  -0.64977E+00   0.00000E+00   0.27423E+03   0.83078E+02   0.33231E+00   0.81448E+02  -0.37371E+01   0.33820E+01   0.00000E+00   0.85505E+02
  8.620  -0.35608E+01  -0.12948E-01   0.13343E+01   0.23617E-01  -0.58993E+00   0.00000E+00   0.27423E+03   0.84749E+02   0.33900E+00   0.85661E+02  -0.38395E+01   0.33820E+01   0.00000E+00   0.85505E+02
  8.640  -0.35349E+01  -0.12854E-01   0.13981E+01   0.39994E-01  -0.54426E+00   0.00000E+00   0.27423E+03   0.86504E+02   0.34602E+00   0.89877E+02  -0.39470E+01   0.33820E+01   0.00000E+00   0.85505E+02
  8.660  -0.35004E+01  -0.12729E-01   0.21302E+01   0.61695E-01  -0.48373E+00   0.00000E+00   0.27423E+03   0.88344E+02   0.35338E+00   0.94161E+02  -0.40598E+01   0.33820E+01   0.00000E+00   0.85505E+02
  8.680  -0.34467E+01  -0.12534E-01   0.33051E+01   0.95491E-01  -0.38945E+00   0.00000E+00   0.27423E+03   0.90271E+02   0.36109E+00   0.98564E+02  -0.41778E+01   0.33820E+01   0.00000E+00   0.85505E+02
  8.700  -0.33649E+01  -0.12236E-01   0.49716E+01   0.14700E+00  -0.24578E+00   0.00000E+00   0.27423E+03   0.92288E+02   0.36915E+00   0.10313E+03  -0.43014E+01   0.33820E+01   0.00000E+00   0.85505E+02
  8.720  -0.32443E+01  -0.11797E-01   0.71784E+01   0.22302E+00  -0.33738E-01   0.00000E+00   0.27423E+03   0.94398E+02   0.37759E+00   0.10793E+03  -0.44307E+01   0.33820E+01   0.00000E+00   0.85505E+02
  8.740  -0.30742E+01  -0.11179E-01   0.99176E+01   0.33018E+00   0.26515E+00   0.00000E+00   0.27423E+03   0.96607E+02   0.38643E+00   0.11301E+03  -0.45660E+01   0.33820E+01   0.00000E+00   0.85505E+02
  8.760  -0.28463E+01  -0.10350E-01   0.12842E+02   0.47393E+00   0.66606E+00   0.00000E+00   0.27423E+03   0.98921E+02   0.39568E+00   0.11844E+03  -0.47078E+01   0.33820E+01   0.00000E+00   0.85505E+02
  8.780  -0.25649E+01  -0.93269E-02   0.15117E+02   0.65162E+00   0.11616E+01   0.00000E+00   0.27423E+03   0.10135E+03   0.40539E+00   0.12424E+03  -0.48564E+01   0.33820E+01   0.00000E+00   0.85505E+02
  8.800  -0.22493E+01  -0.81793E-02   0.16246E+02   0.85109E+00   0.17178E+01   0.00000E+00   0.27423E+03   0.10389E+03   0.41557E+00   0.13035E+03  -0.50124E+01   0.33820E+01   0.00000E+00   0.85505E+02
  8.820  -0.19234E+01  -0.69941E-02   0.16132E+02   0.10573E+01   0.22927E+01   0.00000E+00   0.27423E+03   0.10656E+03   0.42625E+00   0.13673E+03  -0.51760E+01   0.33820E+01   0.00000E+00   0.85505E+02
  8.840  -0.16118E+01  -0.58611E-02   0.14850E+02   0.12545E+01   0.28426E+01   0.00000E+00   0.27423E+03   0.10936E+03   0.43745E+00   0.14329E+03  -0.53475E+01   0.33820E+01   0.00000E+00   0.85505E+02
  8.860  -0.13344E+01  -0.48522E-02   0.12817E+02   0.14303E+01   0.33326E+01   0.00000E+00   0.27423E+03   0.11230E+03   0.44918E+00   0.14996E+03  -0.55272E+01   0.33820E+01   0.00000E+00   0.85505E+02
  8.880  -0.11019E+01  -0.40071E-02   0.10360E+02   0.15777E+01   0.37434E+01   0.00000E+00   0.27450E+03   0.11536E+03   0.46145E+00   0.15670E+03  -0.57150E+01   0.33820E+01   0.00000E+00   0.85505E+02
  8.900  -0.92434E+00  -0.33612E-02   0.72462E+01   0.16905E+01   0.40577E+01   0.00000E+00   0.27479E+03   0.11856E+03   0.47425E+00   0.16346E+03  -0.59112E+01   0.33820E+01   0.00000E+00   0.85505E+02
  8.920  -0.81955E+00  -0.29802E-02   0.30154E+01   0.17574E+01   0.42440E+01   0.00000E+00   0.27497E+03   0.12190E+03   0.48760E+00   0.17016E+03  -0.61156E+01   0.33820E+01   0.00000E+00   0.85505E+02
  8.940  -0.81234E+00  -0.29540E-02  -0.25052E+01   0.17311E+01   0.41798E+01   0.00000E+00   0.27500E+03   0.12537E+03   0.50147E+00   0.17668E+03  -0.63281E+01   0.33820E+01   0.00000E+00   0.85505E+02
  8.960  -0.92606E+00  -0.33675E-02  -0.89630E+01   0.11842E+01   0.27918E+01   0.00000E+00   0.27500E+03   0.12896E+03   0.51586E+00   0.18271E+03  -0.65484E+01   0.33820E+01   0.00000E+00   0.85505E+02
  8.980  -0.11715E+01  -0.42600E-02  -0.15517E+02  -0.33685E-02  -0.22193E+00   0.00000E+00   0.27500E+03   0.13267E+03   0.53068E+00   0.18766E+03  -0.67754E+01   0.33820E+01   0.00000E+00   0.85505E+02
  9.000  -0.15410E+01  -0.56036E-02  -0.21294E+02  -0.11206E+01  -0.30823E+01   0.00000E+00   0.27500E+03   0.13646E+03   0.54584E+00   0.19116E+03  -0.70076E+01   0.33820E+01   0.00000E+00   0.85505E+02
  9.020  -0.20199E+01  -0.73452E-02  -0.26471E+02  -0.14228E+01  -0.39251E+01   0.00000E+00   0.27557E+03   0.14031E+03   0.56125E+00   0.19413E+03  -0.72437E+01   0.33820E+01   0.00000E+00   0.85505E+02
  9.040  -0.25921E+01  -0.94259E-02  -0.30495E+02  -0.17842E+01  -0.49328E+01   0.00000E+00   0.27649E+03   0.14422E+03   0.57689E+00   0.19685E+03  -0.74833E+01   0.33820E+01   0.00000E+00   0.85505E+02
  9.060  -0.32298E+01  -0.11745E-01  -0.33033E+02  -0.21872E+01  -0.60566E+01   0.00000E+00   0.27776E+03   0.14819E+03   0.59274E+00   0.19939E+03  -0.77261E+01   0.33820E+01   0.00000E+00   0.85505E+02
  9.080  -0.39060E+01  -0.14203E-01  -0.34447E+02  -0.26147E+01  -0.72486E+01   0.00000E+00   0.27939E+03   0.15220E+03   0.60879E+00   0.20181E+03  -0.79719E+01   0.33820E+01   0.00000E+00   0.85505E+02
  9.100  -0.46032E+01  -0.16739E-01  -0.35191E+02  -0.30556E+01  -0.84780E+01   0.00000E+00   0.28137E+03   0.15626E+03   0.62503E+00   0.20417E+03  -0.82206E+01   0.33820E+01   0.00000E+00   0.85505E+02
  9.120  -0.53098E+01  -0.19308E-01  -0.35373E+02  -0.34020E+01  -0.94728E+01   0.00000E+00   0.28368E+03   0.16036E+03   0.64146E+00   0.20651E+03  -0.84722E+01   0.33820E+01   0.00000E+00   0.85505E+02
  9.140  -0.60165E+01  -0.21878E-01  -0.35285E+02  -0.34959E+01  -0.98364E+01   0.00000E+00   0.28612E+03   0.16452E+03   0.65808E+00   0.20912E+03  -0.87268E+01   0.33820E+01   0.00000E+00   0.85505E+02
  9.160  -0.67217E+01  -0.24442E-01  -0.35274E+02  -0.35896E+01  -0.10199E+02   0.00000E+00   0.28861E+03   0.16873E+03   0.67493E+00   0.21207E+03  -0.89848E+01   0.33820E+01   0.00000E+00   0.85505E+02
  9.180  -0.74291E+01  -0.27015E-01  -0.35508E+02  -0.36836E+01  -0.10563E+02   0.00000E+00   0.29119E+03   0.17301E+03   0.69202E+00   0.21534E+03  -0.92467E+01   0.33820E+01   0.00000E+00   0.85505E+02
  9.200  -0.81438E+01  -0.29614E-01  -0.36022E+02  -0.36501E+01  -0.10609E+02   0.00000E+00   0.29381E+03   0.17735E+03   0.70939E+00   0.21897E+03  -0.95127E+01   0.33820E+01   0.00000E+00   0.85505E+02
  9.220  -0.88722E+01  -0.32263E-01  -0.36872E+02  -0.35970E+01  -0.10609E+02   0.00000E+00   0.29645E+03   0.18177E+03   0.72707E+00   0.22300E+03  -0.97834E+01   0.33820E+01   0.00000E+00   0.85505E+02
  9.240  -0.96204E+01  -0.34983E-01  -0.37978E+02  -0.35424E+01  -0.10609E+02   0.00000E+00   0.29912E+03   0.18627E+03   0.74508E+00   0.22741E+03  -0.10059E+02   0.33820E+01   0.00000E+00   0.85505E+02
  9.260  -0.10393E+02  -0.37792E-01  -0.39294E+02  -0.34861E+01  -0.10609E+02   0.00000E+00   0.30184E+03   0.19087E+03   0.76346E+00   0.23218E+03  -0.10341E+02   0.33820E+01   0.00000E+00   0.85505E+02
  9.280  -0.11194E+02  -0.40705E-01  -0.40869E+02  -0.34277E+01  -0.10609E+02   0.00000E+00   0.30461E+03   0.19556E+03   0.78224E+00   0.23729E+03  -0.10628E+02   0.33820E+01   0.00000E+00   0.85505E+02
# MASS = 0.02046 0.01563 KTRI =12.34541 4.32895 KSLIP = 3.08637 1.08225 K = 6.78999 2.38093 DC = 0.06748 0.02366  H =0.0500
# XD1 = 0.28646 0.26042 XD2 = 2.29167 2.08333 T  = 0.62443 0.28117  seisdata/k
# CB = 0.20000 0.14720
# XMAX =11.97767******** YMAX = 77.45908242.37996 CEMAX =   307.273    85.505
#   DT= 0.0200  465  F7.3, 14E14.5 MKOBE04.tx
# GAMMA= 1.2000 GAMMA3= 1.5000
