## NFILE T1 T2 CB1 CB2 P1 P2 RWALL1 RWALL2 XMAX1 XMAX2 GMAX1 GMAX2 YMAX1 YMAX2 CEMAX1 CEMAX2
 1    0.12264E+01    0.55460E+00    0.50000E-01    0.39234E-01    0.17682E+01    0.60093E+00    0.97022E+01    0.32973E+01    0.20005E+03    0.12756E+03    0.72746E+00    0.51024E+00    0.25526E+03    0.28844E+03    0.90146E+02    0.15964E+02
 2    0.87431E+00    0.39468E+00    0.10000E+00    0.76210E-01    0.35365E+01    0.11673E+01    0.19404E+02    0.64049E+01    0.23397E+02    0.20001E+03    0.85079E-01    0.80005E+00    0.82672E+02    0.30130E+03    0.19157E+03    0.33051E+02
 3    0.71789E+00    0.32362E+00    0.15000E+00    0.11208E+00    0.53047E+01    0.17168E+01    0.29107E+02    0.94198E+01    0.21788E+02    0.20005E+03    0.79230E-01    0.80018E+00    0.82857E+02    0.26997E+03    0.24665E+03    0.59368E+02
 4    0.62443E+00    0.28117E+00    0.20000E+00    0.14720E+00    0.70729E+01    0.22547E+01    0.38809E+02    0.12371E+02    0.11978E+02    0.20007E+03    0.43555E-01    0.80027E+00    0.77459E+02    0.24238E+03    0.30727E+03    0.85505E+02
 5    0.51324E+00    0.23066E+00    0.30000E+00    0.21584E+00    0.10609E+02    0.33060E+01    0.58213E+02    0.18140E+02    0.88955E+01    0.20004E+03    0.32347E-01    0.80014E+00    0.65499E+02    0.20707E+03    0.33453E+03    0.14828E+03
 6    0.44672E+00    0.20045E+00    0.40000E+00    0.28293E+00    0.14146E+02    0.43336E+01    0.77618E+02    0.23778E+02    0.76238E+01    0.20003E+03    0.27723E-01    0.80014E+00    0.55306E+02    0.18638E+03    0.32131E+03    0.22521E+03
 7    0.40118E+00    0.17979E+00    0.50000E+00    0.34888E+00    0.17682E+02    0.53436E+01    0.97022E+02    0.29320E+02    0.78111E+01    0.20004E+03    0.28404E-01    0.80018E+00    0.46139E+02    0.16867E+03    0.28420E+03    0.30679E+03
 8    0.36736E+00    0.16446E+00    0.60000E+00    0.41438E+00    0.21219E+02    0.63469E+01    0.11643E+03    0.34825E+02    0.68620E+01    0.36057E+02    0.24953E-01    0.14423E+00    0.42278E+02    0.11991E+03    0.25686E+03    0.41429E+03
 9    0.34115E+00    0.15256E+00    0.70000E+00    0.47856E+00    0.24755E+02    0.73300E+01    0.13583E+03    0.40219E+02    0.56270E+01    0.26807E+02    0.20462E-01    0.10723E+00    0.38810E+02    0.11735E+03    0.22732E+03    0.44697E+03
10    0.31998E+00    0.14296E+00    0.80000E+00    0.54209E+00    0.28292E+02    0.83031E+01    0.15524E+03    0.45559E+02    0.43941E+01    0.21472E+02    0.15978E-01    0.85889E-01    0.33682E+02    0.97967E+02    0.19202E+03    0.44638E+03
11    0.30251E+00    0.13502E+00    0.90000E+00    0.60438E+00    0.31828E+02    0.92571E+01    0.17464E+03    0.50794E+02    0.20679E+01    0.28219E+02    0.75198E-02    0.11288E+00    0.20821E+02    0.95239E+02    0.92352E+02    0.39147E+03
12    0.28752E+00    0.12824E+00    0.10000E+01    0.66754E+00    0.35365E+02    0.10224E+02    0.19404E+03    0.56101E+02    0.18014E+01    0.25564E+02    0.65505E-02    0.10226E+00    0.19181E+02    0.89436E+02    0.86887E+02    0.38515E+03
