# CTIME DISP1 GAMMA1 VEL1 FORCE1 FORCETRI1 FORCESLIP1 ENERGY1 DISP2 GAMMA2 VEL2 FORCE2 FORCETRI2 FORCESLIP2 ENERGY2
  0.020   0.29146E-04   0.10599E-06   0.43229E-02   0.29605E-03   0.54353E-03   0.13588E-03   0.44463E-08   0.78122E-06   0.31249E-08   0.16555E-03   0.29807E-05   0.55774E-05   0.13944E-05   0.12165E-11
  0.040   0.11709E-03   0.42578E-06   0.42226E-03   0.12246E-02   0.22477E-02   0.56193E-03   0.71758E-07   0.12392E-04   0.49568E-07   0.10448E-02   0.48546E-04   0.90770E-04   0.22693E-04   0.30608E-09
  0.060  -0.24612E-04  -0.89497E-07  -0.14114E-01  -0.22794E-03  -0.41888E-03  -0.10472E-03   0.71887E-07   0.34926E-04   0.13970E-06   0.82029E-03   0.13855E-03   0.25897E-03   0.64743E-04   0.24313E-08
  0.080  -0.35685E-03  -0.12976E-05  -0.15198E-01  -0.37033E-02  -0.67975E-02  -0.16994E-02   0.66651E-06   0.26435E-04   0.10574E-06  -0.20734E-02   0.10706E-03   0.20000E-03   0.50001E-04   0.29366E-08
  0.100  -0.44685E-03  -0.16249E-05   0.11404E-01  -0.47013E-02  -0.86283E-02  -0.21571E-02   0.12076E-05  -0.52692E-04  -0.21077E-06  -0.55076E-02  -0.20555E-03  -0.38437E-03  -0.96094E-04   0.55341E-08
  0.120   0.23356E-03   0.84931E-06   0.58128E-01   0.23226E-02   0.42649E-02   0.10662E-02   0.12076E-05  -0.15641E-03  -0.62563E-06  -0.33250E-02  -0.62075E-03  -0.11602E-02  -0.29007E-03   0.48761E-07
  0.140   0.17817E-02   0.64790E-05   0.90613E-01   0.18460E-01   0.33884E-01   0.84710E-02   0.16615E-04  -0.10554E-03  -0.42218E-06   0.10609E-01  -0.42935E-03  -0.80197E-03  -0.20050E-03   0.56798E-07
  0.160   0.36008E-02   0.13094E-04   0.84735E-01   0.37514E-01   0.68856E-01   0.17214E-01   0.67864E-04   0.34752E-03   0.13901E-05   0.36237E-01   0.13558E-02   0.25353E-02   0.63383E-03   0.24072E-06
  0.180   0.50611E-02   0.18404E-04   0.62295E-01   0.52847E-01   0.96998E-01   0.24250E-01   0.13407E-03   0.13786E-02   0.55145E-05   0.67128E-01   0.54409E-02   0.10171E-01   0.25428E-02   0.37884E-05
  0.200   0.60791E-02   0.22106E-04   0.37886E-01   0.63556E-01   0.11665E+00   0.29163E-01   0.19343E-03   0.30209E-02   0.12084E-04   0.96218E-01   0.11964E-01   0.22363E-01   0.55909E-02   0.18190E-04
  0.220   0.63238E-02   0.22996E-04  -0.24082E-01   0.66248E-01   0.12159E+00   0.30397E-01   0.21373E-03   0.51620E-02   0.20648E-04   0.11519E+00   0.20484E-01   0.38286E-01   0.95716E-02   0.53112E-04
  0.240   0.49666E-02   0.18060E-04  -0.10864E+00   0.52219E-01   0.95839E-01   0.23960E-01   0.21373E-03   0.74702E-02   0.29881E-04   0.11066E+00   0.29689E-01   0.55489E-01   0.13872E-01   0.11123E-03
  0.260   0.25032E-02   0.91024E-05  -0.11529E+00   0.26447E-01   0.48537E-01   0.12134E-01   0.21373E-03   0.93777E-02   0.37511E-04   0.75393E-01   0.37321E-01   0.69752E-01   0.17438E-01   0.17528E-03
  0.280   0.11132E-02   0.40480E-05  -0.86525E-02   0.11673E-01   0.21424E-01   0.53560E-02   0.21373E-03   0.10367E-01   0.41467E-04   0.22723E-01   0.41308E-01   0.77200E-01   0.19300E-01   0.21421E-03
  0.300   0.23358E-02   0.84937E-05   0.12510E+00   0.24188E-01   0.44398E-01   0.11100E-01   0.21373E-03   0.10352E-01   0.41410E-04  -0.20415E-01   0.41286E-01   0.77157E-01   0.19290E-01   0.21846E-03
  0.320   0.57403E-02   0.20874E-04   0.20281E+00   0.59661E-01   0.10951E+00   0.27377E-01   0.21373E-03   0.97565E-02   0.39026E-04  -0.33164E-01   0.38921E-01   0.72737E-01   0.18184E-01   0.21846E-03
  0.340   0.10107E-01   0.36752E-04   0.22947E+00   0.10531E+00   0.19330E+00   0.48324E-01   0.53463E-03   0.92724E-02   0.37089E-04  -0.91833E-02   0.36971E-01   0.69094E-01   0.17274E-01   0.21846E-03
  0.360   0.14620E-01   0.53164E-04   0.21167E+00   0.15259E+00   0.28008E+00   0.70020E-01   0.11187E-02   0.96111E-02   0.38444E-04   0.47628E-01   0.38275E-01   0.71533E-01   0.17883E-01   0.21846E-03
  0.380   0.18137E-01   0.65953E-04   0.12879E+00   0.18958E+00   0.34797E+00   0.86992E-01   0.17217E-02   0.11297E-01   0.45189E-04   0.12200E+00   0.44935E-01   0.83984E-01   0.20996E-01   0.25438E-03
  0.400   0.19624E-01   0.71359E-04   0.23532E-01   0.20537E+00   0.37693E+00   0.94234E-01   0.20156E-02   0.14443E-01   0.57773E-04   0.18943E+00   0.57422E-01   0.10732E+00   0.26831E-01   0.41580E-03
  0.420   0.19493E-01   0.70885E-04  -0.20105E-01   0.20410E+00   0.37460E+00   0.93650E-01   0.20292E-02   0.18693E-01   0.74772E-04   0.23034E+00   0.74329E-01   0.13892E+00   0.34731E-01   0.69649E-03
  0.440   0.19510E-01   0.70944E-04   0.39185E-01   0.20414E+00   0.37469E+00   0.93672E-01   0.20292E-02   0.23462E-01   0.93847E-04   0.24265E+00   0.93330E-01   0.17443E+00   0.43609E-01   0.10972E-02
  0.460   0.21144E-01   0.76886E-04   0.11143E+00   0.22110E+00   0.40580E+00   0.10145E+00   0.23399E-02   0.28301E-01   0.11320E-03   0.23969E+00   0.11262E+00   0.21049E+00   0.52622E-01   0.15964E-02
  0.480   0.23152E-01   0.84190E-04   0.62330E-01   0.24222E+00   0.44458E+00   0.11114E+00   0.28055E-02   0.32989E-01   0.13195E-03   0.22674E+00   0.13132E+00   0.24543E+00   0.61358E-01   0.21691E-02
  0.500   0.23029E-01   0.83742E-04  -0.78006E-01   0.24123E+00   0.44275E+00   0.11069E+00   0.28768E-02   0.37208E-01   0.14883E-03   0.18960E+00   0.14817E+00   0.27692E+00   0.69231E-01   0.27595E-02
  0.520   0.20116E-01   0.73150E-04  -0.20605E+00   0.21101E+00   0.38728E+00   0.96820E-01   0.28768E-02   0.40302E-01   0.16121E-03   0.11224E+00   0.16057E+00   0.30008E+00   0.75022E-01   0.32374E-02
  0.540   0.14774E-01   0.53723E-04  -0.33585E+00   0.15536E+00   0.28514E+00   0.71284E-01   0.28768E-02   0.41386E-01   0.16554E-03  -0.11950E-01   0.16499E+00   0.30835E+00   0.77088E-01   0.34156E-02
  0.560   0.64491E-02   0.23451E-04  -0.50059E+00   0.68565E-01   0.12583E+00   0.31457E-01   0.28768E-02   0.39477E-01   0.15791E-03  -0.18797E+00   0.15753E+00   0.29439E+00   0.73598E-01   0.34156E-02
  0.580  -0.47190E-02  -0.17160E-04  -0.58686E+00  -0.48158E-01  -0.88410E-01  -0.22103E-01   0.28768E-02   0.33516E-01   0.13406E-03  -0.41548E+00   0.13395E+00   0.25031E+00   0.62580E-01   0.34156E-02
  0.600  -0.16177E-01  -0.58825E-04  -0.54623E+00  -0.16818E+00  -0.30870E+00  -0.77176E-01   0.28768E-02   0.22683E-01   0.90733E-04  -0.66888E+00   0.90972E-01   0.16999E+00   0.42498E-01   0.34156E-02
  0.620  -0.26089E-01  -0.94868E-04  -0.43393E+00  -0.27218E+00  -0.49957E+00  -0.12489E+00   0.35624E-02   0.68620E-02   0.27448E-04  -0.90688E+00   0.28097E-01   0.52472E-01   0.13118E-01   0.34156E-02
  0.640  -0.32701E-01  -0.11891E-03  -0.19749E+00  -0.34189E+00  -0.62751E+00  -0.15688E+00   0.55970E-02  -0.13169E-01  -0.52677E-04  -0.10808E+01  -0.51613E-01  -0.96502E-01  -0.24126E-01   0.34156E-02
  0.660  -0.33384E-01  -0.12140E-03   0.12998E+00  -0.34973E+00  -0.64189E+00  -0.16047E+00   0.60147E-02  -0.35545E-01  -0.14218E-03  -0.11316E+01  -0.14077E+00  -0.26313E+00  -0.65783E-01   0.34156E-02
  0.680  -0.28658E-01  -0.10421E-03   0.28639E+00  -0.30059E+00  -0.55169E+00  -0.13792E+00   0.60147E-02  -0.57326E-01  -0.22930E-03  -0.10188E+01  -0.22769E+00  -0.42557E+00  -0.10639E+00   0.65502E-02
  0.700  -0.24267E-01  -0.88243E-04   0.94034E-01  -0.25423E+00  -0.46660E+00  -0.11665E+00   0.60147E-02  -0.75347E-01  -0.30139E-03  -0.76553E+00  -0.29973E+00  -0.56020E+00  -0.14005E+00   0.11316E-01
  0.720  -0.25188E-01  -0.91592E-04  -0.14373E+00  -0.26336E+00  -0.48338E+00  -0.12084E+00   0.60147E-02  -0.87546E-01  -0.35018E-03  -0.45031E+00  -0.34862E+00  -0.65155E+00  -0.16289E+00   0.15276E-01
  0.740  -0.28405E-01  -0.10329E-03  -0.14100E+00  -0.29705E+00  -0.54520E+00  -0.13630E+00   0.60147E-02  -0.93337E-01  -0.37335E-03  -0.13067E+00  -0.37197E+00  -0.69518E+00  -0.17380E+00   0.17365E-01
  0.760  -0.30851E-01  -0.11218E-03  -0.14030E+00  -0.32265E+00  -0.59219E+00  -0.14805E+00   0.60147E-02  -0.92909E-01  -0.37164E-03   0.16710E+00  -0.37051E+00  -0.69243E+00  -0.17311E+00   0.17570E-01
  0.780  -0.35290E-01  -0.12833E-03  -0.32986E+00  -0.36872E+00  -0.67675E+00  -0.16919E+00   0.65183E-02  -0.87089E-01  -0.34836E-03   0.39909E+00  -0.34750E+00  -0.64942E+00  -0.16236E+00   0.17570E-01
  0.800  -0.44723E-01  -0.16263E-03  -0.62123E+00  -0.46685E+00  -0.85687E+00  -0.21422E+00   0.10469E-01  -0.77782E-01  -0.31113E-03   0.50610E+00  -0.31048E+00  -0.58023E+00  -0.14506E+00   0.17570E-01
  0.820  -0.60534E-01  -0.22012E-03  -0.97184E+00  -0.63162E+00  -0.11593E+01  -0.28983E+00   0.19179E-01  -0.68023E-01  -0.27209E-03   0.43680E+00  -0.27152E+00  -0.50743E+00  -0.12686E+00   0.17570E-01
  0.840  -0.83236E-01  -0.30268E-03  -0.12699E+01  -0.86863E+00  -0.15943E+01  -0.39858E+00   0.36262E-01  -0.61720E-01  -0.24688E-03   0.15773E+00  -0.24617E+00  -0.46006E+00  -0.11502E+00   0.17570E-01
  0.860  -0.10891E+00  -0.39603E-03  -0.12083E+01  -0.11375E+01  -0.20878E+01  -0.52195E+00   0.62082E-01  -0.63015E-01  -0.25206E-03  -0.31293E+00  -0.25095E+00  -0.46901E+00  -0.11725E+00   0.17570E-01
  0.880  -0.12845E+00  -0.46711E-03  -0.68174E+00  -0.13432E+01  -0.24653E+01  -0.61634E+00   0.86364E-01  -0.74814E-01  -0.29925E-03  -0.86802E+00  -0.29753E+00  -0.55608E+00  -0.13902E+00   0.17570E-01
  0.900  -0.13483E+00  -0.49029E-03   0.47485E-01  -0.14115E+01  -0.25906E+01  -0.64766E+00   0.95194E-01  -0.97194E-01  -0.38877E-03  -0.13425E+01  -0.38636E+00  -0.72211E+00  -0.18053E+00   0.18829E-01
  0.920  -0.12731E+00  -0.46294E-03   0.66544E+00  -0.13341E+01  -0.24485E+01  -0.61213E+00   0.95194E-01  -0.12695E+00  -0.50780E-03  -0.15848E+01  -0.50477E+00  -0.94343E+00  -0.23586E+00   0.32123E-01
  0.940  -0.11082E+00  -0.40299E-03   0.89547E+00  -0.11620E+01  -0.21327E+01  -0.53316E+00   0.95194E-01  -0.15848E+00  -0.63390E-03  -0.15146E+01  -0.63050E+00  -0.11784E+01  -0.29460E+00   0.50058E-01
  0.960  -0.93150E-01  -0.33873E-03   0.87655E+00  -0.97695E+00  -0.17930E+01  -0.44826E+00   0.95194E-01  -0.18558E+00  -0.74233E-03  -0.11520E+01  -0.73886E+00  -0.13809E+01  -0.34523E+00   0.68648E-01
  0.980  -0.73382E-01  -0.26684E-03   0.12109E+01  -0.77071E+00  -0.14145E+01  -0.35363E+00   0.95194E-01  -0.20295E+00  -0.81180E-03  -0.54533E+00  -0.80859E+00  -0.15112E+01  -0.37780E+00   0.82097E-01
  1.000  -0.42763E-01  -0.15550E-03   0.18392E+01  -0.45152E+00  -0.82865E+00  -0.20716E+00   0.95194E-01  -0.20575E+00  -0.82302E-03   0.30574E+00  -0.82047E+00  -0.15333E+01  -0.38334E+00   0.85194E-01
  1.020  -0.18762E-02  -0.68224E-05   0.21617E+01  -0.24207E-01  -0.44351E-01  -0.11088E-01   0.95194E-01  -0.18924E+00  -0.75695E-03   0.13752E+01  -0.75551E+00  -0.14119E+01  -0.35298E+00   0.85194E-01
  1.040   0.40437E-01   0.14704E-03   0.19963E+01   0.41907E+00   0.76923E+00   0.19231E+00   0.95194E-01  -0.15006E+00  -0.60025E-03   0.25447E+01  -0.60029E+00  -0.11218E+01  -0.28044E+00   0.85194E-01
  1.060   0.75619E-01   0.27498E-03   0.14784E+01   0.78845E+00   0.14472E+01   0.36179E+00   0.95194E-01  -0.88033E-01  -0.35213E-03   0.36261E+01  -0.35390E+00  -0.66125E+00  -0.16532E+00   0.85194E-01
  1.080   0.98584E-01   0.35849E-03   0.81169E+00   0.10303E+01   0.18909E+01   0.47274E+00   0.95194E-01  -0.69789E-02  -0.27916E-04   0.44147E+01  -0.31436E-01  -0.58567E-01  -0.14642E-01   0.85194E-01
  1.100   0.10873E+00   0.39539E-03   0.23978E+00   0.11377E+01   0.20881E+01   0.52204E+00   0.95194E-01   0.85483E-01   0.34193E-03   0.47457E+01   0.33688E+00   0.62979E+00   0.15745E+00   0.85194E-01
  1.120   0.11125E+00   0.40456E-03   0.12472E+00   0.11643E+01   0.21370E+01   0.53426E+00   0.95194E-01   0.17930E+00   0.71722E-03   0.45508E+01   0.71105E+00   0.13291E+01   0.33227E+00   0.85194E-01
  1.140   0.11723E+00   0.42629E-03   0.53316E+00   0.12260E+01   0.22503E+01   0.56257E+00   0.95194E-01   0.26451E+00   0.10580E-02   0.39084E+01   0.10428E+01   0.19437E+01   0.49121E+00   0.13943E+00
  1.160   0.13288E+00   0.48318E-03   0.99245E+00   0.13888E+01   0.25491E+01   0.63728E+00   0.95194E-01   0.33483E+00   0.13393E-02   0.31332E+01   0.11437E+01   0.20187E+01   0.62247E+00   0.21639E+00
  1.180   0.15491E+00   0.56330E-03   0.11508E+01   0.16191E+01   0.29718E+01   0.74295E+00   0.12560E+00   0.39043E+00   0.15617E-02   0.24445E+01   0.12236E+01   0.20780E+01   0.72628E+00   0.28225E+00
  1.200   0.17610E+00   0.64037E-03   0.89049E+00   0.18415E+01   0.33799E+01   0.84499E+00   0.16231E+00   0.43331E+00   0.17332E-02   0.18584E+01   0.12852E+01   0.21238E+01   0.80637E+00   0.33607E+00
  1.220   0.18837E+00   0.68497E-03   0.30679E+00   0.19712E+01   0.36179E+01   0.90447E+00   0.18571E+00   0.46512E+00   0.18605E-02   0.13247E+01   0.13309E+01   0.21577E+01   0.86581E+00   0.37769E+00
  1.240   0.18884E+00   0.68667E-03  -0.20934E+00   0.19772E+01   0.36288E+01   0.90722E+00   0.18874E+00   0.48615E+00   0.19446E-02   0.77039E+00   0.13612E+01   0.21802E+01   0.90519E+00   0.40600E+00
  1.260   0.18221E+00   0.66257E-03  -0.39528E+00   0.19082E+01   0.35022E+01   0.87556E+00   0.18874E+00   0.49558E+00   0.19823E-02   0.16455E+00   0.13749E+01   0.21904E+01   0.92298E+00   0.41890E+00
  1.280   0.17428E+00   0.63375E-03  -0.39318E+00   0.18252E+01   0.33500E+01   0.83749E+00   0.18874E+00   0.49252E+00   0.19701E-02  -0.47078E+00   0.13631E+01   0.21683E+01   0.91753E+00   0.41949E+00
  1.300   0.16630E+00   0.60474E-03  -0.41700E+00   0.17417E+01   0.31967E+01   0.79919E+00   0.18874E+00   0.47696E+00   0.19078E-02  -0.10755E+01   0.13015E+01   0.20532E+01   0.88875E+00   0.41949E+00
  1.320   0.15710E+00   0.57129E-03  -0.51496E+00   0.16456E+01   0.30204E+01   0.75510E+00   0.18874E+00   0.45008E+00   0.18003E-02  -0.15936E+01   0.11948E+01   0.18538E+01   0.83890E+00   0.41949E+00
  1.340   0.14505E+00   0.52747E-03  -0.70973E+00   0.15199E+01   0.27896E+01   0.69740E+00   0.18874E+00   0.41400E+00   0.16560E-02  -0.19942E+01   0.10513E+01   0.15856E+01   0.77184E+00   0.41949E+00
  1.360   0.12833E+00   0.46667E-03  -0.96140E+00   0.13454E+01   0.24694E+01   0.61734E+00   0.18874E+00   0.37112E+00   0.14845E-02  -0.22749E+01   0.88060E+00   0.12665E+01   0.69207E+00   0.41949E+00
  1.380   0.10686E+00   0.38857E-03  -0.11741E+01   0.11211E+01   0.20575E+01   0.51439E+00   0.18874E+00   0.32373E+00   0.12949E-02  -0.24475E+01   0.69182E+00   0.91372E+00   0.60387E+00   0.41949E+00
  1.400   0.82297E-01   0.29926E-03  -0.12486E+01   0.86412E+00   0.15859E+01   0.39649E+00   0.18874E+00   0.27386E+00   0.10955E-02  -0.25227E+01   0.49311E+00   0.54234E+00   0.51102E+00   0.41949E+00
  1.420   0.58557E-01   0.21293E-03  -0.10778E+01   0.61525E+00   0.11292E+01   0.28230E+00   0.18874E+00   0.22351E+00   0.89404E-03  -0.24927E+01   0.29236E+00   0.16718E+00   0.41723E+00   0.41949E+00
  1.440   0.39668E-01   0.14425E-03  -0.83310E+00   0.41701E+00   0.76534E+00   0.19133E+00   0.18874E+00   0.17506E+00   0.70022E-03  -0.23290E+01   0.99065E-01  -0.19407E+00   0.32692E+00   0.41949E+00
  1.460   0.21828E-01   0.79373E-04  -0.10941E+01   0.23080E+00   0.42356E+00   0.10589E+00   0.18874E+00   0.13120E+00   0.52479E-03  -0.20436E+01  -0.76009E-01  -0.52125E+00   0.24512E+00   0.41949E+00
  1.480  -0.90617E-02  -0.32952E-04  -0.20973E+01  -0.90439E-01  -0.16607E+00  -0.41517E-01   0.18874E+00   0.93258E-01   0.37303E-03  -0.17687E+01  -0.22747E+00  -0.80431E+00   0.17436E+00   0.41949E+00
  1.500  -0.61392E-01  -0.22325E-03  -0.30054E+01  -0.63631E+00  -0.11680E+01  -0.29200E+00   0.18874E+00   0.59032E-01   0.23613E-03  -0.17001E+01  -0.36397E+00  -0.10594E+01   0.11058E+00   0.41949E+00
  1.520  -0.12245E+00  -0.44527E-03  -0.28965E+01  -0.12757E+01  -0.23415E+01  -0.58537E+00   0.18874E+00   0.23380E-01   0.93520E-04  -0.19050E+01  -0.50593E+00  -0.13247E+01   0.44256E-01   0.41949E+00
  1.540  -0.17154E+00  -0.62377E-03  -0.19323E+01  -0.17915E+01  -0.32883E+01  -0.82207E+00   0.18874E+00  -0.18142E-01  -0.72566E-04  -0.22536E+01  -0.67116E+00  -0.16335E+01  -0.32951E-01   0.41949E+00
  1.560  -0.19955E+00  -0.72564E-03  -0.93211E+00  -0.20869E+01  -0.38304E+01  -0.95759E+00   0.20842E+00  -0.66639E-01  -0.26656E-03  -0.25964E+01  -0.75983E+00  -0.17334E+01  -0.12315E+00   0.41949E+00
  1.580  -0.21172E+00  -0.76988E-03  -0.36470E+00  -0.22155E+01  -0.40663E+01  -0.10166E+01   0.23461E+00  -0.12170E+00  -0.48681E-03  -0.28960E+01  -0.83859E+00  -0.17919E+01  -0.22560E+00   0.41949E+00
  1.600  -0.21484E+00  -0.78124E-03   0.95994E-01  -0.22491E+01  -0.41280E+01  -0.10320E+01   0.24194E+00  -0.18175E+00  -0.72698E-03  -0.30839E+01  -0.92452E+00  -0.18558E+01  -0.33736E+00   0.41949E+00
  1.620  -0.20592E+00  -0.74879E-03   0.84923E+00  -0.21573E+01  -0.39595E+01  -0.98988E+00   0.24194E+00  -0.24376E+00  -0.97504E-03  -0.30756E+01  -0.10133E+01  -0.19218E+01  -0.45287E+00   0.43094E+00
  1.640  -0.18007E+00  -0.65481E-03   0.17231E+01  -0.18886E+01  -0.34663E+01  -0.86658E+00   0.24194E+00  -0.30269E+00  -0.12108E-02  -0.27568E+01  -0.10978E+01  -0.19846E+01  -0.56275E+00   0.49320E+00
  1.660  -0.13831E+00  -0.50294E-03   0.24016E+01  -0.14529E+01  -0.26665E+01  -0.66664E+00   0.24194E+00  -0.35135E+00  -0.14054E-02  -0.20386E+01  -0.11677E+01  -0.20365E+01  -0.65365E+00   0.54836E+00
  1.680  -0.87397E-01  -0.31781E-03   0.25760E+01  -0.92031E+00  -0.16890E+01  -0.42226E+00   0.24194E+00  -0.38142E+00  -0.15257E-02  -0.90328E+00  -0.12112E+01  -0.20688E+01  -0.71008E+00   0.58414E+00
  1.700  -0.38805E-01  -0.14111E-03   0.22222E+01  -0.41091E+00  -0.75409E+00  -0.18852E+00   0.24194E+00  -0.38527E+00  -0.15411E-02   0.56133E+00  -0.12135E+01  -0.20641E+01  -0.71780E+00   0.59128E+00
  1.720  -0.49812E-03  -0.18114E-05   0.15723E+01  -0.85450E-02  -0.15626E-01  -0.39065E-02   0.24194E+00  -0.35808E+00  -0.14323E-02   0.21555E+01  -0.11064E+01  -0.18639E+01  -0.66775E+00   0.59128E+00
  1.740   0.22445E-01   0.81617E-04   0.67706E+00   0.23351E+00   0.42860E+00   0.10715E+00   0.24194E+00  -0.30013E+00  -0.12005E-02   0.35882E+01  -0.87654E+00  -0.14342E+01  -0.56034E+00   0.59128E+00
  1.760   0.26442E-01   0.96154E-04  -0.24187E+00   0.27730E+00   0.50895E+00   0.12724E+00   0.24194E+00  -0.21757E+00  -0.87030E-03   0.45719E+01  -0.54826E+00  -0.82069E+00  -0.40695E+00   0.59128E+00
  1.780   0.14326E-01   0.52094E-04  -0.92995E+00   0.15192E+00   0.27880E+00   0.69701E-01   0.24194E+00  -0.12161E+00  -0.48643E-03   0.49062E+01  -0.16596E+00  -0.10621E+00  -0.22833E+00   0.59128E+00
  1.800  -0.86791E-02  -0.31560E-04  -0.13099E+01  -0.88086E-01  -0.16172E+00  -0.40430E-01   0.24194E+00  -0.26204E-01  -0.10482E-03   0.45134E+01   0.21467E+00   0.60512E+00  -0.50490E-01   0.59128E+00
  1.820  -0.35353E-01  -0.12856E-03  -0.12857E+01  -0.36735E+00  -0.67428E+00  -0.16857E+00   0.24194E+00   0.54442E-01   0.21777E-03   0.34520E+01   0.53702E+00   0.12075E+01   0.10011E+00   0.59128E+00
  1.840  -0.58351E-01  -0.21218E-03  -0.99912E+00  -0.60870E+00  -0.11172E+01  -0.27931E+00   0.24194E+00   0.10863E+00   0.43454E-03   0.19062E+01   0.75433E+00   0.16136E+01   0.20163E+00   0.59128E+00
  1.860  -0.72636E-01  -0.26413E-03  -0.31464E+00  -0.75968E+00  -0.13943E+01  -0.34858E+00   0.24194E+00   0.12916E+00   0.51664E-03   0.13537E+00   0.83760E+00   0.17691E+01   0.24052E+00   0.59128E+00
  1.880  -0.67236E-01  -0.24450E-03   0.92337E+00  -0.70576E+00  -0.12953E+01  -0.32383E+00   0.24194E+00   0.11487E+00   0.45948E-03  -0.15116E+01   0.78198E+00   0.16651E+01   0.21451E+00   0.59128E+00
  1.900  -0.35037E-01  -0.12741E-03   0.22636E+01  -0.37154E+00  -0.68184E+00  -0.17046E+00   0.24194E+00   0.72035E-01   0.28814E-03  -0.26616E+01   0.61217E+00   0.13477E+01   0.13516E+00   0.59128E+00
  1.920   0.19488E-01   0.70867E-04   0.30376E+01   0.19759E+00   0.36276E+00   0.90690E-01   0.24194E+00   0.13544E-01   0.54176E-04  -0.30492E+01   0.37932E+00   0.91253E+00   0.26363E-01   0.59128E+00
  1.940   0.77837E-01   0.28304E-03   0.25276E+01   0.80944E+00   0.14857E+01   0.37144E+00   0.24194E+00  -0.44562E-01  -0.17825E-03  -0.26431E+01   0.14736E+00   0.47903E+00  -0.82014E-01   0.59128E+00
  1.960   0.11469E+00   0.41706E-03   0.11328E+01   0.11982E+01   0.21992E+01   0.54979E+00   0.24194E+00  -0.88581E-01  -0.35433E-03  -0.16983E+01  -0.28895E-01   0.14967E+00  -0.16435E+00   0.59128E+00
  1.980   0.12349E+00   0.44905E-03  -0.21240E+00   0.12931E+01   0.23734E+01   0.59335E+00   0.24194E+00  -0.11124E+00  -0.44497E-03  -0.56424E+00  -0.12016E+00  -0.20839E-01  -0.20698E+00   0.59128E+00
  2.000   0.10742E+00   0.39062E-03  -0.13747E+01   0.11274E+01   0.20691E+01   0.51728E+00   0.24194E+00  -0.11201E+00  -0.44802E-03   0.44309E+00  -0.12403E+00  -0.28030E-01  -0.20878E+00   0.59128E+00
  2.020   0.70452E-01   0.25619E-03  -0.22476E+01   0.74224E+00   0.13622E+01   0.34055E+00   0.24194E+00  -0.96089E-01  -0.38436E-03   0.10691E+01  -0.61094E-01   0.89614E-01  -0.17937E+00   0.59128E+00
  2.040   0.19918E-01   0.72428E-04  -0.27626E+01   0.21433E+00   0.39328E+00   0.98321E-01   0.24194E+00  -0.72765E-01  -0.29106E-03   0.11698E+01   0.31801E-01   0.26323E+00  -0.13596E+00   0.59128E+00
  2.060  -0.36321E-01  -0.13208E-03  -0.27237E+01  -0.37444E+00  -0.68735E+00  -0.17184E+00   0.24194E+00  -0.52996E-01  -0.21198E-03   0.72228E+00   0.11097E+00   0.41117E+00  -0.98979E-01   0.59128E+00
  2.080  -0.83593E-01  -0.30397E-03  -0.18739E+01  -0.87107E+00  -0.15988E+01  -0.39971E+00   0.24194E+00  -0.46596E-01  -0.18638E-03  -0.12842E+00   0.13718E+00   0.46012E+00  -0.86741E-01   0.59128E+00
  2.100  -0.10820E+00  -0.39345E-03  -0.56272E+00  -0.11314E+01  -0.20766E+01  -0.51916E+00   0.24194E+00  -0.58911E-01  -0.23564E-03  -0.10956E+01   0.88882E-01   0.36981E+00  -0.10932E+00   0.59128E+00
  2.120  -0.10659E+00  -0.38759E-03   0.67783E+00  -0.11172E+01  -0.20504E+01  -0.51261E+00   0.24194E+00  -0.89117E-01  -0.35647E-03  -0.18702E+01  -0.30895E-01   0.14593E+00  -0.16529E+00   0.59128E+00
  2.140  -0.83857E-01  -0.30494E-03   0.15066E+01  -0.88099E+00  -0.16169E+01  -0.40423E+00   0.24194E+00  -0.13088E+00  -0.52350E-03  -0.22229E+01  -0.19707E+00  -0.16465E+00  -0.24293E+00   0.59128E+00
  2.160  -0.48489E-01  -0.17632E-03   0.20120E+01  -0.51183E+00  -0.93933E+00  -0.23483E+00   0.24194E+00  -0.17451E+00  -0.69806E-03  -0.20503E+01  -0.37117E+00  -0.49002E+00  -0.32428E+00   0.59128E+00
  2.180  -0.52227E-02  -0.18991E-04   0.22440E+01  -0.59413E-01  -0.10896E+00  -0.27241E-01   0.24194E+00  -0.20932E+00  -0.83726E-03  -0.13462E+01  -0.51048E+00  -0.75033E+00  -0.38936E+00   0.59128E+00
  2.200   0.37867E-01   0.13770E-03   0.19692E+01   0.39223E+00   0.71996E+00   0.17999E+00   0.24194E+00  -0.22551E+00  -0.90202E-03  -0.21800E+00  -0.57594E+00  -0.87263E+00  -0.41993E+00   0.59128E+00
  2.220   0.71130E-01   0.25865E-03   0.13326E+01   0.74176E+00   0.13615E+01   0.34037E+00   0.24194E+00  -0.21668E+00  -0.86674E-03   0.11119E+01  -0.54187E+00  -0.80890E+00  -0.40400E+00   0.59128E+00
  2.240   0.89448E-01   0.32527E-03   0.43915E+00   0.93540E+00   0.17168E+01   0.42921E+00   0.24194E+00  -0.18146E+00  -0.72582E-03   0.23764E+01  -0.40247E+00  -0.54832E+00  -0.33885E+00   0.59128E+00
  2.260   0.87432E-01   0.31793E-03  -0.64480E+00   0.91659E+00   0.16823E+01   0.42057E+00   0.24194E+00  -0.12396E+00  -0.49586E-03   0.32923E+01  -0.17404E+00  -0.12137E+00  -0.23211E+00   0.59128E+00
  2.280   0.65198E-01   0.23708E-03  -0.15015E+01   0.68566E+00   0.12584E+01   0.31460E+00   0.24194E+00  -0.53661E-01  -0.21465E-03   0.36286E+01   0.10594E+00   0.40189E+00  -0.10130E+00   0.59128E+00
  2.300   0.30971E-01   0.11262E-03  -0.18229E+01   0.32805E+00   0.60204E+00   0.15051E+00   0.24194E+00   0.16662E-01   0.66647E-04   0.32930E+01   0.38655E+00   0.92630E+00   0.29806E-01   0.59128E+00
  2.320  -0.33100E-02  -0.12036E-04  -0.14878E+01  -0.31497E-01  -0.57864E-01  -0.14466E-01   0.24194E+00   0.74046E-01   0.29618E-03   0.23614E+01   0.61607E+00   0.13552E+01   0.13703E+00   0.59128E+00
  2.340  -0.25375E-01  -0.92273E-04  -0.67920E+00  -0.26418E+00  -0.48490E+00  -0.12123E+00   0.24194E+00   0.10866E+00   0.43463E-03   0.10626E+01   0.75511E+00   0.16150E+01   0.20198E+00   0.59128E+00
  2.360  -0.31209E-01  -0.11349E-03   0.22448E-01  -0.32674E+00  -0.59969E+00  -0.14992E+00   0.24194E+00   0.11604E+00   0.46418E-03  -0.31511E+00   0.78568E+00   0.16721E+01   0.21625E+00   0.59128E+00
  2.380  -0.27086E-01  -0.98494E-04   0.33482E+00  -0.28424E+00  -0.52168E+00  -0.13042E+00   0.24194E+00   0.97072E-01   0.38829E-03  -0.15425E+01   0.71106E+00   0.15326E+01   0.18137E+00   0.59128E+00
  2.400  -0.19190E-01  -0.69781E-04   0.44207E+00  -0.20181E+00  -0.37038E+00  -0.92596E-01   0.24194E+00   0.56356E-01   0.22542E-03  -0.24699E+01   0.54951E+00   0.12306E+01   0.10588E+00   0.59128E+00
  2.420  -0.10395E-01  -0.37799E-04   0.40251E+00  -0.10966E+00  -0.20126E+00  -0.50315E-01   0.24194E+00   0.88879E-03   0.35552E-05  -0.30082E+01   0.32884E+00   0.81818E+00   0.27754E-02   0.59128E+00
  2.440  -0.45091E-02  -0.16397E-04   0.15181E+00  -0.47526E-01  -0.87222E-01  -0.21806E-01   0.24194E+00  -0.61259E-01  -0.24503E-03  -0.31421E+01   0.81203E-01   0.35537E+00  -0.11293E+00   0.59128E+00
  2.460  -0.37749E-02  -0.13727E-04  -0.18395E-01  -0.39477E-01  -0.72456E-01  -0.18114E-01   0.24194E+00  -0.12244E+00  -0.48975E-03  -0.29215E+01  -0.16286E+00  -0.10074E+00  -0.22696E+00   0.59128E+00
  2.480  -0.35132E-02  -0.12775E-04   0.71051E-01  -0.36924E-01  -0.67768E-01  -0.16942E-01   0.24194E+00  -0.17608E+00  -0.70433E-03  -0.23958E+01  -0.37714E+00  -0.50118E+00  -0.32707E+00   0.59128E+00
  2.500  -0.22546E-02  -0.81987E-05  -0.34109E-01  -0.23533E-01  -0.43194E-01  -0.10798E-01   0.24194E+00  -0.21663E+00  -0.86651E-03  -0.16275E+01  -0.53940E+00  -0.80438E+00  -0.40287E+00   0.59128E+00
  2.520  -0.91337E-02  -0.33213E-04  -0.77380E+00  -0.93987E-01  -0.17253E+00  -0.43133E-01   0.24194E+00  -0.24056E+00  -0.96224E-03  -0.76980E+00  -0.63551E+00  -0.98397E+00  -0.44777E+00   0.59128E+00
  2.540  -0.34173E-01  -0.12426E-03  -0.16618E+01  -0.35421E+00  -0.65018E+00  -0.16255E+00   0.24194E+00  -0.24843E+00  -0.99373E-03  -0.60295E-01  -0.66747E+00  -0.10437E+01  -0.46270E+00   0.59128E+00
  2.560  -0.69702E-01  -0.25346E-03  -0.16725E+01  -0.72610E+00  -0.13327E+01  -0.33319E+00   0.24194E+00  -0.24506E+00  -0.98022E-03   0.34544E+00  -0.65434E+00  -0.10191E+01  -0.45656E+00   0.59128E+00
  2.580  -0.94917E-01  -0.34515E-03  -0.76252E+00  -0.99196E+00  -0.18207E+01  -0.45517E+00   0.24194E+00  -0.23632E+00  -0.94528E-03   0.49824E+00  -0.61965E+00  -0.95428E+00  -0.44034E+00   0.59128E+00
  2.600  -0.10033E+00  -0.36483E-03   0.13222E+00  -0.10505E+01  -0.19281E+01  -0.48202E+00   0.24194E+00  -0.22576E+00  -0.90305E-03   0.55193E+00  -0.57761E+00  -0.87571E+00  -0.42070E+00   0.59128E+00
  2.620  -0.92833E-01  -0.33757E-03   0.54824E+00  -0.97293E+00  -0.17857E+01  -0.44642E+00   0.24194E+00  -0.21424E+00  -0.85695E-03   0.60414E+00  -0.53171E+00  -0.78992E+00  -0.39926E+00   0.59128E+00
  2.640  -0.78877E-01  -0.28682E-03   0.89063E+00  -0.82755E+00  -0.15189E+01  -0.37971E+00   0.24194E+00  -0.20138E+00  -0.80553E-03   0.69031E+00  -0.48053E+00  -0.69428E+00  -0.37534E+00   0.59128E+00
  2.660  -0.56062E-01  -0.20386E-03   0.14047E+01  -0.58982E+00  -0.10825E+01  -0.27063E+00   0.24194E+00  -0.18606E+00  -0.74426E-03   0.86069E+00  -0.41960E+00  -0.58040E+00  -0.34687E+00   0.59128E+00
  2.680  -0.25626E-01  -0.93185E-04   0.14838E+01  -0.27139E+00  -0.49805E+00  -0.12451E+00   0.24194E+00  -0.16610E+00  -0.66439E-03   0.11538E+01  -0.34024E+00  -0.43208E+00  -0.30979E+00   0.59128E+00
  2.700  -0.19923E-02  -0.72446E-05   0.77350E+00  -0.22500E-01  -0.41268E-01  -0.10317E-01   0.24194E+00  -0.13965E+00  -0.55860E-03   0.14832E+01  -0.23509E+00  -0.23554E+00  -0.26066E+00   0.59128E+00
  2.720   0.63950E-02   0.23255E-04   0.21911E+00   0.66479E-01   0.12202E+00   0.30506E-01   0.24194E+00  -0.10764E+00  -0.43058E-03   0.16879E+01  -0.10767E+00   0.25992E-02  -0.20112E+00   0.59128E+00
  2.740   0.14013E-01   0.50956E-04   0.74418E+00   0.14513E+00   0.26639E+00   0.66598E-01   0.24194E+00  -0.73205E-01  -0.29282E-03   0.17388E+01   0.29580E-01   0.25910E+00  -0.13700E+00   0.59128E+00
  2.760   0.40218E-01   0.14625E-03   0.18785E+01   0.41704E+00   0.76550E+00   0.19138E+00   0.24194E+00  -0.38132E-01  -0.15253E-03   0.17825E+01   0.16936E+00   0.52034E+00  -0.71686E-01   0.59128E+00
  2.780   0.84424E-01   0.30699E-03   0.23117E+01   0.87885E+00   0.16131E+01   0.40328E+00   0.24194E+00  -0.95213E-03  -0.38085E-05   0.19602E+01   0.31743E+00   0.79706E+00  -0.25031E-02   0.59128E+00
  2.800   0.12505E+00   0.45471E-03   0.16031E+01   0.13056E+01   0.23963E+01   0.59907E+00   0.24194E+00   0.40853E-01   0.16341E-03   0.22202E+01   0.48387E+00   0.11081E+01   0.75263E-01   0.59128E+00
  2.820   0.14757E+00   0.53660E-03   0.74302E+00   0.15431E+01   0.28323E+01   0.70807E+00   0.24194E+00   0.87189E-01   0.34875E-03   0.23847E+01   0.66845E+00   0.14531E+01   0.16151E+00   0.59128E+00
  2.840   0.15743E+00   0.57248E-03   0.28148E+00   0.16474E+01   0.30236E+01   0.75591E+00   0.24194E+00   0.13486E+00   0.53944E-03   0.23439E+01   0.85329E+00   0.17952E+01   0.25031E+00   0.59128E+00
  2.860   0.15770E+00   0.57346E-03  -0.34439E+00   0.16515E+01   0.30312E+01   0.75780E+00   0.24194E+00   0.17986E+00   0.71944E-03   0.21353E+01   0.92211E+00   0.18540E+01   0.33420E+00   0.59128E+00
  2.880   0.14111E+00   0.51311E-03  -0.13520E+01   0.14799E+01   0.27162E+01   0.67906E+00   0.24194E+00   0.21900E+00   0.87600E-03   0.17355E+01   0.97829E+00   0.18957E+01   0.40725E+00   0.59128E+00
  2.900   0.10509E+00   0.38214E-03  -0.21435E+01   0.11046E+01   0.20273E+01   0.50682E+00   0.24194E+00   0.24716E+00   0.98864E-03   0.10222E+01   0.10188E+01   0.19258E+01   0.45996E+00   0.60254E+00
  2.920   0.61700E-01   0.22436E-03  -0.19918E+01   0.65009E+00   0.11931E+01   0.29827E+00   0.24194E+00   0.25766E+00   0.10306E-02  -0.18327E-01   0.10355E+01   0.19405E+01   0.47991E+00   0.61332E+00
  2.940   0.30221E-01   0.10989E-03  -0.11221E+01   0.31873E+00   0.58496E+00   0.14624E+00   0.24194E+00   0.24532E+00   0.98127E-03  -0.12205E+01   0.98728E+00   0.18503E+01   0.45737E+00   0.61332E+00
  2.960   0.12820E-01   0.46618E-04  -0.84343E+00   0.13598E+00   0.24954E+00   0.62385E-01   0.24194E+00   0.20948E+00   0.83790E-03  -0.23363E+01   0.84531E+00   0.15850E+01   0.39103E+00   0.61332E+00
  2.980  -0.10754E-01  -0.39107E-04  -0.16465E+01  -0.10911E+00  -0.20032E+00  -0.50079E-01   0.24194E+00   0.15296E+00   0.61186E-03  -0.32914E+01   0.62082E+00   0.11654E+01   0.28613E+00   0.61332E+00
  3.000  -0.52703E-01  -0.19165E-03  -0.24044E+01  -0.54661E+00  -0.10033E+01  -0.25083E+00   0.24194E+00   0.78504E-01   0.31401E-03  -0.41386E+01   0.32468E+00   0.61189E+00   0.14776E+00   0.61332E+00
  3.020  -0.10138E+00  -0.36866E-03  -0.23335E+01  -0.10563E+01  -0.19388E+01  -0.48471E+00   0.24194E+00  -0.11682E-01  -0.46729E-04  -0.48479E+01  -0.34254E-01  -0.58950E-01  -0.19954E-01   0.61332E+00
  3.040  -0.14532E+00  -0.52845E-03  -0.21507E+01  -0.15167E+01  -0.27838E+01  -0.69596E+00   0.24194E+00  -0.11370E+00  -0.45480E-03  -0.53053E+01  -0.44057E+00  -0.81832E+00  -0.20980E+00   0.61332E+00
  3.060  -0.19232E+00  -0.69936E-03  -0.26995E+01  -0.20075E+01  -0.36847E+01  -0.92119E+00   0.24194E+00  -0.22203E+00  -0.88812E-03  -0.54890E+01  -0.87226E+00  -0.16251E+01  -0.41150E+00   0.61332E+00
  3.080  -0.25478E+00  -0.92646E-03  -0.34574E+01  -0.26597E+01  -0.48817E+01  -0.12204E+01   0.33974E+00  -0.33255E+00  -0.13302E-02  -0.55911E+01  -0.11397E+01  -0.20157E+01  -0.61730E+00   0.69044E+00
  3.100  -0.32295E+00  -0.11744E-02  -0.31049E+01  -0.31378E+01  -0.56021E+01  -0.15482E+01   0.54151E+00  -0.44740E+00  -0.17896E-02  -0.59025E+01  -0.13041E+01  -0.21379E+01  -0.83110E+00   0.83097E+00
  3.120  -0.37202E+00  -0.13528E-02  -0.16903E+01  -0.33293E+01  -0.57376E+01  -0.17853E+01   0.70028E+00  -0.56766E+00  -0.22706E-02  -0.60855E+01  -0.14763E+01  -0.22659E+01  -0.10550E+01   0.99838E+00
  3.140  -0.39047E+00  -0.14199E-02  -0.25666E+00  -0.34021E+01  -0.57890E+01  -0.18753E+01   0.76237E+00  -0.68895E+00  -0.27558E-02  -0.59932E+01  -0.16500E+01  -0.23950E+01  -0.12810E+01   0.11882E+01
  3.160  -0.38669E+00  -0.14062E-02   0.51567E+00  -0.33603E+01  -0.57097E+01  -0.18579E+01   0.76447E+00  -0.80537E+00  -0.32215E-02  -0.55975E+01  -0.18168E+01  -0.25190E+01  -0.14980E+01   0.13902E+01
  3.180  -0.37213E+00  -0.13532E-02   0.94447E+00  -0.32087E+01  -0.54315E+01  -0.17883E+01   0.76447E+00  -0.91078E+00  -0.36431E-02  -0.48918E+01  -0.19680E+01  -0.26313E+01  -0.16946E+01   0.15899E+01
  3.200  -0.34864E+00  -0.12678E-02   0.14151E+01  -0.29638E+01  -0.49820E+01  -0.16759E+01   0.76447E+00  -0.99887E+00  -0.39955E-02  -0.38619E+01  -0.20945E+01  -0.27253E+01  -0.18590E+01   0.17689E+01
  3.220  -0.31735E+00  -0.11540E-02   0.16153E+01  -0.26368E+01  -0.43817E+01  -0.15259E+01   0.76447E+00  -0.10631E+01  -0.42523E-02  -0.25070E+01  -0.21868E+01  -0.27939E+01  -0.19791E+01   0.19064E+01
  3.240  -0.28942E+00  -0.10524E-02   0.10122E+01  -0.23431E+01  -0.38427E+01  -0.13911E+01   0.76447E+00  -0.10976E+01  -0.43903E-02  -0.91938E+00  -0.22367E+01  -0.28309E+01  -0.20439E+01   0.19827E+01
  3.260  -0.28373E+00  -0.10318E-02  -0.61561E+00  -0.22801E+01  -0.37273E+01  -0.13623E+01   0.76447E+00  -0.10998E+01  -0.43994E-02   0.66158E+00  -0.22349E+01  -0.28198E+01  -0.20488E+01   0.19943E+01
  3.280  -0.31961E+00  -0.11622E-02  -0.30757E+01  -0.26505E+01  -0.44071E+01  -0.15322E+01   0.76447E+00  -0.10739E+01  -0.42956E-02   0.18195E+01  -0.21325E+01  -0.26282E+01  -0.20009E+01   0.19943E+01
  3.300  -0.40796E+00  -0.14835E-02  -0.57245E+01  -0.34656E+01  -0.58340E+01  -0.19540E+01   0.82248E+00  -0.10332E+01  -0.41327E-02   0.20716E+01  -0.19703E+01  -0.23252E+01  -0.19251E+01   0.19943E+01
  3.320  -0.54757E+00  -0.19912E-02  -0.82033E+01  -0.40054E+01  -0.62159E+01  -0.26222E+01   0.13448E+01  -0.99686E+00  -0.39874E-02   0.14349E+01  -0.18250E+01  -0.20537E+01  -0.18572E+01   0.19943E+01
  3.340  -0.73514E+00  -0.26732E-02  -0.10541E+02  -0.47315E+01  -0.67294E+01  -0.35209E+01   0.21656E+01  -0.98073E+00  -0.39229E-02   0.58520E-01  -0.17596E+01  -0.19315E+01  -0.18267E+01   0.19943E+01
  3.360  -0.96860E+00  -0.35222E-02  -0.12790E+02  -0.56357E+01  -0.73689E+01  -0.46401E+01   0.33779E+01  -0.99897E+00  -0.39959E-02  -0.19822E+01  -0.18306E+01  -0.20643E+01  -0.18599E+01   0.19943E+01
  3.380  -0.12457E+01  -0.45298E-02  -0.14886E+02  -0.67094E+01  -0.81284E+01  -0.59691E+01   0.50914E+01  -0.10635E+01  -0.42539E-02  -0.45379E+01  -0.20857E+01  -0.25411E+01  -0.19791E+01   0.19943E+01
  3.400  -0.15629E+01  -0.56834E-02  -0.16802E+02  -0.79390E+01  -0.89980E+01  -0.74910E+01   0.74189E+01  -0.11829E+01  -0.47315E-02  -0.74840E+01  -0.23569E+01  -0.29203E+01  -0.22004E+01   0.21788E+01
  3.420  -0.19133E+01  -0.69575E-02  -0.18059E+02  -0.92977E+01  -0.99590E+01  -0.91728E+01   0.10443E+02  -0.13666E+01  -0.54662E-02  -0.10967E+02  -0.26189E+01  -0.31151E+01  -0.25412E+01   0.26363E+01
  3.440  -0.22725E+01  -0.82635E-02  -0.17396E+02  -0.10692E+02  -0.10945E+02  -0.10898E+02   0.14038E+02  -0.16240E+01  -0.64961E-02  -0.14813E+02  -0.29864E+01  -0.33883E+01  -0.30193E+01   0.33589E+01
  3.460  -0.25924E+01  -0.94270E-02  -0.14241E+02  -0.10846E+02  -0.11246E+02  -0.11007E+02   0.17497E+02  -0.19565E+01  -0.78259E-02  -0.18254E+02  -0.34614E+01  -0.37414E+01  -0.36373E+01   0.44324E+01
  3.480  -0.28296E+01  -0.10289E-01  -0.91795E+01  -0.10899E+02  -0.11437E+02  -0.11007E+02   0.20076E+02  -0.23470E+01  -0.93879E-02  -0.20677E+02  -0.36516E+01  -0.39609E+01  -0.38803E+01   0.58461E+01
  3.500  -0.29470E+01  -0.10716E-01  -0.22395E+01  -0.10925E+02  -0.11532E+02  -0.11007E+02   0.21356E+02  -0.27797E+01  -0.11119E-01  -0.22485E+02  -0.36572E+01  -0.40951E+01  -0.38803E+01   0.74276E+01
  3.520  -0.29043E+01  -0.10561E-01   0.68961E+01  -0.10445E+02  -0.10636E+02  -0.10798E+02   0.21424E+02  -0.32414E+01  -0.12966E-01  -0.23503E+02  -0.36632E+01  -0.42383E+01  -0.38803E+01   0.91178E+01
  3.540  -0.26637E+01  -0.96862E-02   0.17150E+02  -0.79485E+01  -0.60529E+01  -0.96520E+01   0.21424E+02  -0.37074E+01  -0.14830E-01  -0.22674E+02  -0.36693E+01  -0.43831E+01  -0.38803E+01   0.10827E+02
  3.560  -0.22286E+01  -0.81039E-02   0.25949E+02  -0.43755E+01  -0.13501E+00  -0.75705E+01   0.21424E+02  -0.41272E+01  -0.16509E-01  -0.18764E+02  -0.36748E+01  -0.45136E+01  -0.38803E+01   0.12368E+02
  3.580  -0.16373E+01  -0.59540E-02   0.32863E+02  -0.20866E+01   0.14839E+01  -0.47373E+01   0.21424E+02  -0.44440E+01  -0.17776E-01  -0.12614E+02  -0.36791E+01  -0.46123E+01  -0.38803E+01   0.13533E+02
  3.600  -0.92705E+00  -0.33711E-02   0.37832E+02   0.66590E+00   0.34307E+01  -0.13304E+01   0.21424E+02  -0.46192E+01  -0.18477E-01  -0.45932E+01  -0.36816E+01  -0.46672E+01  -0.38803E+01   0.14178E+02
  3.620  -0.13485E+00  -0.49037E-03   0.41311E+02   0.22546E+01   0.56032E+01   0.00000E+00   0.21424E+02  -0.46167E+01  -0.18467E-01   0.49494E+01  -0.35882E+01  -0.44954E+01  -0.38387E+01   0.14262E+02
  3.640   0.72485E+00   0.26358E-02   0.44552E+02   0.51926E+01   0.79610E+01   0.34666E+01   0.21424E+02  -0.44194E+01  -0.17678E-01   0.14915E+02  -0.28100E+01  -0.30406E+01  -0.34750E+01   0.14262E+02
  3.660   0.16432E+01   0.59753E-02   0.47190E+02   0.87517E+01   0.10474E+02   0.78751E+01   0.24683E+02  -0.40174E+01  -0.16070E-01   0.25302E+02  -0.14677E+01  -0.69070E+00  -0.27300E+01   0.14262E+02
  3.680   0.26008E+01   0.94574E-02   0.48198E+02   0.10846E+02   0.11247E+02   0.11007E+02   0.34375E+02  -0.34044E+01  -0.13618E-01   0.35967E+02  -0.59316E+00  -0.40558E-01  -0.15923E+01   0.14262E+02
  3.700   0.35565E+01   0.12933E-01   0.46866E+02   0.11057E+02   0.12012E+02   0.11007E+02   0.44844E+02  -0.25895E+01  -0.10358E-01   0.45162E+02   0.57101E+00   0.82480E+00  -0.77939E-01   0.14262E+02
  3.720   0.44536E+01   0.16195E-01   0.42253E+02   0.11256E+02   0.12731E+02   0.11007E+02   0.54856E+02  -0.16095E+01  -0.64379E-02   0.52655E+02   0.92542E+00   0.18663E+01   0.00000E+00   0.14262E+02
  3.740   0.52288E+01   0.19014E-01   0.34963E+02   0.11428E+02   0.13353E+02   0.11007E+02   0.63649E+02  -0.49150E+00  -0.19660E-02   0.58922E+02   0.12766E+01   0.30548E+01   0.00000E+00   0.14262E+02
  3.760   0.58448E+01   0.21254E-01   0.26640E+02   0.11564E+02   0.13848E+02   0.11007E+02   0.70733E+02   0.73851E+00   0.29540E-02   0.63723E+02   0.21176E+01   0.34589E+01   0.13603E+01   0.15997E+02
  3.780   0.62963E+01   0.22896E-01   0.18563E+02   0.11665E+02   0.14210E+02   0.11007E+02   0.75977E+02   0.20391E+01   0.81562E-02   0.65868E+02   0.35874E+01   0.38625E+01   0.37818E+01   0.19728E+02
  3.800   0.65878E+01   0.23956E-01   0.10541E+02   0.11730E+02   0.14445E+02   0.11007E+02   0.79387E+02   0.33614E+01   0.13445E-01   0.66257E+02   0.36637E+01   0.42729E+01   0.38803E+01   0.24562E+02
  3.820   0.67191E+01   0.24433E-01   0.26844E+01   0.11759E+02   0.14551E+02   0.11007E+02   0.80929E+02   0.46852E+01   0.18741E-01   0.66026E+02   0.36809E+01   0.46839E+01   0.38803E+01   0.29426E+02
  3.840   0.66992E+01   0.24361E-01  -0.45490E+01   0.11470E+02   0.14028E+02   0.10871E+02   0.81042E+02   0.59985E+01   0.23994E-01   0.65179E+02   0.36980E+01   0.50916E+01   0.38803E+01   0.34273E+02
  3.860   0.65454E+01   0.23801E-01  -0.10552E+02   0.98727E+01   0.11096E+02   0.10138E+02   0.81042E+02   0.72847E+01   0.29139E-01   0.63190E+02   0.37148E+01   0.54910E+01   0.38803E+01   0.39043E+02
  3.880   0.62917E+01   0.22879E-01  -0.14375E+02   0.72257E+01   0.62374E+01   0.89235E+01   0.81042E+02   0.85140E+01   0.34056E-01   0.59401E+02   0.37099E+01   0.58205E+01   0.38803E+01   0.43619E+02
  3.900   0.59888E+01   0.21777E-01  -0.15539E+02   0.51315E+01   0.31077E+01   0.74696E+01   0.81042E+02   0.96487E+01   0.38595E-01   0.53895E+02   0.35838E+01   0.58205E+01   0.38803E+01   0.47757E+02
  3.920   0.56823E+01   0.20663E-01  -0.14799E+02   0.39416E+01   0.22661E+01   0.59969E+01   0.81042E+02   0.10667E+02   0.42668E-01   0.47883E+02   0.34706E+01   0.58205E+01   0.38803E+01   0.51348E+02
  3.940   0.54068E+01   0.19661E-01  -0.12558E+02   0.28707E+01   0.15088E+01   0.46715E+01   0.81042E+02   0.11563E+02   0.46251E-01   0.41691E+02   0.33710E+01   0.58205E+01   0.38803E+01   0.54413E+02
  3.960   0.51827E+01   0.18846E-01  -0.99046E+01   0.19989E+01   0.89222E+00   0.35925E+01   0.81042E+02   0.12335E+02   0.49338E-01   0.35502E+02   0.32852E+01   0.58205E+01   0.38803E+01   0.56982E+02
  3.980   0.50067E+01   0.18206E-01  -0.78400E+01   0.13141E+01   0.40794E+00   0.27450E+01   0.81042E+02   0.12984E+02   0.51935E-01   0.29425E+02   0.32131E+01   0.58205E+01   0.38803E+01   0.59090E+02
  4.000   0.48642E+01   0.17688E-01  -0.65117E+01   0.76015E+00   0.16133E-01   0.20594E+01   0.81042E+02   0.13513E+02   0.54050E-01   0.23490E+02   0.31543E+01   0.58205E+01   0.38803E+01   0.60774E+02
  4.020   0.47420E+01   0.17243E-01  -0.58238E+01   0.28513E+00  -0.31982E+00   0.14715E+01   0.81042E+02   0.13924E+02   0.55697E-01   0.17692E+02   0.31085E+01   0.58205E+01   0.38803E+01   0.62063E+02
  4.040   0.46274E+01   0.16827E-01  -0.57127E+01  -0.15945E+00  -0.63426E+00   0.92120E+00   0.81042E+02   0.14221E+02   0.56884E-01   0.11996E+02   0.30755E+01   0.58205E+01   0.38803E+01   0.62981E+02
  4.060   0.45106E+01   0.16402E-01  -0.60247E+01  -0.61244E+00  -0.95464E+00   0.36053E+00   0.81042E+02   0.14404E+02   0.57617E-01   0.63478E+01   0.30551E+01   0.58205E+01   0.38803E+01   0.63543E+02
  4.080   0.43845E+01   0.15944E-01  -0.66356E+01  -0.95457E+00  -0.13004E+01   0.00000E+00   0.81042E+02   0.14475E+02   0.57899E-01   0.70495E+00   0.30473E+01   0.58205E+01   0.38803E+01   0.63758E+02
  4.100   0.42425E+01   0.15427E-01  -0.76394E+01  -0.10962E+01  -0.16895E+01   0.00000E+00   0.81042E+02   0.14434E+02   0.57735E-01  -0.47509E+01   0.28972E+01   0.55367E+01   0.38116E+01   0.63761E+02
  4.120   0.40741E+01   0.14815E-01  -0.93590E+01  -0.12640E+01  -0.21508E+01   0.00000E+00   0.81042E+02   0.14289E+02   0.57156E-01  -0.95788E+01   0.23242E+01   0.44657E+01   0.35439E+01   0.63761E+02
  4.140   0.38598E+01   0.14036E-01  -0.12333E+02  -0.14774E+01  -0.27375E+01   0.00000E+00   0.81042E+02   0.14057E+02   0.56230E-01  -0.13384E+02   0.14042E+01   0.27462E+01   0.31140E+01   0.63761E+02
  4.160   0.35700E+01   0.12982E-01  -0.16883E+02  -0.17659E+01  -0.35304E+01   0.00000E+00   0.81042E+02   0.13761E+02   0.55044E-01  -0.16174E+02   0.70757E+00   0.17489E+01   0.25629E+01   0.63761E+02
  4.180   0.31772E+01   0.11553E-01  -0.22547E+02  -0.21570E+01  -0.46054E+01   0.00000E+00   0.81042E+02   0.13412E+02   0.53647E-01  -0.18720E+02   0.20831E+00   0.13778E+01   0.19135E+01   0.63761E+02
  4.200   0.26648E+01   0.96904E-02  -0.28705E+02  -0.26673E+01  -0.60083E+01   0.00000E+00   0.81042E+02   0.13013E+02   0.52052E-01  -0.21144E+02  -0.36210E+00   0.95383E+00   0.11716E+01   0.63761E+02
  4.220   0.20303E+01   0.73828E-02  -0.34680E+02  -0.32179E+01  -0.75420E+01   0.00000E+00   0.81042E+02   0.12567E+02   0.50267E-01  -0.23448E+02  -0.10004E+01   0.47944E+00   0.34138E+00   0.63761E+02
  4.240   0.12794E+01   0.46525E-02  -0.40337E+02  -0.33836E+01  -0.81421E+01   0.00000E+00   0.81042E+02   0.12077E+02   0.48309E-01  -0.25508E+02  -0.13590E+01  -0.41209E-01   0.00000E+00   0.63761E+02
  4.260   0.41920E+00   0.15244E-02  -0.45645E+02  -0.35735E+01  -0.88299E+01   0.00000E+00   0.82374E+02   0.11545E+02   0.46181E-01  -0.27714E+02  -0.15262E+01  -0.60688E+00   0.00000E+00   0.64106E+02
  4.280  -0.54465E+00  -0.19805E-02  -0.50694E+02  -0.37863E+01  -0.96007E+01   0.00000E+00   0.85924E+02   0.10968E+02   0.43870E-01  -0.30083E+02  -0.17077E+01  -0.12213E+01   0.00000E+00   0.65041E+02
  4.300  -0.15984E+01  -0.58123E-02  -0.54133E+02  -0.67071E+01  -0.10444E+02  -0.44800E+01   0.91323E+02   0.10336E+02   0.41345E-01  -0.33397E+02  -0.19060E+01  -0.18925E+01   0.00000E+00   0.66184E+02
  4.320  -0.26828E+01  -0.97558E-02  -0.53519E+02  -0.10073E+02  -0.11312E+02  -0.96894E+01   0.10046E+03   0.96177E+01   0.38471E-01  -0.38791E+02  -0.19294E+01  -0.21507E+01   0.00000E+00   0.67567E+02
  4.340  -0.37089E+01  -0.13487E-01  -0.48521E+02  -0.11091E+02  -0.12134E+02  -0.11007E+02   0.11163E+03   0.87758E+01   0.35103E-01  -0.45345E+02  -0.19402E+01  -0.24116E+01   0.00000E+00   0.69197E+02
  4.360  -0.46037E+01  -0.16741E-01  -0.40480E+02  -0.11289E+02  -0.12852E+02  -0.11007E+02   0.12164E+03   0.78088E+01   0.31235E-01  -0.51217E+02  -0.19526E+01  -0.27115E+01   0.00000E+00   0.71080E+02
  4.380  -0.53118E+01  -0.19316E-01  -0.29994E+02  -0.11446E+02  -0.13420E+02  -0.11007E+02   0.12969E+03   0.67335E+01   0.26934E-01  -0.56147E+02  -0.19665E+01  -0.30450E+01   0.00000E+00   0.73189E+02
  4.400  -0.57942E+01  -0.21070E-01  -0.18119E+02  -0.11554E+02  -0.13808E+02  -0.11007E+02   0.13524E+03   0.55701E+01   0.22280E-01  -0.60009E+02  -0.19815E+01  -0.34059E+01   0.00000E+00   0.75487E+02
  4.420  -0.60339E+01  -0.21941E-01  -0.58306E+01  -0.11607E+02  -0.14002E+02  -0.11007E+02   0.13801E+03   0.43405E+01   0.17362E-01  -0.62763E+02  -0.19975E+01  -0.37874E+01   0.00000E+00   0.77935E+02
  4.440  -0.60274E+01  -0.21918E-01   0.64440E+01  -0.11295E+02  -0.13418E+02  -0.10875E+02   0.13834E+03   0.30669E+01   0.12268E-01  -0.64387E+02  -0.20140E+01  -0.41826E+01   0.00000E+00   0.80492E+02
  4.460  -0.57824E+01  -0.21027E-01   0.17769E+02  -0.87542E+01  -0.87540E+01  -0.97091E+01   0.13834E+03   0.17782E+01   0.71129E-02  -0.64030E+02  -0.20308E+01  -0.45827E+01   0.00000E+00   0.83100E+02
  4.480  -0.53313E+01  -0.19387E-01   0.26982E+02  -0.50488E+01  -0.26152E+01  -0.75515E+01   0.13834E+03   0.52801E+00   0.21121E-02  -0.60425E+02  -0.20471E+01  -0.49710E+01   0.00000E+00   0.85651E+02
  4.500  -0.47090E+01  -0.17124E-01   0.35153E+02  -0.26404E+01  -0.91172E+00  -0.45704E+01   0.13834E+03  -0.62376E+00  -0.24951E-02  -0.54413E+02  -0.20622E+01  -0.53289E+01   0.00000E+00   0.88019E+02
  4.520  -0.39300E+01  -0.14291E-01   0.42611E+02   0.37706E+00   0.12225E+01  -0.83551E+00   0.13834E+03  -0.16340E+01  -0.65362E-02  -0.46234E+02  -0.20756E+01  -0.56431E+01   0.00000E+00   0.90111E+02
  4.540  -0.30078E+01  -0.10937E-01   0.49713E+02   0.17979E+01   0.37497E+01   0.00000E+00   0.13834E+03  -0.24605E+01  -0.98420E-02  -0.36283E+02  -0.20547E+01  -0.58205E+01   0.00000E+00   0.91827E+02
  4.560  -0.19393E+01  -0.70522E-02   0.57082E+02   0.28634E+01   0.66782E+01   0.00000E+00   0.13834E+03  -0.30792E+01  -0.12317E-01  -0.25335E+02  -0.25693E+01  -0.58205E+01  -0.97237E+00   0.93232E+02
  4.580  -0.72993E+00  -0.26543E-02   0.63691E+02   0.35036E+01   0.85783E+01   0.00000E+00   0.13834E+03  -0.34651E+01  -0.13860E-01  -0.13123E+02  -0.29603E+01  -0.58205E+01  -0.16956E+01   0.94301E+02
  4.600   0.59728E+00   0.21719E-02   0.68621E+02   0.37968E+01   0.96400E+01   0.00000E+00   0.14186E+03  -0.36020E+01  -0.14408E-01  -0.56667E+00  -0.31010E+01  -0.58205E+01  -0.19554E+01   0.94716E+02
  4.620   0.19951E+01   0.72550E-02   0.70608E+02   0.41058E+01   0.10759E+02   0.00000E+00   0.14739E+03  -0.34900E+01  -0.13960E-01   0.11605E+02  -0.26653E+01  -0.50064E+01  -0.17512E+01   0.94717E+02
  4.640   0.34027E+01   0.12374E-01   0.69757E+02   0.44171E+01   0.11886E+02   0.00000E+00   0.15340E+03  -0.31494E+01  -0.12598E-01   0.22053E+02  -0.13161E+01  -0.24845E+01  -0.11207E+01   0.94717E+02
  4.660   0.47723E+01   0.17354E-01   0.66806E+02   0.56599E+01   0.12982E+02   0.15663E+01   0.15983E+03  -0.26238E+01  -0.10495E-01   0.30305E+02  -0.37945E+00  -0.14606E+01  -0.14478E+00   0.94717E+02
  4.680   0.60495E+01   0.21998E-01   0.60226E+02   0.96274E+01   0.14006E+02   0.77072E+01   0.16964E+03  -0.19328E+01  -0.77311E-02   0.39037E+02  -0.75970E-01  -0.72706E+00   0.00000E+00   0.94717E+02
  4.700   0.71589E+01   0.26032E-01   0.50392E+02   0.11853E+02   0.14896E+02   0.11007E+02   0.18200E+03  -0.10554E+01  -0.42216E-02   0.48688E+02   0.19920E+00   0.20471E+00   0.00000E+00   0.94717E+02
  4.720   0.80632E+01   0.29321E-01   0.40100E+02   0.12054E+02   0.15621E+02   0.11007E+02   0.19282E+03   0.54113E-02   0.21645E-04   0.57120E+02   0.53218E+00   0.13319E+01   0.00000E+00   0.94717E+02
  4.740   0.87645E+01   0.31871E-01   0.30032E+02   0.12210E+02   0.16184E+02   0.11007E+02   0.20132E+03   0.12188E+01   0.48752E-02   0.63995E+02   0.72021E+00   0.21392E+01   0.00000E+00   0.94717E+02
  4.760   0.92622E+01   0.33681E-01   0.19633E+02   0.12291E+02   0.16511E+02   0.11007E+02   0.20743E+03   0.25577E+01   0.10231E-01   0.69712E+02   0.73748E+00   0.25545E+01   0.00000E+00   0.95441E+02
  4.780   0.95462E+01   0.34713E-01   0.86865E+01   0.12263E+02   0.16511E+02   0.11007E+02   0.21092E+03   0.39995E+01   0.15998E-01   0.74270E+02   0.75612E+00   0.30018E+01   0.00000E+00   0.96520E+02
  4.800   0.96078E+01   0.34937E-01  -0.25434E+01   0.12213E+02   0.16420E+02   0.10995E+02   0.21174E+03   0.55209E+01   0.22084E-01   0.77682E+02   0.77582E+00   0.34739E+01   0.00000E+00   0.97688E+02
  4.820   0.94472E+01   0.34354E-01  -0.13309E+02   0.10555E+02   0.13377E+02   0.10234E+02   0.21174E+03   0.70967E+01   0.28387E-01   0.79534E+02   0.79627E+00   0.39629E+01   0.00000E+00   0.98930E+02
  4.840   0.90901E+01   0.33055E-01  -0.21888E+02   0.68351E+01   0.65489E+01   0.85269E+01   0.21174E+03   0.86834E+01   0.34734E-01   0.78582E+02   0.81693E+00   0.44555E+01   0.00000E+00   0.10021E+03
  4.860   0.85927E+01   0.31246E-01  -0.27445E+02   0.45524E+01   0.42945E+01   0.61432E+01   0.21174E+03   0.10221E+02   0.40883E-01   0.74858E+02   0.83702E+00   0.49330E+01   0.00000E+00   0.10149E+03
  4.880   0.80090E+01   0.29124E-01  -0.30491E+02   0.22896E+01   0.26941E+01   0.33424E+01   0.21174E+03   0.11667E+02   0.46668E-01   0.69508E+02   0.85596E+00   0.53823E+01   0.00000E+00   0.10271E+03
  4.900   0.73910E+01   0.26877E-01  -0.30786E+02  -0.10830E+00   0.99817E+00   0.37452E+00   0.21174E+03   0.12990E+02   0.51961E-01   0.62447E+02   0.15372E+01   0.57935E+01   0.11064E+01   0.10407E+03
  4.920   0.67992E+01   0.24724E-01  -0.27969E+02  -0.92478E+00  -0.62786E+00   0.00000E+00   0.21174E+03   0.14149E+02   0.56594E-01   0.53149E+02   0.27157E+01   0.58205E+01   0.32672E+01   0.10655E+03
  4.940   0.62884E+01   0.22867E-01  -0.22782E+02  -0.14361E+01  -0.20327E+01   0.00000E+00   0.21174E+03   0.15111E+02   0.60445E-01   0.43184E+02   0.29766E+01   0.58205E+01   0.38803E+01   0.10941E+03
  4.960   0.58972E+01   0.21444E-01  -0.16172E+02  -0.18283E+01  -0.31101E+01   0.00000E+00   0.21174E+03   0.15881E+02   0.63526E-01   0.33994E+02   0.28909E+01   0.58205E+01   0.38803E+01   0.11167E+03
  4.980   0.56445E+01   0.20525E-01  -0.91118E+01  -0.20822E+01  -0.38075E+01   0.00000E+00   0.21174E+03   0.16477E+02   0.65909E-01   0.25741E+02   0.28247E+01   0.58205E+01   0.38803E+01   0.11337E+03
  5.000   0.55312E+01   0.20114E-01  -0.22684E+01  -0.21968E+01  -0.41220E+01   0.00000E+00   0.21174E+03   0.16918E+02   0.67670E-01   0.18448E+02   0.27758E+01   0.58205E+01   0.38803E+01   0.11461E+03
  5.020   0.55517E+01   0.20188E-01   0.42497E+01  -0.20022E+01  -0.36304E+01   0.00000E+00   0.21174E+03   0.17222E+02   0.68886E-01   0.12135E+02   0.27420E+01   0.58205E+01   0.38803E+01   0.11544E+03
  5.040   0.56962E+01   0.20713E-01   0.10013E+02  -0.91473E+00  -0.87592E+00   0.00000E+00   0.21174E+03   0.17412E+02   0.69647E-01   0.71457E+01   0.27208E+01   0.58205E+01   0.38803E+01   0.11596E+03
  5.060   0.59427E+01   0.21610E-01   0.14361E+02   0.94875E+00   0.38438E+01   0.00000E+00   0.21174E+03   0.17519E+02   0.70076E-01   0.39041E+01   0.27089E+01   0.58205E+01   0.38803E+01   0.11625E+03
  5.080   0.62601E+01   0.22764E-01   0.17223E+02   0.23008E+01   0.73025E+01   0.00000E+00   0.21174E+03   0.17581E+02   0.70322E-01   0.24538E+01   0.27021E+01   0.58205E+01   0.38803E+01   0.11642E+03
  5.100   0.66295E+01   0.24107E-01   0.19666E+02   0.26692E+01   0.83151E+01   0.00000E+00   0.21174E+03   0.17621E+02   0.70485E-01   0.17121E+01   0.26975E+01   0.58205E+01   0.38803E+01   0.11653E+03
  5.120   0.70432E+01   0.25612E-01   0.21591E+02   0.30821E+01   0.94497E+01   0.00000E+00   0.21174E+03   0.17652E+02   0.70609E-01   0.14603E+01   0.26941E+01   0.58205E+01   0.38803E+01   0.11661E+03
  5.140   0.74864E+01   0.27223E-01   0.22514E+02   0.35245E+01   0.10666E+02   0.00000E+00   0.21174E+03   0.17683E+02   0.70731E-01   0.16386E+01   0.26907E+01   0.58205E+01   0.38803E+01   0.11670E+03
  5.160   0.79326E+01   0.28846E-01   0.21755E+02   0.39703E+01   0.11891E+02   0.00000E+00   0.21174E+03   0.17720E+02   0.70880E-01   0.21344E+01   0.26866E+01   0.58205E+01   0.38803E+01   0.11680E+03
  5.180   0.83440E+01   0.30342E-01   0.19094E+02   0.43818E+01   0.13021E+02   0.00000E+00   0.21174E+03   0.17769E+02   0.71076E-01   0.27770E+01   0.26811E+01   0.58205E+01   0.38803E+01   0.11693E+03
  5.200   0.86886E+01   0.31595E-01   0.15272E+02   0.47268E+01   0.13969E+02   0.00000E+00   0.21262E+03   0.17831E+02   0.71324E-01   0.34028E+01   0.26742E+01   0.58205E+01   0.38803E+01   0.11709E+03
  5.220   0.89513E+01   0.32550E-01   0.10924E+02   0.49902E+01   0.14693E+02   0.00000E+00   0.21390E+03   0.17904E+02   0.71617E-01   0.39048E+01   0.26661E+01   0.58205E+01   0.38803E+01   0.11729E+03
  5.240   0.91236E+01   0.33177E-01   0.62812E+01   0.51633E+01   0.15168E+02   0.00000E+00   0.21478E+03   0.17986E+02   0.71943E-01   0.41994E+01   0.26570E+01   0.58205E+01   0.38803E+01   0.11751E+03
  5.260   0.92057E+01   0.33475E-01   0.21033E+01   0.52462E+01   0.15396E+02   0.00000E+00   0.21520E+03   0.18071E+02   0.72282E-01   0.42368E+01   0.26476E+01   0.58205E+01   0.38803E+01   0.11773E+03
  5.280   0.92161E+01   0.33513E-01  -0.81546E+00   0.52499E+01   0.15408E+02   0.00000E+00   0.21527E+03   0.18154E+02   0.72615E-01   0.40460E+01   0.26383E+01   0.58205E+01   0.38803E+01   0.11795E+03
  5.300   0.91811E+01   0.33386E-01  -0.25246E+01   0.49869E+01   0.14741E+02   0.00000E+00   0.21527E+03   0.18231E+02   0.72923E-01   0.36221E+01   0.26298E+01   0.58205E+01   0.38803E+01   0.11815E+03
  5.320   0.91193E+01   0.33161E-01  -0.36099E+01   0.45197E+01   0.13558E+02   0.00000E+00   0.21527E+03   0.18296E+02   0.73186E-01   0.28702E+01   0.26225E+01   0.58205E+01   0.38803E+01   0.11833E+03
  5.340   0.90363E+01   0.32859E-01  -0.47554E+01   0.38917E+01   0.11968E+02   0.00000E+00   0.21527E+03   0.18343E+02   0.73372E-01   0.17068E+01   0.26173E+01   0.58205E+01   0.38803E+01   0.11845E+03
  5.360   0.89264E+01   0.32460E-01  -0.62975E+01   0.30607E+01   0.98628E+01   0.00000E+00   0.21527E+03   0.18361E+02   0.73444E-01   0.64254E-02   0.26153E+01   0.58205E+01   0.38803E+01   0.11850E+03
  5.380   0.87840E+01   0.31942E-01  -0.79142E+01   0.19825E+01   0.71319E+01   0.00000E+00   0.21527E+03   0.18339E+02   0.73354E-01  -0.23626E+01   0.25401E+01   0.56748E+01   0.38479E+01   0.11850E+03
  5.400   0.86117E+01   0.31315E-01  -0.92670E+01   0.88148E+00   0.43367E+01   0.00000E+00   0.21527E+03   0.18263E+02   0.73052E-01  -0.52626E+01   0.22409E+01   0.51157E+01   0.37081E+01   0.11850E+03
  5.420   0.84102E+01   0.30582E-01  -0.11037E+02   0.68055E+00   0.37845E+01   0.00000E+00   0.21527E+03   0.18130E+02   0.72520E-01  -0.79220E+01   0.17133E+01   0.41295E+01   0.34616E+01   0.11850E+03
  5.440   0.81636E+01   0.29686E-01  -0.13798E+02   0.43491E+00   0.31093E+01   0.00000E+00   0.21527E+03   0.17951E+02   0.71803E-01  -0.98845E+01   0.10001E+01   0.27966E+01   0.31283E+01   0.11850E+03
  5.460   0.78515E+01   0.28551E-01  -0.17552E+02   0.12395E+00   0.22546E+01   0.00000E+00   0.21527E+03   0.17739E+02   0.70958E-01  -0.11173E+02   0.40786E+00   0.18467E+01   0.27353E+01   0.11850E+03
  5.480   0.74586E+01   0.27122E-01  -0.21771E+02  -0.26749E+00   0.11787E+01   0.00000E+00   0.21527E+03   0.17504E+02   0.70016E-01  -0.12388E+02   0.70958E-01   0.15963E+01   0.22971E+01   0.11850E+03
  5.500   0.69810E+01   0.25386E-01  -0.25932E+02  -0.74361E+00  -0.12988E+00   0.00000E+00   0.21527E+03   0.17243E+02   0.68974E-01  -0.13666E+02  -0.30163E+00   0.13193E+01   0.18125E+01   0.11850E+03
  5.520   0.64258E+01   0.23366E-01  -0.29433E+02  -0.12974E+01  -0.16520E+01   0.00000E+00   0.21527E+03   0.16957E+02   0.67828E-01  -0.14983E+02  -0.71149E+00   0.10147E+01   0.12794E+01   0.11850E+03
  5.540   0.58109E+01   0.21131E-01  -0.31854E+02  -0.19110E+01  -0.33382E+01   0.00000E+00   0.21527E+03   0.16644E+02   0.66578E-01  -0.16264E+02  -0.11588E+01   0.68226E+00   0.69761E+00   0.11850E+03
  5.560   0.51589E+01   0.18760E-01  -0.33183E+02  -0.25620E+01  -0.51271E+01   0.00000E+00   0.21638E+03   0.16307E+02   0.65229E-01  -0.17410E+02  -0.16411E+01   0.32378E+00   0.70274E-01   0.11851E+03
  5.580   0.44900E+01   0.16327E-01  -0.33556E+02  -0.28168E+01  -0.59299E+01   0.00000E+00   0.21821E+03   0.15949E+02   0.63795E-01  -0.18433E+02  -0.17960E+01  -0.57600E-01   0.00000E+00   0.11913E+03
  5.600   0.38224E+01   0.13900E-01  -0.33063E+02  -0.29645E+01  -0.64644E+01   0.00000E+00   0.22015E+03   0.15571E+02   0.62283E-01  -0.19339E+02  -0.19148E+01  -0.45970E+00   0.00000E+00   0.11984E+03
  5.620   0.31724E+01   0.11536E-01  -0.31831E+02  -0.31083E+01  -0.69850E+01   0.00000E+00   0.22212E+03   0.15176E+02   0.60706E-01  -0.20059E+02  -0.20388E+01  -0.87925E+00   0.00000E+00   0.12062E+03
  5.640   0.25513E+01   0.92774E-02  -0.30276E+02  -0.32458E+01  -0.74825E+01   0.00000E+00   0.22409E+03   0.14770E+02   0.59080E-01  -0.20552E+02  -0.21666E+01  -0.13118E+01   0.00000E+00   0.12147E+03
  5.660   0.19609E+01   0.71307E-02  -0.28791E+02  -0.33764E+01  -0.79553E+01   0.00000E+00   0.22605E+03   0.14356E+02   0.57424E-01  -0.20815E+02  -0.22968E+01  -0.17524E+01   0.00000E+00   0.12240E+03
  5.680   0.13994E+01   0.50888E-02  -0.27334E+02  -0.35007E+01  -0.84050E+01   0.00000E+00   0.22798E+03   0.13939E+02   0.55755E-01  -0.20892E+02  -0.23561E+01  -0.20166E+01   0.00000E+00   0.12337E+03
  5.700   0.86844E+00   0.31580E-02  -0.25750E+02  -0.36182E+01  -0.88304E+01   0.00000E+00   0.22987E+03   0.13521E+02   0.54082E-01  -0.20910E+02  -0.23616E+01  -0.21464E+01   0.00000E+00   0.12436E+03
  5.720   0.36772E+00   0.13372E-02  -0.24418E+02  -0.37290E+01  -0.92314E+01   0.00000E+00   0.23171E+03   0.13103E+02   0.52410E-01  -0.20886E+02  -0.23670E+01  -0.22762E+01   0.00000E+00   0.12535E+03
  5.740  -0.11184E+00  -0.40669E-03  -0.23620E+02  -0.38351E+01  -0.96155E+01   0.00000E+00   0.23353E+03   0.12685E+02   0.50741E-01  -0.20850E+02  -0.23724E+01  -0.24057E+01   0.00000E+00   0.12634E+03
  5.760  -0.57871E+00  -0.21044E-02  -0.23069E+02  -0.39384E+01  -0.99893E+01   0.00000E+00   0.23534E+03   0.12268E+02   0.49074E-01  -0.20835E+02  -0.23778E+01  -0.25351E+01   0.00000E+00   0.12733E+03
  5.780  -0.10330E+01  -0.37564E-02  -0.22280E+02  -0.40389E+01  -0.10353E+02   0.00000E+00   0.23716E+03   0.11852E+02   0.47407E-01  -0.20836E+02  -0.23833E+01  -0.26645E+01   0.00000E+00   0.12832E+03
  5.800  -0.14674E+01  -0.53360E-02  -0.21114E+02  -0.41350E+01  -0.10701E+02   0.00000E+00   0.23893E+03   0.11435E+02   0.45740E-01  -0.20824E+02  -0.23887E+01  -0.27938E+01   0.00000E+00   0.12931E+03
  5.820  -0.18787E+01  -0.68317E-02  -0.20117E+02  -0.42261E+01  -0.11030E+02   0.00000E+00   0.24065E+03   0.11019E+02   0.44076E-01  -0.20782E+02  -0.23941E+01  -0.29230E+01   0.00000E+00   0.13031E+03
  5.840  -0.22758E+01  -0.82757E-02  -0.19679E+02  -0.43139E+01  -0.11348E+02   0.00000E+00   0.24235E+03   0.10604E+02   0.42415E-01  -0.20744E+02  -0.23995E+01  -0.30519E+01   0.00000E+00   0.13131E+03
  5.860  -0.26655E+01  -0.96929E-02  -0.19194E+02  -0.44001E+01  -0.11660E+02   0.00000E+00   0.24405E+03   0.10189E+02   0.40756E-01  -0.20734E+02  -0.24049E+01  -0.31806E+01   0.00000E+00   0.13230E+03
  5.880  -0.30408E+01  -0.11057E-01  -0.18285E+02  -0.44831E+01  -0.11961E+02   0.00000E+00   0.24571E+03   0.97745E+01   0.39098E-01  -0.20721E+02  -0.24103E+01  -0.33093E+01   0.00000E+00   0.13330E+03
  5.900  -0.33968E+01  -0.12352E-01  -0.17347E+02  -0.45619E+01  -0.12246E+02   0.00000E+00   0.24732E+03   0.93604E+01   0.37441E-01  -0.20685E+02  -0.24157E+01  -0.34379E+01   0.00000E+00   0.13430E+03
  5.920  -0.37309E+01  -0.13567E-01  -0.15851E+02  -0.46359E+01  -0.12514E+02   0.00000E+00   0.24886E+03   0.89473E+01   0.35789E-01  -0.20614E+02  -0.24211E+01  -0.35661E+01   0.00000E+00   0.13530E+03
  5.940  -0.40184E+01  -0.14612E-01  -0.12471E+02  -0.54351E+01  -0.12745E+02  -0.12257E+01   0.25030E+03   0.85351E+01   0.34140E-01  -0.20658E+02  -0.24264E+01  -0.36940E+01   0.00000E+00   0.13630E+03
  5.960  -0.42191E+01  -0.15342E-01  -0.74860E+01  -0.60612E+01  -0.12906E+02  -0.21946E+01   0.25145E+03   0.81197E+01   0.32479E-01  -0.20894E+02  -0.24318E+01  -0.38230E+01   0.00000E+00   0.13731E+03
  5.980  -0.43189E+01  -0.15705E-01  -0.26670E+01  -0.63742E+01  -0.12987E+02  -0.26789E+01   0.25208E+03   0.76999E+01   0.30800E-01  -0.21051E+02  -0.24373E+01  -0.39533E+01   0.00000E+00   0.13833E+03
  6.000  -0.43335E+01  -0.15758E-01   0.98791E+00  -0.64069E+01  -0.12962E+02  -0.27525E+01   0.25219E+03   0.72791E+01   0.29116E-01  -0.20989E+02  -0.24427E+01  -0.40839E+01   0.00000E+00   0.13936E+03
  6.020  -0.42870E+01  -0.15589E-01   0.35012E+01  -0.59252E+01  -0.12078E+02  -0.25315E+01   0.25219E+03   0.68629E+01   0.27452E-01  -0.20542E+02  -0.24482E+01  -0.42131E+01   0.00000E+00   0.14037E+03
  6.040  -0.42005E+01  -0.15275E-01   0.49597E+01  -0.50233E+01  -0.10422E+02  -0.21176E+01   0.25219E+03   0.64617E+01   0.25847E-01  -0.19463E+02  -0.24534E+01  -0.43378E+01   0.00000E+00   0.14136E+03
  6.060  -0.40970E+01  -0.14898E-01   0.51701E+01  -0.39396E+01  -0.84333E+01  -0.16204E+01   0.25219E+03   0.60892E+01   0.24357E-01  -0.17665E+02  -0.24583E+01  -0.44535E+01   0.00000E+00   0.14227E+03
  6.080  -0.40003E+01  -0.14547E-01   0.43925E+01  -0.29264E+01  -0.65737E+01  -0.11555E+01   0.25219E+03   0.57592E+01   0.23037E-01  -0.15248E+02  -0.24626E+01  -0.45561E+01   0.00000E+00   0.14308E+03
  6.100  -0.39247E+01  -0.14272E-01   0.31028E+01  -0.21319E+01  -0.51155E+01  -0.79090E+00   0.25219E+03   0.54821E+01   0.21929E-01  -0.12410E+02  -0.24663E+01  -0.46423E+01   0.00000E+00   0.14377E+03
  6.120  -0.38829E+01  -0.14120E-01   0.81502E+00  -0.16899E+01  -0.43044E+01  -0.58813E+00   0.25219E+03   0.52639E+01   0.21055E-01  -0.94216E+01  -0.24692E+01  -0.47102E+01   0.00000E+00   0.14431E+03
  6.140  -0.39024E+01  -0.14190E-01  -0.30042E+01  -0.18851E+01  -0.46628E+01  -0.67773E+00   0.25219E+03   0.51033E+01   0.20413E-01  -0.67367E+01  -0.24714E+01  -0.47602E+01   0.00000E+00   0.14470E+03
  6.160  -0.40077E+01  -0.14574E-01  -0.75168E+01  -0.29785E+01  -0.66698E+01  -0.11795E+01   0.25219E+03   0.49882E+01   0.19953E-01  -0.49812E+01  -0.24729E+01  -0.47961E+01   0.00000E+00   0.14499E+03
  6.180  -0.41957E+01  -0.15257E-01  -0.10947E+02  -0.49394E+01  -0.10269E+02  -0.20793E+01   0.25219E+03   0.48939E+01   0.19576E-01  -0.47264E+01  -0.24742E+01  -0.48253E+01   0.00000E+00   0.14522E+03
  6.200  -0.44282E+01  -0.16103E-01  -0.11845E+02  -0.67074E+01  -0.13073E+02  -0.31951E+01   0.25279E+03   0.47876E+01   0.19150E-01  -0.61268E+01  -0.24755E+01  -0.48583E+01   0.00000E+00   0.14548E+03
  6.220  -0.46564E+01  -0.16932E-01  -0.10686E+02  -0.74163E+01  -0.13256E+02  -0.42923E+01   0.25440E+03   0.46453E+01   0.18581E-01  -0.81515E+01  -0.24773E+01  -0.49023E+01   0.00000E+00   0.14584E+03
  6.240  -0.48451E+01  -0.17619E-01  -0.79409E+01  -0.80035E+01  -0.13407E+02  -0.52012E+01   0.25586E+03   0.44603E+01   0.17841E-01  -0.10363E+02  -0.24797E+01  -0.49596E+01   0.00000E+00   0.14629E+03
  6.260  -0.49648E+01  -0.18054E-01  -0.38106E+01  -0.83776E+01  -0.13504E+02  -0.57802E+01   0.25684E+03   0.42312E+01   0.16925E-01  -0.12519E+02  -0.24826E+01  -0.50306E+01   0.00000E+00   0.14686E+03
  6.280  -0.49883E+01  -0.18139E-01   0.17031E+01  -0.84229E+01  -0.13446E+02  -0.58981E+01   0.25708E+03   0.39618E+01   0.15847E-01  -0.14338E+02  -0.24860E+01  -0.51141E+01   0.00000E+00   0.14753E+03
  6.300  -0.48881E+01  -0.17775E-01   0.84842E+01  -0.73886E+01  -0.11547E+02  -0.54235E+01   0.25708E+03   0.36634E+01   0.14654E-01  -0.15275E+02  -0.24899E+01  -0.52067E+01   0.00000E+00   0.14828E+03
  6.320  -0.46459E+01  -0.16894E-01   0.15713E+02  -0.48689E+01  -0.69221E+01  -0.42672E+01   0.25708E+03   0.33631E+01   0.13452E-01  -0.14364E+02  -0.24938E+01  -0.52999E+01   0.00000E+00   0.14902E+03
  6.340  -0.42648E+01  -0.15508E-01   0.22248E+02  -0.18860E+01  -0.21068E+01  -0.24430E+01   0.25708E+03   0.31070E+01   0.12428E-01  -0.10816E+02  -0.24973E+01  -0.53797E+01   0.00000E+00   0.14966E+03
  6.360  -0.37577E+01  -0.13664E-01   0.28406E+02   0.71417E-01  -0.71820E+00  -0.22667E-01   0.25708E+03   0.29417E+01   0.11767E-01  -0.54514E+01  -0.24995E+01  -0.54313E+01   0.00000E+00   0.15008E+03
  6.380  -0.31278E+01  -0.11374E-01   0.34682E+02   0.71275E+00   0.10071E+01   0.00000E+00   0.25708E+03   0.28961E+01   0.11585E-01   0.98541E+00  -0.25030E+01  -0.54526E+01   0.00000E+00   0.15019E+03
  6.400  -0.23655E+01  -0.86017E-02   0.41706E+02   0.14726E+01   0.30957E+01   0.00000E+00   0.25708E+03   0.29845E+01   0.11938E-01   0.79056E+01  -0.22536E+01  -0.48045E+01   0.00000E+00   0.15019E+03
  6.420  -0.14539E+01  -0.52869E-02   0.49582E+02   0.23814E+01   0.55934E+01   0.00000E+00   0.25708E+03   0.32131E+01   0.12852E-01   0.14941E+02  -0.16019E+01  -0.31118E+01   0.00000E+00   0.15019E+03
  6.440  -0.38313E+00  -0.13932E-02   0.57291E+02   0.34045E+01   0.84163E+01   0.00000E+00   0.25915E+03   0.35805E+01   0.14322E-01   0.21790E+02  -0.95670E+00  -0.13967E+01   0.00000E+00   0.15019E+03
  6.460   0.82019E+00   0.29825E-02   0.62416E+02   0.37038E+01   0.94625E+01   0.00000E+00   0.26346E+03   0.40863E+01   0.16345E-01   0.28786E+02  -0.79818E+00  -0.85981E+00   0.00000E+00   0.15019E+03
  6.480   0.20831E+01   0.75750E-02   0.62989E+02   0.39830E+01   0.10473E+02   0.00000E+00   0.26831E+03   0.47303E+01   0.18921E-01   0.35541E+02  -0.59617E+00  -0.17582E+00   0.00000E+00   0.15019E+03
  6.500   0.33048E+01   0.12018E-01   0.58327E+02   0.42535E+01   0.11452E+02   0.00000E+00   0.27335E+03   0.55035E+01   0.22014E-01   0.41629E+02  -0.35348E+00   0.64578E+00   0.00000E+00   0.15019E+03
  6.520   0.43893E+01   0.15961E-01   0.49626E+02   0.44938E+01   0.12322E+02   0.00000E+00   0.27810E+03   0.63884E+01   0.25554E-01   0.46662E+02  -0.75544E-01   0.15865E+01   0.00000E+00   0.15019E+03
  6.540   0.52820E+01   0.19207E-01   0.39719E+02   0.46919E+01   0.13038E+02   0.00000E+00   0.28220E+03   0.73615E+01   0.29446E-01   0.50442E+02   0.14344E+00   0.24044E+01   0.00000E+00   0.15019E+03
  6.560   0.59797E+01   0.21744E-01   0.30072E+02   0.48468E+01   0.13598E+02   0.00000E+00   0.28553E+03   0.84000E+01   0.33600E-01   0.53273E+02   0.15688E+00   0.27266E+01   0.00000E+00   0.15019E+03
  6.580   0.64801E+01   0.23564E-01   0.19719E+02   0.49581E+01   0.14000E+02   0.00000E+00   0.28798E+03   0.94868E+01   0.37947E-01   0.55267E+02   0.17096E+00   0.30639E+01   0.00000E+00   0.15019E+03
  6.600   0.67681E+01   0.24611E-01   0.92915E+01   0.50225E+01   0.14233E+02   0.00000E+00   0.28942E+03   0.10605E+02   0.42419E-01   0.56382E+02   0.18547E+00   0.34108E+01   0.00000E+00   0.15019E+03
  6.620   0.68674E+01   0.24972E-01   0.12034E+01   0.50449E+01   0.14313E+02   0.00000E+00   0.28992E+03   0.11737E+02   0.46948E-01   0.56729E+02   0.20019E+00   0.37623E+01   0.00000E+00   0.15019E+03
  6.640   0.68369E+01   0.24861E-01  -0.37603E+01   0.48130E+01   0.13726E+02   0.00000E+00   0.28993E+03   0.12870E+02   0.51481E-01   0.56509E+02   0.21494E+00   0.41141E+01   0.00000E+00   0.15019E+03
  6.660   0.67380E+01   0.24502E-01  -0.55836E+01   0.40660E+01   0.11834E+02   0.00000E+00   0.28993E+03   0.13993E+02   0.55972E-01   0.55652E+02   0.22956E+00   0.44627E+01   0.00000E+00   0.15019E+03
  6.680   0.66360E+01   0.24131E-01  -0.40539E+01   0.32894E+01   0.98672E+01   0.00000E+00   0.28993E+03   0.15093E+02   0.60371E-01   0.54252E+02   0.24390E+00   0.48041E+01   0.00000E+00   0.15019E+03
  6.700   0.65946E+01   0.23980E-01   0.27666E+00   0.29689E+01   0.90556E+01   0.00000E+00   0.28993E+03   0.16162E+02   0.64649E-01   0.52742E+02   0.25785E+00   0.51363E+01   0.00000E+00   0.15019E+03
  6.720   0.66547E+01   0.24199E-01   0.57524E+01   0.34161E+01   0.10189E+02   0.00000E+00   0.28993E+03   0.17206E+02   0.68823E-01   0.51726E+02   0.27144E+00   0.54602E+01   0.00000E+00   0.15019E+03
  6.740   0.68201E+01   0.24800E-01   0.10549E+02   0.46639E+01   0.13349E+02   0.00000E+00   0.28993E+03   0.18238E+02   0.72953E-01   0.51755E+02   0.28487E+00   0.57808E+01   0.00000E+00   0.15019E+03
  6.760   0.70633E+01   0.25685E-01   0.13440E+02   0.50875E+01   0.14468E+02   0.00000E+00   0.29091E+03   0.19284E+02   0.77134E-01   0.52843E+02   0.18456E+00   0.58205E+01   0.00000E+00   0.15034E+03
  6.780   0.73424E+01   0.26699E-01   0.14009E+02   0.51492E+01   0.14692E+02   0.00000E+00   0.29234E+03   0.20354E+02   0.81416E-01   0.54232E+02   0.65566E-01   0.58205E+01   0.00000E+00   0.15047E+03
  6.800   0.76052E+01   0.27655E-01   0.11814E+02   0.52074E+01   0.14902E+02   0.00000E+00   0.29370E+03   0.21453E+02   0.85813E-01   0.55688E+02  -0.56634E-01   0.58205E+01   0.00000E+00   0.15049E+03
  6.820   0.77977E+01   0.28355E-01   0.70289E+01   0.52503E+01   0.15057E+02   0.00000E+00   0.29471E+03   0.22581E+02   0.90322E-01   0.56998E+02  -0.18194E+00   0.58205E+01   0.00000E+00   0.15049E+03
  6.840   0.78725E+01   0.28627E-01   0.15146E+00   0.52673E+01   0.15118E+02   0.00000E+00   0.29510E+03   0.23731E+02   0.94924E-01   0.57983E+02  -0.30984E+00   0.58205E+01   0.00000E+00   0.15049E+03
  6.860   0.77926E+01   0.28337E-01  -0.83592E+01   0.46884E+01   0.13651E+02   0.00000E+00   0.29510E+03   0.24896E+02   0.99585E-01   0.58379E+02  -0.43936E+00   0.58205E+01   0.00000E+00   0.15049E+03
  6.880   0.75350E+01   0.27400E-01  -0.17341E+02   0.27481E+01   0.87365E+01   0.00000E+00   0.29510E+03   0.26057E+02   0.10423E+00   0.57365E+02  -0.56838E+00   0.58205E+01   0.00000E+00   0.15049E+03
  6.900   0.71062E+01   0.25841E-01  -0.25354E+02   0.73427E+00   0.35958E+01   0.00000E+00   0.29510E+03   0.27176E+02   0.10871E+00   0.54284E+02  -0.69283E+00   0.58205E+01   0.00000E+00   0.15049E+03
  6.920   0.65215E+01   0.23715E-01  -0.33125E+02   0.15201E+00   0.19953E+01   0.00000E+00   0.29510E+03   0.28223E+02   0.11289E+00   0.50271E+02  -0.80917E+00   0.58205E+01   0.00000E+00   0.15049E+03
  6.940   0.57827E+01   0.21028E-01  -0.40663E+02  -0.58422E+00  -0.28228E-01   0.00000E+00   0.29510E+03   0.29183E+02   0.11673E+00   0.45600E+02  -0.91587E+00   0.58205E+01   0.00000E+00   0.15049E+03
  6.960   0.49023E+01   0.17827E-01  -0.47099E+02  -0.14621E+01  -0.24411E+01   0.00000E+00   0.29510E+03   0.30042E+02   0.12017E+00   0.40239E+02  -0.10114E+01   0.58205E+01   0.00000E+00   0.15049E+03
  6.980   0.39119E+01   0.14225E-01  -0.51570E+02  -0.24504E+01  -0.51571E+01   0.00000E+00   0.29593E+03   0.30788E+02   0.12315E+00   0.34243E+02  -0.10943E+01   0.58205E+01   0.00000E+00   0.15049E+03
  7.000   0.28551E+01   0.10382E-01  -0.53737E+02  -0.31771E+01  -0.72355E+01   0.00000E+00   0.29902E+03   0.31409E+02   0.12563E+00   0.27781E+02  -0.11633E+01   0.58205E+01   0.00000E+00   0.15049E+03
  7.020   0.17748E+01   0.64538E-02  -0.54000E+02  -0.34159E+01  -0.81003E+01   0.00000E+00   0.30258E+03   0.31900E+02   0.12760E+00   0.21427E+02  -0.12180E+01   0.58205E+01   0.00000E+00   0.15049E+03
  7.040   0.70643E+00   0.25688E-02  -0.52567E+02  -0.36523E+01  -0.89558E+01   0.00000E+00   0.30636E+03   0.32268E+02   0.12907E+00   0.15387E+02  -0.12588E+01   0.58205E+01   0.00000E+00   0.15049E+03
  7.060  -0.31512E+00  -0.11459E-02  -0.49222E+02  -0.38784E+01  -0.97741E+01   0.00000E+00   0.31021E+03   0.32519E+02   0.13007E+00   0.97611E+01  -0.12867E+01   0.58205E+01   0.00000E+00   0.15049E+03
  7.080  -0.12450E+01  -0.45274E-02  -0.43265E+02  -0.40844E+01  -0.10519E+02   0.00000E+00   0.31391E+03   0.32662E+02   0.13065E+00   0.46881E+01  -0.13026E+01   0.58205E+01   0.00000E+00   0.15049E+03
  7.100  -0.20281E+01  -0.73749E-02  -0.34664E+02  -0.42581E+01  -0.11148E+02   0.00000E+00   0.31718E+03   0.32711E+02   0.13084E+00   0.34756E+00  -0.13081E+01   0.58205E+01   0.00000E+00   0.15049E+03
  7.120  -0.26237E+01  -0.95407E-02  -0.24879E+02  -0.43905E+01  -0.11626E+02   0.00000E+00   0.31976E+03   0.32682E+02   0.13073E+00  -0.31005E+01  -0.13895E+01   0.56088E+01   0.00000E+00   0.15049E+03
  7.140  -0.30292E+01  -0.11015E-01  -0.15980E+02  -0.44807E+01  -0.11952E+02   0.00000E+00   0.32156E+03   0.32594E+02   0.13038E+00  -0.54673E+01  -0.16393E+01   0.49600E+01   0.00000E+00   0.15049E+03
  7.160  -0.32747E+01  -0.11908E-01  -0.88611E+01  -0.45355E+01  -0.12150E+02   0.00000E+00   0.32267E+03   0.32471E+02   0.12988E+00  -0.67150E+01  -0.19933E+01   0.40406E+01   0.00000E+00   0.15049E+03
  7.180  -0.33904E+01  -0.12329E-01  -0.27625E+01  -0.45615E+01  -0.12243E+02   0.00000E+00   0.32319E+03   0.32333E+02   0.12933E+00  -0.69012E+01  -0.23888E+01   0.30137E+01   0.00000E+00   0.15049E+03
  7.200  -0.33839E+01  -0.12305E-01   0.35324E+01  -0.44496E+01  -0.11962E+02   0.00000E+00   0.32325E+03   0.32201E+02   0.12880E+00  -0.60733E+01  -0.27664E+01   0.20330E+01   0.00000E+00   0.15049E+03
  7.220  -0.32477E+01  -0.11810E-01   0.10050E+02  -0.34265E+01  -0.93707E+01   0.00000E+00   0.32325E+03   0.32097E+02   0.12839E+00  -0.41075E+01  -0.28308E+01   0.18431E+01   0.00000E+00   0.15049E+03
  7.240  -0.29912E+01  -0.10877E-01   0.15178E+02  -0.14887E+01  -0.44627E+01   0.00000E+00   0.32325E+03   0.32047E+02   0.12819E+00  -0.70970E+00  -0.28471E+01   0.17882E+01   0.00000E+00   0.15049E+03
  7.260  -0.26624E+01  -0.96815E-02   0.17144E+02  -0.55025E-01  -0.79702E+00   0.00000E+00   0.32325E+03   0.32079E+02   0.12832E+00   0.41292E+01  -0.27523E+01   0.20344E+01   0.00000E+00   0.15049E+03
  7.280  -0.23224E+01  -0.84451E-02   0.16463E+02   0.28472E+00   0.13657E+00   0.00000E+00   0.32325E+03   0.32210E+02   0.12884E+00   0.88315E+01  -0.23803E+01   0.30007E+01   0.00000E+00   0.15049E+03
  7.300  -0.20149E+01  -0.73268E-02   0.14129E+02   0.59240E+00   0.98194E+00   0.00000E+00   0.32325E+03   0.32427E+02   0.12971E+00   0.12668E+02  -0.17606E+01   0.46101E+01   0.00000E+00   0.15049E+03
  7.320  -0.17586E+01  -0.63951E-02   0.11546E+02   0.84889E+00   0.16866E+01   0.00000E+00   0.32325E+03   0.32709E+02   0.13084E+00   0.15409E+02  -0.13095E+01   0.58164E+01   0.00000E+00   0.15049E+03
  7.340  -0.15526E+01  -0.56459E-02   0.90570E+01   0.10552E+01   0.22535E+01   0.00000E+00   0.32325E+03   0.33041E+02   0.13217E+00   0.17796E+02  -0.13448E+01   0.58205E+01   0.00000E+00   0.15049E+03
  7.360  -0.13960E+01  -0.50764E-02   0.66197E+01   0.12122E+01   0.26846E+01   0.00000E+00   0.32325E+03   0.33420E+02   0.13368E+00   0.20038E+02  -0.13869E+01   0.58205E+01   0.00000E+00   0.15049E+03
  7.380  -0.12852E+01  -0.46736E-02   0.45693E+01   0.13233E+01   0.29898E+01   0.00000E+00   0.32325E+03   0.33842E+02   0.13537E+00   0.22132E+02  -0.14338E+01   0.58205E+01   0.00000E+00   0.15049E+03
  7.400  -0.12087E+01  -0.43953E-02   0.31997E+01   0.14000E+01   0.32006E+01   0.00000E+00   0.32325E+03   0.34304E+02   0.13722E+00   0.24107E+02  -0.14852E+01   0.58205E+01   0.00000E+00   0.15049E+03
  7.420  -0.11530E+01  -0.41929E-02   0.24627E+01   0.14558E+01   0.33538E+01   0.00000E+00   0.32325E+03   0.34806E+02   0.13922E+00   0.26008E+02  -0.15409E+01   0.58205E+01   0.00000E+00   0.15049E+03
  7.440  -0.11063E+01  -0.40227E-02   0.23167E+01   0.15025E+01   0.34823E+01   0.00000E+00   0.32325E+03   0.35345E+02   0.14138E+00   0.27881E+02  -0.16008E+01   0.58205E+01   0.00000E+00   0.15049E+03
  7.460  -0.10577E+01  -0.38463E-02   0.25658E+01   0.15509E+01   0.36153E+01   0.00000E+00   0.32325E+03   0.35921E+02   0.14368E+00   0.29769E+02  -0.16649E+01   0.58205E+01   0.00000E+00   0.15049E+03
  7.480  -0.10073E+01  -0.36631E-02   0.22618E+01   0.16013E+01   0.37538E+01   0.00000E+00   0.32325E+03   0.36536E+02   0.14614E+00   0.31682E+02  -0.17332E+01   0.58205E+01   0.00000E+00   0.15049E+03
  7.500  -0.97884E+00  -0.35594E-02   0.22638E+00   0.16302E+01   0.38332E+01   0.00000E+00   0.32325E+03   0.37188E+02   0.14875E+00   0.33528E+02  -0.18058E+01   0.58205E+01   0.00000E+00   0.15049E+03
  7.520  -0.10100E+01  -0.36726E-02  -0.35412E+01   0.14227E+01   0.33065E+01   0.00000E+00   0.32325E+03   0.37875E+02   0.15150E+00   0.35115E+02  -0.18821E+01   0.58205E+01   0.00000E+00   0.15049E+03
  7.540  -0.11234E+01  -0.40852E-02  -0.77540E+01   0.56837E+00   0.11427E+01   0.00000E+00   0.32325E+03   0.38588E+02   0.15435E+00   0.36027E+02  -0.19614E+01   0.58205E+01   0.00000E+00   0.15049E+03
  7.560  -0.13170E+01  -0.47892E-02  -0.11506E+02  -0.89454E+00  -0.25626E+01   0.00000E+00   0.32325E+03   0.39309E+02   0.15724E+00   0.35874E+02  -0.20415E+01   0.58205E+01   0.00000E+00   0.15049E+03
  7.580  -0.15828E+01  -0.57557E-02  -0.15132E+02  -0.27436E+01  -0.72510E+01   0.00000E+00   0.32356E+03   0.40014E+02   0.16006E+00   0.34353E+02  -0.21199E+01   0.58205E+01   0.00000E+00   0.15049E+03
  7.600  -0.19300E+01  -0.70182E-02  -0.19867E+02  -0.30893E+01  -0.82014E+01   0.00000E+00   0.32457E+03   0.40678E+02   0.16271E+00   0.31992E+02  -0.21937E+01   0.58205E+01   0.00000E+00   0.15049E+03
  7.620  -0.23837E+01  -0.86681E-02  -0.25543E+02  -0.35413E+01  -0.94436E+01   0.00000E+00   0.32608E+03   0.41290E+02   0.16516E+00   0.29185E+02  -0.22618E+01   0.58205E+01   0.00000E+00   0.15049E+03
  7.640  -0.29461E+01  -0.10713E-01  -0.30382E+02  -0.41019E+01  -0.10984E+02   0.00000E+00   0.32823E+03   0.41842E+02   0.16737E+00   0.25865E+02  -0.23231E+01   0.58205E+01   0.00000E+00   0.15049E+03
  7.660  -0.35807E+01  -0.13021E-01  -0.32495E+02  -0.46016E+01  -0.12391E+02   0.00000E+00   0.33102E+03   0.42322E+02   0.16929E+00   0.22137E+02  -0.23765E+01   0.58205E+01   0.00000E+00   0.15049E+03
  7.680  -0.42226E+01  -0.15355E-01  -0.31089E+02  -0.47437E+01  -0.12905E+02   0.00000E+00   0.33403E+03   0.42728E+02   0.17091E+00   0.18479E+02  -0.24216E+01   0.58205E+01   0.00000E+00   0.15049E+03
  7.700  -0.48013E+01  -0.17459E-01  -0.26240E+02  -0.48720E+01  -0.13369E+02   0.00000E+00   0.33681E+03   0.43064E+02   0.17226E+00   0.15236E+02  -0.24590E+01   0.58205E+01   0.00000E+00   0.15049E+03
  7.720  -0.52525E+01  -0.19100E-01  -0.18441E+02  -0.49722E+01  -0.13732E+02   0.00000E+00   0.33903E+03   0.43342E+02   0.17337E+00   0.12630E+02  -0.24898E+01   0.58205E+01   0.00000E+00   0.15049E+03
  7.740  -0.55238E+01  -0.20087E-01  -0.83643E+01  -0.50329E+01  -0.13950E+02   0.00000E+00   0.34039E+03   0.43575E+02   0.17430E+00   0.10840E+02  -0.25157E+01   0.58205E+01   0.00000E+00   0.15049E+03
  7.760  -0.55777E+01  -0.20283E-01   0.31222E+01  -0.50043E+01  -0.13892E+02   0.00000E+00   0.34070E+03   0.43781E+02   0.17513E+00   0.99855E+01  -0.25387E+01   0.58205E+01   0.00000E+00   0.15049E+03
  7.780  -0.54009E+01  -0.19639E-01   0.14289E+02  -0.36797E+01  -0.10537E+02   0.00000E+00   0.34070E+03   0.43983E+02   0.17593E+00   0.10488E+02  -0.25611E+01   0.58205E+01   0.00000E+00   0.15049E+03
  7.800  -0.50269E+01  -0.18280E-01   0.22373E+02  -0.85505E+00  -0.33827E+01   0.00000E+00   0.34070E+03   0.44216E+02   0.17686E+00   0.13230E+02  -0.25870E+01   0.58205E+01   0.00000E+00   0.15049E+03
  7.820  -0.45305E+01  -0.16475E-01   0.26824E+02  -0.22922E+00  -0.16952E+01   0.00000E+00   0.34070E+03   0.44524E+02   0.17809E+00   0.17607E+02  -0.26212E+01   0.58205E+01   0.00000E+00   0.15049E+03
  7.840  -0.39684E+01  -0.14431E-01   0.29092E+02   0.33171E+00  -0.15368E+00   0.00000E+00   0.34070E+03   0.44923E+02   0.17969E+00   0.22404E+02  -0.26656E+01   0.58205E+01   0.00000E+00   0.15049E+03
  7.860  -0.33781E+01  -0.12284E-01   0.29675E+02   0.92121E+00   0.14663E+01   0.00000E+00   0.34070E+03   0.45422E+02   0.18169E+00   0.27502E+02  -0.27211E+01   0.58205E+01   0.00000E+00   0.15049E+03
  7.880  -0.27921E+01  -0.10153E-01   0.28650E+02   0.15067E+01   0.30751E+01   0.00000E+00   0.34070E+03   0.46024E+02   0.18410E+00   0.32784E+02  -0.27881E+01   0.58205E+01   0.00000E+00   0.15049E+03
  7.900  -0.22419E+01  -0.81525E-02   0.26145E+02   0.20568E+01   0.45866E+01   0.00000E+00   0.34093E+03   0.46733E+02   0.18693E+00   0.38122E+02  -0.28669E+01   0.58205E+01   0.00000E+00   0.15049E+03
  7.920  -0.17552E+01  -0.63824E-02   0.22319E+02   0.25438E+01   0.59248E+01   0.00000E+00   0.34205E+03   0.47549E+02   0.19020E+00   0.43390E+02  -0.29575E+01   0.58205E+01   0.00000E+00   0.15049E+03
  7.940  -0.13536E+01  -0.49221E-02   0.17830E+02   0.29459E+01   0.70295E+01   0.00000E+00   0.34315E+03   0.48468E+02   0.19387E+00   0.48473E+02  -0.30597E+01   0.58205E+01   0.00000E+00   0.15049E+03
  7.960  -0.10350E+01  -0.37638E-02   0.14370E+02   0.32648E+01   0.79056E+01   0.00000E+00   0.34414E+03   0.49486E+02   0.19795E+00   0.53346E+02  -0.31729E+01   0.58205E+01   0.00000E+00   0.15049E+03
  7.980  -0.76331E+00  -0.27757E-02   0.13233E+02   0.33567E+01   0.82027E+01   0.00000E+00   0.34505E+03   0.50601E+02   0.20240E+00   0.58071E+02  -0.32968E+01   0.58205E+01   0.00000E+00   0.15049E+03
  8.000  -0.49304E+00  -0.17929E-02   0.14000E+02   0.34164E+01   0.84190E+01   0.00000E+00   0.34596E+03   0.51809E+02   0.20724E+00   0.62738E+02  -0.34311E+01   0.58205E+01   0.00000E+00   0.15049E+03
  8.020  -0.20200E+00  -0.73456E-03   0.14970E+02   0.34807E+01   0.86518E+01   0.00000E+00   0.34697E+03   0.53111E+02   0.21244E+00   0.67449E+02  -0.35758E+01   0.58205E+01   0.00000E+00   0.15049E+03
  8.040   0.96863E-01   0.35223E-03   0.14609E+02   0.35469E+01   0.88911E+01   0.00000E+00   0.34802E+03   0.54507E+02   0.21803E+00   0.72169E+02  -0.37310E+01   0.58205E+01   0.00000E+00   0.15049E+03
  8.060   0.37195E+00   0.13525E-02   0.12687E+02   0.36078E+01   0.91117E+01   0.00000E+00   0.34900E+03   0.55997E+02   0.22399E+00   0.76791E+02  -0.38966E+01   0.58205E+01   0.00000E+00   0.15049E+03
  8.080   0.59515E+00   0.21642E-02   0.93882E+01   0.36574E+01   0.92909E+01   0.00000E+00   0.34981E+03   0.57577E+02   0.23031E+00   0.81222E+02  -0.40723E+01   0.58205E+01   0.00000E+00   0.15049E+03
  8.100   0.73513E+00   0.26732E-02   0.42394E+01   0.36887E+01   0.94037E+01   0.00000E+00   0.35033E+03   0.59244E+02   0.23697E+00   0.85360E+02  -0.42575E+01   0.58205E+01   0.00000E+00   0.15049E+03
  8.120   0.75004E+00   0.27274E-02  -0.31073E+01   0.36138E+01   0.92203E+01   0.00000E+00   0.35042E+03   0.60989E+02   0.24395E+00   0.89051E+02  -0.44515E+01   0.58205E+01   0.00000E+00   0.15049E+03
  8.140   0.60187E+00   0.21886E-02  -0.11784E+02   0.25031E+01   0.64069E+01   0.00000E+00   0.35042E+03   0.62800E+02   0.25120E+00   0.91813E+02  -0.46528E+01   0.58205E+01   0.00000E+00   0.15049E+03
  8.160   0.28292E+00   0.10288E-02  -0.19835E+02   0.95947E-01   0.30995E+00   0.00000E+00   0.35042E+03   0.64649E+02   0.25860E+00   0.92803E+02  -0.48585E+01   0.58205E+01   0.00000E+00   0.15049E+03
  8.180  -0.17999E+00  -0.65451E-03  -0.26317E+02  -0.10136E+01  -0.25787E+01   0.00000E+00   0.35042E+03   0.66499E+02   0.26600E+00   0.92029E+02  -0.50641E+01   0.58205E+01   0.00000E+00   0.15049E+03
  8.200  -0.76462E+00  -0.27804E-02  -0.31989E+02  -0.15963E+01  -0.41802E+01   0.00000E+00   0.35063E+03   0.68327E+02   0.27331E+00   0.90707E+02  -0.52673E+01   0.58205E+01   0.00000E+00   0.15049E+03
  8.220  -0.14527E+01  -0.52826E-02  -0.36635E+02  -0.22826E+01  -0.60662E+01   0.00000E+00   0.35196E+03   0.70124E+02   0.28050E+00   0.88904E+02  -0.54670E+01   0.58205E+01   0.00000E+00   0.15049E+03
  8.240  -0.22227E+01  -0.80824E-02  -0.40176E+02  -0.30508E+01  -0.81776E+01   0.00000E+00   0.35402E+03   0.71880E+02   0.28752E+00   0.86660E+02  -0.56623E+01   0.58205E+01   0.00000E+00   0.15049E+03
  8.260  -0.30522E+01  -0.11099E-01  -0.42583E+02  -0.38788E+01  -0.10453E+02   0.00000E+00   0.35691E+03   0.73588E+02   0.29435E+00   0.84028E+02  -0.58521E+01   0.58205E+01   0.00000E+00   0.15049E+03
  8.280  -0.39183E+01  -0.14248E-01  -0.43823E+02  -0.50810E+01  -0.12659E+02  -0.67572E+00   0.36068E+03   0.75239E+02   0.30096E+00   0.81053E+02  -0.60357E+01   0.58205E+01   0.00000E+00   0.15049E+03
  8.300  -0.47901E+01  -0.17419E-01  -0.42908E+02  -0.77868E+01  -0.13358E+02  -0.48641E+01   0.36631E+03   0.76822E+02   0.30729E+00   0.76997E+02  -0.62116E+01   0.58205E+01   0.00000E+00   0.15049E+03
  8.320  -0.56142E+01  -0.20415E-01  -0.38939E+02  -0.10347E+02  -0.14018E+02  -0.88262E+01   0.37380E+03   0.78311E+02   0.31324E+00   0.71745E+02  -0.63771E+01   0.58205E+01   0.00000E+00   0.15049E+03
  8.340  -0.63256E+01  -0.23002E-01  -0.31723E+02  -0.11813E+02  -0.14588E+02  -0.11007E+02   0.38187E+03   0.79687E+02   0.31875E+00   0.65883E+02  -0.65301E+01   0.58205E+01   0.00000E+00   0.15049E+03
  8.360  -0.68708E+01  -0.24985E-01  -0.22536E+02  -0.11934E+02  -0.15026E+02  -0.11007E+02   0.38834E+03   0.80952E+02   0.32381E+00   0.60834E+02  -0.66708E+01   0.58205E+01   0.00000E+00   0.15049E+03
  8.380  -0.72179E+01  -0.26247E-01  -0.11981E+02  -0.12012E+02  -0.15306E+02  -0.11007E+02   0.39250E+03   0.82128E+02   0.32851E+00   0.56946E+02  -0.68015E+01   0.58205E+01   0.00000E+00   0.15049E+03
  8.400  -0.73437E+01  -0.26705E-01  -0.48581E+00  -0.12040E+02  -0.15409E+02  -0.11007E+02   0.39401E+03   0.83238E+02   0.33295E+00   0.54260E+02  -0.69249E+01   0.58205E+01   0.00000E+00   0.15049E+03
  8.420  -0.72366E+01  -0.26315E-01   0.11046E+02  -0.10975E+02  -0.13424E+02  -0.10538E+02   0.39401E+03   0.84308E+02   0.33723E+00   0.53003E+02  -0.70438E+01   0.58205E+01   0.00000E+00   0.15049E+03
  8.440  -0.69182E+01  -0.25157E-01   0.20155E+02  -0.76620E+01  -0.73421E+01  -0.90176E+01   0.39401E+03   0.85376E+02   0.34150E+00   0.54372E+02  -0.71625E+01   0.58205E+01   0.00000E+00   0.15049E+03
  8.460  -0.64603E+01  -0.23492E-01   0.24970E+02  -0.48807E+01  -0.35677E+01  -0.68227E+01   0.39401E+03   0.86504E+02   0.34602E+00   0.58790E+02  -0.72879E+01   0.58205E+01   0.00000E+00   0.15049E+03
  8.480  -0.59416E+01  -0.21606E-01   0.26380E+02  -0.28689E+01  -0.21449E+01  -0.43327E+01   0.39401E+03   0.87738E+02   0.35095E+00   0.64819E+02  -0.74251E+01   0.58205E+01   0.00000E+00   0.15049E+03
  8.500  -0.54244E+01  -0.19725E-01   0.24899E+02  -0.86052E+00  -0.72442E+00  -0.18470E+01   0.39401E+03   0.89105E+02   0.35642E+00   0.72108E+02  -0.75771E+01   0.58205E+01   0.00000E+00   0.15049E+03
  8.520  -0.49633E+01  -0.18048E-01   0.20785E+02   0.70907E+00   0.54331E+00   0.00000E+00   0.39401E+03   0.90628E+02   0.36251E+00   0.80303E+02  -0.77464E+01   0.58205E+01   0.00000E+00   0.15049E+03
  8.540  -0.46027E+01  -0.16737E-01   0.15142E+02   0.10705E+01   0.15362E+01   0.00000E+00   0.39401E+03   0.92317E+02   0.36927E+00   0.88475E+02  -0.79341E+01   0.58205E+01   0.00000E+00   0.15049E+03
  8.560  -0.43591E+01  -0.15851E-01   0.92677E+01   0.13150E+01   0.22079E+01   0.00000E+00   0.39401E+03   0.94164E+02   0.37666E+00   0.96211E+02  -0.81395E+01   0.58205E+01   0.00000E+00   0.15049E+03
  8.580  -0.42274E+01  -0.15372E-01   0.40731E+01   0.14477E+01   0.25722E+01   0.00000E+00   0.39401E+03   0.96162E+02   0.38465E+00   0.10350E+03  -0.83616E+01   0.58205E+01   0.00000E+00   0.15049E+03
  8.600  -0.41885E+01  -0.15231E-01   0.30953E-01   0.14875E+01   0.26812E+01   0.00000E+00   0.39401E+03   0.98302E+02   0.39321E+00   0.11039E+03  -0.85994E+01   0.58205E+01   0.00000E+00   0.15049E+03
  8.620  -0.42176E+01  -0.15337E-01  -0.27044E+01   0.12810E+01   0.21580E+01   0.00000E+00   0.39401E+03   0.10058E+03   0.40230E+00   0.11693E+03  -0.88522E+01   0.58205E+01   0.00000E+00   0.15049E+03
  8.640  -0.42874E+01  -0.15591E-01  -0.40545E+01   0.75320E+00   0.82105E+00   0.00000E+00   0.39401E+03   0.10298E+03   0.41190E+00   0.12302E+03  -0.91190E+01   0.58205E+01   0.00000E+00   0.15049E+03
  8.660  -0.43718E+01  -0.15897E-01  -0.42122E+01   0.11354E+00  -0.79900E+00   0.00000E+00   0.39401E+03   0.10549E+03   0.42197E+00   0.12866E+03  -0.93989E+01   0.58205E+01   0.00000E+00   0.15049E+03
  8.680  -0.44497E+01  -0.16181E-01  -0.34392E+01  -0.47868E+00  -0.22988E+01   0.00000E+00   0.39401E+03   0.10812E+03   0.43248E+00   0.13395E+03  -0.96908E+01   0.58205E+01   0.00000E+00   0.15049E+03
  8.700  -0.45036E+01  -0.16377E-01  -0.18094E+01  -0.89025E+00  -0.33411E+01   0.00000E+00   0.39401E+03   0.11085E+03   0.44340E+00   0.13909E+03  -0.99944E+01   0.58205E+01   0.00000E+00   0.15049E+03
  8.720  -0.45173E+01  -0.16427E-01   0.53396E+00  -0.99765E+00  -0.36130E+01   0.00000E+00   0.39401E+03   0.11368E+03   0.45474E+00   0.14432E+03  -0.10309E+02   0.58205E+01   0.00000E+00   0.15049E+03
  8.740  -0.44791E+01  -0.16288E-01   0.33449E+01  -0.71244E+00  -0.28905E+01   0.00000E+00   0.39401E+03   0.11663E+03   0.46650E+00   0.14995E+03  -0.10636E+02   0.58205E+01   0.00000E+00   0.15049E+03
  8.760  -0.43844E+01  -0.15943E-01   0.60247E+01   0.20580E-02  -0.10808E+01   0.00000E+00   0.39401E+03   0.11969E+03   0.47875E+00   0.15628E+03  -0.10977E+02   0.58205E+01   0.00000E+00   0.15049E+03
  8.780  -0.42460E+01  -0.15440E-01   0.75390E+01   0.10499E+01   0.15731E+01   0.00000E+00   0.39401E+03   0.12288E+03   0.49153E+00   0.16352E+03  -0.11332E+02   0.58205E+01   0.00000E+00   0.15049E+03
  8.800  -0.40938E+01  -0.14886E-01   0.74711E+01   0.15805E+01   0.29372E+01   0.00000E+00   0.39401E+03   0.12623E+03   0.50493E+00   0.17153E+03  -0.11704E+02   0.58205E+01   0.00000E+00   0.15049E+03
  8.820  -0.39545E+01  -0.14380E-01   0.62726E+01   0.17199E+01   0.33202E+01   0.00000E+00   0.39401E+03   0.12975E+03   0.51898E+00   0.17971E+03  -0.12095E+02   0.58205E+01   0.00000E+00   0.15049E+03
  8.840  -0.38495E+01  -0.13998E-01   0.40757E+01   0.18252E+01   0.36094E+01   0.00000E+00   0.39401E+03   0.13342E+03   0.53369E+00   0.18792E+03  -0.12503E+02   0.58205E+01   0.00000E+00   0.15049E+03
  8.860  -0.37953E+01  -0.13801E-01   0.13029E+01   0.18800E+01   0.37599E+01   0.00000E+00   0.39401E+03   0.13726E+03   0.54905E+00   0.19610E+03  -0.12930E+02   0.58205E+01   0.00000E+00   0.15049E+03
  8.880  -0.37991E+01  -0.13815E-01  -0.17120E+01   0.18181E+01   0.36043E+01   0.00000E+00   0.39401E+03   0.14127E+03   0.56506E+00   0.20419E+03  -0.13375E+02   0.58205E+01   0.00000E+00   0.15049E+03
  8.900  -0.38659E+01  -0.14058E-01  -0.50524E+01   0.13158E+01   0.23321E+01   0.00000E+00   0.39401E+03   0.14543E+03   0.58171E+00   0.21202E+03  -0.13838E+02   0.58205E+01   0.00000E+00   0.15049E+03
  8.920  -0.40045E+01  -0.14562E-01  -0.88967E+01   0.27045E+00  -0.31576E+00   0.00000E+00   0.39401E+03   0.14974E+03   0.59897E+00   0.21923E+03  -0.14318E+02   0.58205E+01   0.00000E+00   0.15049E+03
  8.940  -0.42244E+01  -0.15361E-01  -0.13124E+02  -0.13908E+01  -0.45232E+01   0.00000E+00   0.39401E+03   0.15419E+03   0.61676E+00   0.22544E+03  -0.14812E+02   0.58205E+01   0.00000E+00   0.15049E+03
  8.960  -0.45298E+01  -0.16472E-01  -0.17499E+02  -0.26235E+01  -0.76808E+01   0.00000E+00   0.39401E+03   0.15875E+03   0.63500E+00   0.23046E+03  -0.15319E+02   0.58205E+01   0.00000E+00   0.15049E+03
  8.980  -0.49298E+01  -0.17926E-01  -0.22607E+02  -0.30219E+01  -0.87758E+01   0.00000E+00   0.39401E+03   0.16341E+03   0.65363E+00   0.23514E+03  -0.15837E+02   0.58205E+01   0.00000E+00   0.15049E+03
  9.000  -0.54363E+01  -0.19769E-01  -0.28052E+02  -0.35266E+01  -0.10163E+02   0.00000E+00   0.39401E+03   0.16815E+03   0.67262E+00   0.23955E+03  -0.16364E+02   0.58205E+01   0.00000E+00   0.15049E+03
  9.020  -0.60489E+01  -0.21996E-01  -0.33065E+02  -0.41374E+01  -0.11842E+02   0.00000E+00   0.39401E+03   0.17299E+03   0.69195E+00   0.24365E+03  -0.16902E+02   0.58205E+01   0.00000E+00   0.15049E+03
  9.040  -0.67507E+01  -0.24548E-01  -0.36842E+02  -0.48375E+01  -0.13766E+02   0.00000E+00   0.39459E+03   0.17790E+03   0.71159E+00   0.24746E+03  -0.17448E+02   0.58205E+01   0.00000E+00   0.15049E+03
  9.060  -0.75123E+01  -0.27318E-01  -0.39083E+02  -0.54706E+01  -0.15537E+02   0.00000E+00   0.39856E+03   0.18288E+03   0.73154E+00   0.25109E+03  -0.18002E+02   0.58205E+01   0.00000E+00   0.15049E+03
  9.080  -0.83084E+01  -0.30212E-01  -0.40455E+02  -0.56466E+01  -0.16174E+02   0.00000E+00   0.40298E+03   0.18794E+03   0.75177E+00   0.25490E+03  -0.18564E+02   0.58205E+01   0.00000E+00   0.15049E+03
  9.100  -0.91286E+01  -0.33195E-01  -0.41553E+02  -0.57000E+01  -0.16511E+02   0.00000E+00   0.40767E+03   0.19308E+03   0.77233E+00   0.25908E+03  -0.19136E+02   0.58205E+01   0.00000E+00   0.15049E+03
  9.120  -0.99701E+01  -0.36255E-01  -0.42582E+02  -0.56166E+01  -0.16511E+02   0.00000E+00   0.41243E+03   0.19831E+03   0.79324E+00   0.26377E+03  -0.19717E+02   0.58205E+01   0.00000E+00   0.15049E+03
# MASS = 0.02780 0.02836 KTRI =19.21278 7.45011 KSLIP = 4.80322 1.86255 K =10.56704 4.09758 DC = 0.10829 0.04199  H =0.0500
# XD1 = 0.28646 0.26042 XD2 = 2.29167 2.08333 T  = 0.64388 0.26163  seisdata/k
# CB = 0.20000 0.13963
# XMAX =10.24367******** YMAX = 70.63652265.38089 CEMAX =   413.960   150.489
#   DT= 0.0200  457  F7.3, 14E14.5 HKOBE04.tx
# GAMMA= 1.2000 GAMMA3= 1.5000
