# CTIME DISP1 GAMMA1 VEL1 FORCE1 FORCETRI1 FORCESLIP1 ENERGY1 DISP2 GAMMA2 VEL2 FORCE2 FORCETRI2 FORCESLIP2 ENERGY2
  0.020   0.29318E-04   0.10661E-06   0.43587E-02   0.15314E-03   0.28180E-03   0.70451E-04   0.23137E-08   0.61093E-06   0.24437E-08   0.13000E-03   0.10081E-05   0.18817E-05   0.47043E-06   0.32177E-12
  0.040   0.11964E-03   0.43504E-06   0.62643E-03   0.64332E-03   0.11834E-02   0.29586E-03   0.38528E-07   0.98871E-05   0.39548E-07   0.84569E-03   0.16750E-04   0.31243E-04   0.78108E-05   0.84277E-10
  0.060  -0.18239E-04  -0.66325E-07  -0.14022E-01  -0.82994E-04  -0.15300E-03  -0.38249E-04   0.38689E-07   0.28809E-04   0.11524E-06   0.74476E-03   0.49409E-04   0.92131E-04   0.23033E-04   0.71554E-09
  0.080  -0.35433E-03  -0.12885E-05  -0.15742E-01  -0.18904E-02  -0.34779E-02  -0.86948E-03   0.33797E-06   0.24553E-04   0.98210E-07  -0.15127E-02   0.42864E-04   0.79892E-04   0.19973E-04   0.90904E-09
  0.100  -0.46202E-03  -0.16801E-05   0.10286E-01  -0.24984E-02  -0.45957E-02  -0.11489E-02   0.64430E-06  -0.36869E-04  -0.14748E-06  -0.44127E-02  -0.62015E-04  -0.11569E-03  -0.28924E-04   0.11719E-08
  0.120   0.20048E-03   0.72901E-06   0.57789E-01   0.10166E-02   0.18715E-02   0.46788E-03   0.64430E-06  -0.12382E-03  -0.49526E-06  -0.30782E-02  -0.21239E-03  -0.39603E-03  -0.99010E-04   0.13216E-07
  0.140   0.17687E-02   0.64317E-05   0.93341E-01   0.94207E-02   0.17332E-01   0.43331E-02   0.84212E-05  -0.95188E-04  -0.38075E-06   0.77795E-02  -0.16685E-03  -0.31095E-03  -0.77739E-04   0.16301E-07
  0.160   0.36879E-02   0.13411E-04   0.92132E-01   0.19754E-01   0.36341E-01   0.90853E-02   0.36611E-04   0.25737E-03   0.10295E-05   0.28946E-01   0.43358E-03   0.80885E-03   0.20222E-03   0.57107E-07
  0.180   0.53411E-02   0.19422E-04   0.73956E-01   0.28674E-01   0.52750E-01   0.13188E-01   0.76792E-04   0.11026E-02   0.44103E-05   0.56127E-01   0.18813E-02   0.35085E-02   0.87713E-03   0.10480E-05
  0.200   0.66179E-02   0.24065E-04   0.51603E-01   0.35573E-01   0.65439E-01   0.16360E-01   0.11789E-03   0.25078E-02   0.10031E-04   0.84060E-01   0.42944E-02   0.80080E-02   0.20020E-02   0.54221E-05
  0.220   0.71274E-02   0.25918E-04  -0.12122E-01   0.38385E-01   0.70611E-01   0.17653E-01   0.13734E-03   0.44259E-02   0.17704E-04   0.10585E+00   0.75939E-02   0.14160E-01   0.35400E-02   0.16888E-04
  0.240   0.59447E-02   0.21617E-04  -0.10420E+00   0.32118E-01   0.59080E-01   0.14770E-01   0.13734E-03   0.66211E-02   0.26484E-04   0.10967E+00   0.11378E-01   0.21214E-01   0.53037E-02   0.37794E-04
  0.260   0.34464E-02   0.12533E-04  -0.12383E+00   0.18690E-01   0.34378E-01   0.85946E-02   0.13734E-03   0.86338E-02   0.34535E-04   0.87332E-01   0.14856E-01   0.27699E-01   0.69248E-02   0.64264E-04
  0.280   0.17464E-02   0.63505E-05  -0.30593E-01   0.94362E-02   0.17358E-01   0.43394E-02   0.13734E-03   0.99886E-02   0.39954E-04   0.46540E-01   0.17206E-01   0.32080E-01   0.80202E-02   0.86015E-04
  0.300   0.24462E-02   0.88953E-05   0.96339E-01   0.13065E-01   0.24037E-01   0.60092E-02   0.13734E-03   0.10505E-01   0.42019E-04   0.69487E-02   0.18110E-01   0.33765E-01   0.84413E-02   0.95133E-04
  0.320   0.52951E-02   0.19255E-04   0.17785E+00   0.28314E-01   0.52089E-01   0.13022E-01   0.13734E-03   0.10391E-01   0.41565E-04  -0.14292E-01   0.17922E-01   0.33414E-01   0.83537E-02   0.95414E-04
  0.340   0.92862E-02   0.33768E-04   0.21833E+00   0.49757E-01   0.91536E-01   0.22884E-01   0.23213E-03   0.10109E-01   0.40434E-04  -0.93370E-02   0.17433E-01   0.32502E-01   0.81256E-02   0.95414E-04
  0.360   0.13771E-01   0.50078E-04   0.22057E+00   0.73901E-01   0.13595E+00   0.33988E-01   0.51052E-03   0.10202E-01   0.40809E-04   0.22937E-01   0.17583E-01   0.32783E-01   0.81958E-02   0.95414E-04
  0.380   0.17671E-01   0.64260E-04   0.15750E+00   0.94966E-01   0.17470E+00   0.43675E-01   0.84061E-03   0.11160E-01   0.44639E-04   0.74906E-01   0.19215E-01   0.35827E-01   0.89569E-02   0.10737E-03
  0.400   0.19872E-01   0.72261E-04   0.64376E-01   0.10691E+00   0.19668E+00   0.49169E-01   0.10630E-02   0.13221E-01   0.52882E-04   0.13028E+00   0.22749E-01   0.42417E-01   0.10604E-01   0.15068E-03
  0.420   0.20578E-01   0.74831E-04   0.20638E-01   0.11077E+00   0.20376E+00   0.50941E-01   0.11399E-02   0.16290E-01   0.65161E-04   0.17400E+00   0.28027E-01   0.52257E-01   0.13064E-01   0.22878E-03
  0.440   0.21312E-01   0.77498E-04   0.68699E-01   0.11466E+00   0.21093E+00   0.52733E-01   0.12227E-02   0.20073E-01   0.80294E-04   0.20210E+00   0.34540E-01   0.64401E-01   0.16100E-01   0.34739E-03
  0.460   0.23372E-01   0.84990E-04   0.12403E+00   0.12569E+00   0.23123E+00   0.57807E-01   0.14705E-02   0.24317E-01   0.97267E-04   0.22117E+00   0.41850E-01   0.78029E-01   0.19508E-01   0.50977E-03
  0.480   0.25448E-01   0.92538E-04   0.56260E-01   0.13694E+00   0.25192E+00   0.62979E-01   0.17432E-02   0.28864E-01   0.11546E-03   0.23115E+00   0.49687E-01   0.92641E-01   0.23161E-01   0.71826E-03
  0.500   0.25003E-01   0.90920E-04  -0.10446E+00   0.13472E+00   0.24783E+00   0.61957E-01   0.17719E-02   0.33398E-01   0.13359E-03   0.21651E+00   0.57509E-01   0.10723E+00   0.26807E-01   0.96163E-03
  0.520   0.21342E-01   0.77607E-04  -0.25457E+00   0.11518E+00   0.21187E+00   0.52967E-01   0.17719E-02   0.37243E-01   0.14897E-03   0.16005E+00   0.64159E-01   0.11962E+00   0.29906E-01   0.11958E-02
  0.540   0.14809E-01   0.53851E-04  -0.40621E+00   0.80170E-01   0.14747E+00   0.36867E-01   0.17719E-02   0.39460E-01   0.15784E-03   0.52557E-01   0.68020E-01   0.12682E+00   0.31705E-01   0.13424E-02
  0.560   0.48726E-02   0.17719E-04  -0.59100E+00   0.26876E-01   0.49426E-01   0.12356E-01   0.17719E-02   0.38960E-01   0.15584E-03  -0.11266E+00   0.67215E-01   0.12532E+00   0.31330E-01   0.13556E-02
  0.580  -0.82769E-02  -0.30098E-04  -0.69358E+00  -0.43805E-01  -0.80598E-01  -0.20150E-01   0.17719E-02   0.34555E-01   0.13822E-03  -0.33668E+00   0.59699E-01   0.11130E+00   0.27825E-01   0.13556E-02
  0.600  -0.21957E-01  -0.79844E-04  -0.65952E+00  -0.11749E+00  -0.21615E+00  -0.54038E-01   0.17719E-02   0.25238E-01   0.10095E-03  -0.59853E+00   0.43727E-01   0.81516E-01   0.20379E-01   0.13556E-02
  0.620  -0.34068E-01  -0.12388E-03  -0.53731E+00  -0.18283E+00  -0.33633E+00  -0.84083E-01   0.31242E-02   0.10605E-01   0.42420E-04  -0.86131E+00   0.18590E-01   0.34645E-01   0.86614E-02   0.13556E-02
  0.640  -0.42472E-01  -0.15444E-03  -0.26923E+00  -0.22836E+00  -0.42009E+00  -0.10502E+00   0.48557E-02  -0.89139E-02  -0.35656E-04  -0.10783E+01  -0.14989E-01  -0.27963E-01  -0.69909E-02   0.13556E-02
  0.660  -0.44059E-01  -0.16022E-03   0.11559E+00  -0.23733E+00  -0.43658E+00  -0.10914E+00   0.53060E-02  -0.31825E-01  -0.12730E-03  -0.11904E+01  -0.54453E-01  -0.10154E+00  -0.25386E-01   0.13556E-02
  0.680  -0.38850E-01  -0.14127E-03   0.35180E+00  -0.20954E+00  -0.38545E+00  -0.96364E-01   0.53060E-02  -0.55498E-01  -0.22199E-03  -0.11496E+01  -0.95285E-01  -0.17767E+00  -0.44418E-01   0.26554E-02
  0.700  -0.32294E-01  -0.11743E-03   0.24371E+00  -0.17413E+00  -0.32031E+00  -0.80079E-01   0.53060E-02  -0.76787E-01  -0.30715E-03  -0.95737E+00  -0.13206E+00  -0.24623E+00  -0.61559E-01   0.50833E-02
  0.720  -0.29543E-01  -0.10743E-03   0.68365E-01  -0.15913E+00  -0.29272E+00  -0.73180E-01   0.53060E-02  -0.93129E-01  -0.37252E-03  -0.66463E+00  -0.16034E+00  -0.29896E+00  -0.74740E-01   0.74772E-02
  0.740  -0.28198E-01  -0.10254E-03   0.96587E-01  -0.15191E+00  -0.27945E+00  -0.69863E-01   0.53060E-02  -0.10300E+00  -0.41200E-03  -0.31562E+00  -0.17749E+00  -0.33092E+00  -0.82730E-01   0.91464E-02
  0.760  -0.25962E-01  -0.94408E-04   0.83662E-01  -0.13987E+00  -0.25729E+00  -0.64323E-01   0.53060E-02  -0.10556E+00  -0.42226E-03   0.60475E-01  -0.18204E+00  -0.33940E+00  -0.84851E-01   0.96251E-02
  0.780  -0.26385E-01  -0.95947E-04  -0.15868E+00  -0.14188E+00  -0.26100E+00  -0.65251E-01   0.53060E-02  -0.10074E+00  -0.40297E-03   0.41207E+00  -0.17385E+00  -0.32412E+00  -0.81031E-01   0.96251E-02
  0.800  -0.33232E-01  -0.12084E-03  -0.53931E+00  -0.17833E+00  -0.32806E+00  -0.82015E-01   0.53060E-02  -0.89722E-01  -0.35889E-03   0.66774E+00  -0.15494E+00  -0.28886E+00  -0.72216E-01   0.96251E-02
  0.820  -0.48538E-01  -0.17650E-03  -0.10068E+01  -0.26022E+00  -0.47872E+00  -0.11968E+00   0.63419E-02  -0.75141E-01  -0.30056E-03   0.75727E+00  -0.12983E+00  -0.24204E+00  -0.60512E-01   0.96251E-02
  0.840  -0.73237E-01  -0.26631E-03  -0.14351E+01  -0.39273E+00  -0.72247E+00  -0.18062E+00   0.14438E-01  -0.60929E-01  -0.24372E-03   0.62384E+00  -0.10528E+00  -0.19627E+00  -0.49068E-01   0.96251E-02
  0.860  -0.10346E+00  -0.37621E-03  -0.14934E+01  -0.55536E+00  -0.10217E+01  -0.25541E+00   0.28812E-01  -0.51774E-01  -0.20710E-03   0.25570E+00  -0.89362E-01  -0.16660E+00  -0.41652E-01   0.96251E-02
  0.880  -0.12955E+00  -0.47110E-03  -0.10406E+01  -0.69634E+00  -0.12810E+01  -0.32024E+00   0.45179E-01  -0.51814E-01  -0.20726E-03  -0.27725E+00  -0.89243E-01  -0.16639E+00  -0.41598E-01   0.96251E-02
  0.900  -0.14319E+00  -0.52069E-03  -0.30425E+00  -0.77056E+00  -0.14175E+01  -0.35438E+00   0.55192E-01  -0.63065E-01  -0.25226E-03  -0.84016E+00  -0.10844E+00  -0.20220E+00  -0.50550E-01   0.96251E-02
  0.920  -0.14182E+00  -0.51572E-03   0.41777E+00  -0.76399E+00  -0.14054E+01  -0.35135E+00   0.56123E-01  -0.84632E-01  -0.33853E-03  -0.12861E+01  -0.14547E+00  -0.27124E+00  -0.67812E-01   0.96251E-02
  0.940  -0.12853E+00  -0.46736E-03   0.83522E+00  -0.69286E+00  -0.12745E+01  -0.31863E+00   0.56123E-01  -0.11297E+00  -0.45189E-03  -0.15046E+01  -0.19426E+00  -0.36221E+00  -0.90554E-01   0.11003E-01
  0.960  -0.10980E+00  -0.39928E-03   0.10443E+01  -0.59229E+00  -0.10895E+01  -0.27238E+00   0.56123E-01  -0.14302E+00  -0.57209E-03  -0.14546E+01  -0.24609E+00  -0.45884E+00  -0.11471E+00   0.17635E-01
  0.980  -0.84427E-01  -0.30701E-03   0.15997E+01  -0.45627E+00  -0.83930E+00  -0.20983E+00   0.56123E-01  -0.16927E+00  -0.67710E-03  -0.11203E+01  -0.29147E+00  -0.54345E+00  -0.13586E+00   0.24703E-01
  1.000  -0.44115E-01  -0.16042E-03   0.24113E+01  -0.24013E+00  -0.44167E+00  -0.11042E+00   0.56123E-01  -0.18565E+00  -0.74259E-03  -0.45982E+00  -0.31994E+00  -0.59650E+00  -0.14913E+00   0.29713E-01
  1.020   0.95425E-02   0.34700E-04   0.28535E+01   0.48267E-01   0.88856E-01   0.22214E-01   0.56123E-01  -0.18544E+00  -0.74176E-03   0.53091E+00  -0.31993E+00  -0.59648E+00  -0.14912E+00   0.30479E-01
  1.040   0.66126E-01   0.24046E-03   0.27133E+01   0.35305E+00   0.64951E+00   0.16238E+00   0.56123E-01  -0.16281E+00  -0.65124E-03   0.17589E+01  -0.28134E+00  -0.52452E+00  -0.13113E+00   0.30479E-01
  1.060   0.11492E+00   0.41789E-03   0.21013E+01   0.61640E+00   0.11340E+01   0.28349E+00   0.56123E-01  -0.11468E+00  -0.45871E-03   0.30467E+01  -0.19880E+00  -0.37061E+00  -0.92653E-01   0.30479E-01
  1.080   0.14834E+00   0.53941E-03   0.12138E+01   0.79729E+00   0.14667E+01   0.36667E+00   0.59233E-01  -0.42011E-01  -0.16804E-03   0.41744E+01  -0.73912E-01  -0.13773E+00  -0.34434E-01   0.30479E-01
  1.100   0.16339E+00   0.59416E-03   0.31361E+00   0.87933E+00   0.16176E+01   0.40440E+00   0.71867E-01   0.49806E-01   0.19922E-03   0.49301E+01   0.84135E-01   0.15694E+00   0.39236E-01   0.30479E-01
  1.120   0.16357E+00   0.59479E-03  -0.18740E+00   0.88081E+00   0.16203E+01   0.40508E+00   0.73057E-01   0.15171E+00   0.60682E-03   0.51674E+01   0.25975E+00   0.48437E+00   0.12109E+00   0.30479E-01
  1.140   0.15954E+00   0.58016E-03  -0.14380E+00   0.85911E+00   0.15804E+01   0.39509E+00   0.73057E-01   0.25286E+00   0.10114E-02   0.48621E+01   0.43427E+00   0.80975E+00   0.20244E+00   0.55123E-01
  1.160   0.15901E+00   0.57823E-03   0.76472E-01   0.85601E+00   0.15747E+01   0.39367E+00   0.73057E-01   0.34388E+00   0.13755E-02   0.42179E+01   0.50038E+00   0.87512E+00   0.27569E+00   0.98107E-01
  1.180   0.16163E+00   0.58776E-03   0.15250E+00   0.87003E+00   0.16005E+01   0.40012E+00   0.73057E-01   0.42091E+00   0.16837E-02   0.34723E+01   0.54840E+00   0.91056E+00   0.33773E+00   0.13854E+00
  1.200   0.16334E+00   0.59396E-03  -0.36456E-01   0.87941E+00   0.16177E+01   0.40443E+00   0.73057E-01   0.48229E+00   0.19292E-02   0.26534E+01   0.58669E+00   0.93883E+00   0.38718E+00   0.17340E+00
  1.220   0.15881E+00   0.57750E-03  -0.42958E+00   0.85548E+00   0.15737E+01   0.39342E+00   0.73057E-01   0.52653E+00   0.21061E-02   0.17564E+01   0.61433E+00   0.95923E+00   0.42288E+00   0.19998E+00
  1.240   0.14707E+00   0.53481E-03  -0.68650E+00   0.79256E+00   0.14579E+01   0.36448E+00   0.73057E-01   0.55194E+00   0.22078E-02   0.77095E+00   0.63027E+00   0.97099E+00   0.44347E+00   0.21580E+00
  1.260   0.13371E+00   0.48623E-03  -0.59084E+00   0.72052E+00   0.13254E+01   0.33136E+00   0.73057E-01   0.55695E+00   0.22278E-02  -0.27608E+00   0.63369E+00   0.97380E+00   0.44766E+00   0.21942E+00
  1.280   0.12456E+00   0.45296E-03  -0.32733E+00   0.67097E+00   0.12343E+01   0.30857E+00   0.73057E-01   0.54105E+00   0.21642E-02  -0.12980E+01   0.60664E+00   0.92337E+00   0.43505E+00   0.21942E+00
  1.300   0.12007E+00   0.43661E-03  -0.14569E+00   0.64658E+00   0.11894E+01   0.29735E+00   0.73057E-01   0.50604E+00   0.20242E-02  -0.21695E+01   0.54658E+00   0.81136E+00   0.40705E+00   0.21942E+00
  1.320   0.11773E+00   0.42811E-03  -0.11370E+00   0.63396E+00   0.11662E+01   0.29155E+00   0.73057E-01   0.45589E+00   0.18236E-02  -0.27999E+01   0.46034E+00   0.65056E+00   0.36685E+00   0.21942E+00
  1.340   0.11431E+00   0.41567E-03  -0.26208E+00   0.61570E+00   0.11326E+01   0.28315E+00   0.73057E-01   0.39595E+00   0.15838E-02  -0.31457E+01   0.35711E+00   0.45810E+00   0.31873E+00   0.21942E+00
  1.360   0.10633E+00   0.38666E-03  -0.54754E+00   0.57305E+00   0.10541E+01   0.26354E+00   0.73057E-01   0.33192E+00   0.13277E-02  -0.32143E+01   0.24673E+00   0.25230E+00   0.26728E+00   0.21942E+00
  1.380   0.92238E-01   0.33541E-03  -0.85829E+00   0.49752E+00   0.91520E+00   0.22880E+00   0.73057E-01   0.26894E+00   0.10758E-02  -0.30494E+01   0.13808E+00   0.49735E-01   0.21664E+00   0.21942E+00
  1.400   0.72678E-01   0.26428E-03  -0.10678E+01   0.39244E+00   0.72189E+00   0.18047E+00   0.73057E-01   0.21109E+00   0.84437E-03  -0.27118E+01   0.38214E-01  -0.13645E+00   0.17009E+00   0.21942E+00
  1.420   0.51162E-01   0.18604E-03  -0.10332E+01   0.27657E+00   0.50874E+00   0.12719E+00   0.73057E-01   0.16125E+00   0.64502E-03  -0.22556E+01  -0.47881E-01  -0.29696E+00   0.12996E+00   0.21942E+00
  1.440   0.32082E-01   0.11666E-03  -0.88838E+00   0.17369E+00   0.31949E+00   0.79872E-01   0.73057E-01   0.12143E+00   0.48573E-03  -0.17155E+01  -0.11673E+00  -0.42533E+00   0.97871E-01   0.21942E+00
  1.460   0.12605E-01   0.45837E-04  -0.11932E+01   0.69159E-01   0.12719E+00   0.31799E-01   0.73057E-01   0.92861E-01   0.37144E-03  -0.11450E+01  -0.16620E+00  -0.51754E+00   0.74816E-01   0.21942E+00
  1.480  -0.20338E-01  -0.73956E-04  -0.21995E+01  -0.10711E+00  -0.19708E+00  -0.49269E-01   0.73057E-01   0.74959E-01   0.29984E-03  -0.67734E+00  -0.19723E+00  -0.57539E+00   0.60353E-01   0.21942E+00
  1.500  -0.74661E-01  -0.27149E-03  -0.31030E+01  -0.39858E+00  -0.73328E+00  -0.18332E+00   0.73057E-01   0.63894E-01   0.25557E-03  -0.48576E+00  -0.21638E+00  -0.61109E+00   0.51429E-01   0.21942E+00
  1.520  -0.13765E+00  -0.50053E-03  -0.29902E+01  -0.73779E+00  -0.13573E+01  -0.33932E+00   0.73057E-01   0.53213E-01   0.21285E-03  -0.63513E+00  -0.23474E+00  -0.64533E+00   0.42869E-01   0.21942E+00
  1.540  -0.18838E+00  -0.68502E-03  -0.19958E+01  -0.10120E+01  -0.18617E+01  -0.46542E+00   0.95526E-01   0.36892E-01   0.14757E-03  -0.10216E+01  -0.26275E+00  -0.69755E+00   0.29813E-01   0.21942E+00
  1.560  -0.21699E+00  -0.78906E-03  -0.92563E+00  -0.11672E+01  -0.21472E+01  -0.53680E+00   0.12675E+00   0.11809E-01   0.47238E-04  -0.14931E+01  -0.27949E+00  -0.71202E+00   0.97308E-02   0.21942E+00
  1.580  -0.22820E+00  -0.82983E-03  -0.27343E+00  -0.12283E+01  -0.22595E+01  -0.56488E+00   0.14019E+00  -0.22732E-01  -0.90927E-04  -0.19514E+01  -0.30091E+00  -0.72784E+00  -0.17956E-01   0.21942E+00
  1.600  -0.22855E+00  -0.83109E-03   0.28437E+00  -0.12308E+01  -0.22640E+01  -0.56601E+00   0.14214E+00  -0.65656E-01  -0.26262E-03  -0.23198E+01  -0.32756E+00  -0.74752E+00  -0.52394E-01   0.21942E+00
  1.620  -0.21478E+00  -0.78102E-03   0.11484E+01  -0.11576E+01  -0.21294E+01  -0.53235E+00   0.14214E+00  -0.11435E+00  -0.45739E-03  -0.25106E+01  -0.35783E+00  -0.76986E+00  -0.91496E-01   0.21942E+00
  1.640  -0.18168E+00  -0.66067E-03   0.21523E+01  -0.98048E+00  -0.18036E+01  -0.45090E+00   0.14214E+00  -0.16413E+00  -0.65653E-03  -0.24101E+01  -0.38881E+00  -0.79273E+00  -0.13152E+00   0.21942E+00
  1.660  -0.12989E+00  -0.47231E-03   0.29778E+01  -0.70252E+00  -0.12922E+01  -0.32306E+00   0.14214E+00  -0.20816E+00  -0.83265E-03  -0.19230E+01  -0.41626E+00  -0.81300E+00  -0.16699E+00   0.21942E+00
  1.680  -0.65961E-01  -0.23986E-03   0.32983E+01  -0.35871E+00  -0.65979E+00  -0.16495E+00   0.14214E+00  -0.23819E+00  -0.95276E-03  -0.10104E+01  -0.43506E+00  -0.82687E+00  -0.19127E+00   0.21942E+00
  1.700  -0.17313E-02  -0.62957E-05   0.30539E+01  -0.12650E-01  -0.23200E-01  -0.58000E-02   0.14214E+00  -0.24606E+00  -0.98426E-03   0.27728E+00  -0.43984E+00  -0.82987E+00  -0.19780E+00   0.22249E+00
  1.720   0.53610E-01   0.19495E-03   0.24245E+01   0.28598E+00   0.52613E+00   0.13153E+00   0.14214E+00  -0.22552E+00  -0.90208E-03   0.17970E+01  -0.40495E+00  -0.76481E+00  -0.18154E+00   0.22249E+00
  1.740   0.92687E-01   0.33704E-03   0.14123E+01   0.49746E+00   0.91513E+00   0.22878E+00   0.14214E+00  -0.17428E+00  -0.69713E-03   0.33009E+01  -0.31714E+00  -0.60106E+00  -0.14060E+00   0.22249E+00
  1.760   0.10888E+00   0.39594E-03   0.21633E+00   0.58597E+00   0.10779E+01   0.26948E+00   0.14214E+00  -0.95479E-01  -0.38191E-03   0.45077E+01  -0.18169E+00  -0.34851E+00  -0.77459E-01   0.22249E+00
  1.780   0.10194E+00   0.37070E-03  -0.89075E+00   0.54979E+00   0.10114E+01   0.25284E+00   0.14214E+00   0.24210E-02   0.96839E-05   0.51764E+01  -0.13125E-01  -0.34218E-01   0.11139E-02   0.22249E+00
  1.800   0.74762E-01   0.27186E-03  -0.17741E+01   0.40443E+00   0.74393E+00   0.18598E+00   0.14214E+00   0.10691E+00   0.42763E-03   0.51484E+01   0.16704E+00   0.30169E+00   0.85092E-01   0.22249E+00
  1.820   0.33709E-01   0.12258E-03  -0.22509E+01   0.18393E+00   0.33830E+00   0.84576E-01   0.14214E+00   0.20337E+00   0.81348E-03   0.43770E+01   0.33364E+00   0.61229E+00   0.16274E+00   0.22249E+00
  1.840  -0.12845E-01  -0.46710E-04  -0.23653E+01  -0.66578E-01  -0.12253E+00  -0.30633E-01   0.14214E+00   0.27754E+00   0.11102E-02   0.29420E+01   0.45928E+00   0.84477E+00   0.22258E+00   0.22836E+00
  1.860  -0.57222E-01  -0.20808E-03  -0.19281E+01  -0.30596E+00  -0.56288E+00  -0.14072E+00   0.14214E+00   0.31843E+00   0.12737E-02   0.11084E+01   0.48496E+00   0.86371E+00   0.25574E+00   0.24767E+00
  1.880  -0.84698E-01  -0.30799E-03  -0.70355E+00  -0.45522E+00  -0.83741E+00  -0.20935E+00   0.14214E+00   0.32107E+00   0.12843E-02  -0.84324E+00   0.48335E+00   0.85631E+00   0.25817E+00   0.25074E+00
  1.900  -0.82708E-01  -0.30076E-03   0.91865E+00  -0.44627E+00  -0.82092E+00  -0.20523E+00   0.14214E+00   0.28594E+00   0.11438E-02  -0.26072E+01   0.42340E+00   0.74451E+00   0.23023E+00   0.25074E+00
  1.920  -0.49992E-01  -0.18179E-03   0.22389E+01  -0.27158E+00  -0.49953E+00  -0.12488E+00   0.14214E+00   0.22037E+00   0.88150E-03  -0.38375E+01   0.31079E+00   0.53453E+00   0.17773E+00   0.25074E+00
  1.940  -0.73978E-03  -0.26901E-05   0.24290E+01  -0.66320E-02  -0.12143E-01  -0.30358E-02   0.14214E+00   0.13738E+00   0.54954E-03  -0.43356E+01   0.16787E+00   0.26807E+00   0.11111E+00   0.25074E+00
  1.960   0.41135E-01   0.14958E-03   0.17156E+01   0.21959E+00   0.40398E+00   0.10100E+00   0.14214E+00   0.51636E-01   0.20655E-03  -0.41336E+01   0.19947E-01  -0.77166E-02   0.42164E-01   0.25074E+00
  1.980   0.66998E-01   0.24363E-03   0.86990E+00   0.35975E+00   0.66180E+00   0.16545E+00   0.14214E+00  -0.24318E-01  -0.97271E-04  -0.33866E+01  -0.11128E+00  -0.25237E+00  -0.18999E-01   0.25074E+00
  2.000   0.75204E-01   0.27347E-03  -0.83496E-01   0.40496E+00   0.74495E+00   0.18624E+00   0.14214E+00  -0.81535E-01  -0.32614E-03  -0.22974E+01  -0.21032E+00  -0.43700E+00  -0.65159E-01   0.25074E+00
  2.020   0.63394E-01   0.23053E-03  -0.10770E+01   0.34247E+00   0.62996E+00   0.15749E+00   0.14214E+00  -0.11554E+00  -0.46217E-03  -0.11067E+01  -0.26938E+00  -0.54709E+00  -0.92682E-01   0.25074E+00
  2.040   0.32566E-01   0.11842E-03  -0.20042E+01   0.17751E+00   0.32649E+00   0.81622E-01   0.14214E+00  -0.12668E+00  -0.50674E-03  -0.47558E-01  -0.28897E+00  -0.58359E+00  -0.10181E+00   0.25074E+00
  2.060  -0.14312E-01  -0.52043E-04  -0.25658E+01  -0.74258E-01  -0.13666E+00  -0.34165E-01   0.14214E+00  -0.11964E+00  -0.47857E-03   0.68641E+00  -0.27708E+00  -0.56143E+00  -0.96266E-01   0.25074E+00
  2.080  -0.64864E-01  -0.23587E-03  -0.23511E+01  -0.34665E+00  -0.63773E+00  -0.15943E+00   0.14214E+00  -0.10197E+00  -0.40788E-03   0.10141E+01  -0.24673E+00  -0.50483E+00  -0.82115E-01   0.25074E+00
  2.100  -0.10437E+00  -0.37952E-03  -0.15399E+01  -0.56021E+00  -0.10306E+01  -0.25765E+00   0.14214E+00  -0.81443E-01  -0.32577E-03   0.98959E+00  -0.21133E+00  -0.43883E+00  -0.65614E-01   0.25074E+00
  2.120  -0.12514E+00  -0.45504E-03  -0.53024E+00  -0.67311E+00  -0.12382E+01  -0.30956E+00   0.14214E+00  -0.63850E-01  -0.25540E-03   0.74607E+00  -0.18091E+00  -0.38211E+00  -0.51436E-01   0.25074E+00
  2.140  -0.12612E+00  -0.45863E-03   0.39862E+00  -0.67944E+00  -0.12499E+01  -0.31247E+00   0.14214E+00  -0.52035E-01  -0.20814E-03   0.43649E+00  -0.16042E+00  -0.34393E+00  -0.41890E-01   0.25074E+00
  2.160  -0.10927E+00  -0.39736E-03   0.13143E+01  -0.58973E+00  -0.10848E+01  -0.27120E+00   0.14214E+00  -0.45919E-01  -0.18367E-03   0.19817E+00  -0.14979E+00  -0.32412E+00  -0.36936E-01   0.25074E+00
  2.180  -0.73896E-01  -0.26871E-03   0.21798E+01  -0.40021E+00  -0.73615E+00  -0.18404E+00   0.14214E+00  -0.42761E-01  -0.17105E-03   0.15976E+00  -0.14434E+00  -0.31394E+00  -0.34393E-01   0.25074E+00
  2.200  -0.24902E-01  -0.90553E-04   0.26249E+01  -0.13693E+00  -0.25182E+00  -0.62955E-01   0.14214E+00  -0.37656E-01  -0.15062E-03   0.39870E+00  -0.13562E+00  -0.29768E+00  -0.30328E-01   0.25074E+00
  2.220   0.28177E-01   0.10246E-03   0.26332E+01   0.14883E+00   0.27384E+00   0.68461E-01   0.14214E+00  -0.25035E-01  -0.10014E-03   0.90254E+00  -0.11403E+00  -0.25743E+00  -0.20265E-01   0.25074E+00
  2.240   0.77231E-01   0.28084E-03   0.21654E+01   0.41343E+00   0.76058E+00   0.19014E+00   0.14214E+00  -0.33354E-03  -0.13341E-05   0.15863E+01  -0.71684E-01  -0.17846E+00  -0.52245E-03   0.25074E+00
  2.260   0.11137E+00   0.40499E-03   0.11860E+01   0.59831E+00   0.11006E+01   0.27516E+00   0.14214E+00   0.38544E-01   0.15418E-03   0.22879E+01  -0.48974E-02  -0.53933E-01   0.30610E-01   0.25074E+00
  2.280   0.12382E+00   0.45026E-03   0.78152E-01   0.66653E+00   0.12261E+01   0.30653E+00   0.14214E+00   0.89958E-01   0.35983E-03   0.28075E+01   0.83568E-01   0.11101E+00   0.71847E-01   0.25074E+00
  2.300   0.11603E+00   0.42193E-03  -0.80200E+00   0.62555E+00   0.11507E+01   0.28768E+00   0.14214E+00   0.14852E+00   0.59409E-03   0.29815E+01   0.18448E+00   0.29917E+00   0.11889E+00   0.25074E+00
  2.320   0.94893E-01   0.34507E-03  -0.12125E+01   0.51220E+00   0.94219E+00   0.23555E+00   0.14214E+00   0.20635E+00   0.82539E-03   0.27291E+01   0.28428E+00   0.48522E+00   0.16540E+00   0.25074E+00
  2.340   0.70550E-01   0.25655E-03  -0.11715E+01   0.38110E+00   0.70103E+00   0.17526E+00   0.14214E+00   0.25501E+00   0.10200E-02   0.20769E+01   0.36841E+00   0.64206E+00   0.20461E+00   0.25074E+00
  2.360   0.48244E-01   0.17543E-03  -0.10979E+01   0.26093E+00   0.47997E+00   0.11999E+00   0.14214E+00   0.28742E+00   0.11497E-02   0.11236E+01   0.42463E+00   0.74687E+00   0.23081E+00   0.25074E+00
  2.380   0.25722E-01   0.93535E-04  -0.11614E+01   0.13975E+00   0.25704E+00   0.64261E-01   0.14214E+00   0.29866E+00   0.11946E-02  -0.23151E-01   0.44441E+00   0.78373E+00   0.24003E+00   0.25074E+00
  2.400   0.24288E-02   0.88319E-05  -0.11299E+01   0.14308E-01   0.26293E-01   0.65733E-02   0.14214E+00   0.28596E+00   0.11438E-02  -0.12490E+01   0.42295E+00   0.74370E+00   0.23002E+00   0.25074E+00
  2.420  -0.18537E-01  -0.67409E-04  -0.95801E+00  -0.98756E-01  -0.18169E+00  -0.45423E-01   0.14214E+00   0.24908E+00   0.99630E-03  -0.24179E+01   0.35977E+00   0.62589E+00   0.20057E+00   0.25074E+00
  2.440  -0.35848E-01  -0.13035E-03  -0.77906E+00  -0.19214E+00  -0.35348E+00  -0.88370E-01   0.14214E+00   0.19052E+00   0.76207E-03  -0.33964E+01   0.25915E+00   0.43827E+00   0.15366E+00   0.25074E+00
  2.460  -0.48406E-01  -0.17602E-03  -0.40753E+00  -0.26016E+00  -0.47859E+00  -0.11965E+00   0.14214E+00   0.11523E+00   0.46092E-03  -0.40725E+01   0.12958E+00   0.19668E+00   0.93264E-01   0.25074E+00
  2.480  -0.50402E-01  -0.18328E-03   0.22622E+00  -0.27160E+00  -0.49961E+00  -0.12490E+00   0.14214E+00   0.30387E-01   0.12155E-03  -0.43343E+01  -0.16622E-01  -0.75900E-01   0.25118E-01   0.25074E+00
  2.500  -0.41320E-01  -0.15026E-03   0.56931E+00  -0.22308E+00  -0.41035E+00  -0.10259E+00   0.14214E+00  -0.54842E-01  -0.21937E-03  -0.41062E+01  -0.16366E+00  -0.35003E+00  -0.43416E-01   0.25074E+00
  2.520  -0.33118E-01  -0.12043E-03   0.93651E-01  -0.17841E+00  -0.32819E+00  -0.82048E-01   0.14214E+00  -0.13087E+00  -0.52347E-03  -0.34344E+01  -0.29498E+00  -0.59487E+00  -0.10462E+00   0.25074E+00
  2.540  -0.40202E-01  -0.14619E-03  -0.77711E+00  -0.21560E+00  -0.39662E+00  -0.99156E-01   0.14214E+00  -0.19047E+00  -0.76186E-03  -0.24991E+01  -0.39807E+00  -0.78705E+00  -0.15267E+00   0.25074E+00
  2.560  -0.59832E-01  -0.21757E-03  -0.99573E+00  -0.32104E+00  -0.59059E+00  -0.14765E+00   0.14214E+00  -0.23067E+00  -0.92267E-03  -0.15383E+01  -0.43031E+00  -0.82337E+00  -0.18514E+00   0.25074E+00
  2.580  -0.74765E-01  -0.27187E-03  -0.42619E+00  -0.40205E+00  -0.73960E+00  -0.18490E+00   0.14214E+00  -0.25260E+00  -0.10104E-02  -0.66482E+00  -0.44407E+00  -0.83352E+00  -0.20290E+00   0.25383E+00
  2.600  -0.77308E-01  -0.28112E-03   0.81890E-01  -0.41629E+00  -0.76579E+00  -0.19145E+00   0.14214E+00  -0.25747E+00  -0.10299E-02   0.17466E+00  -0.44687E+00  -0.83497E+00  -0.20695E+00   0.25617E+00
  2.620  -0.74468E-01  -0.27079E-03   0.14510E+00  -0.40108E+00  -0.73780E+00  -0.18445E+00   0.14214E+00  -0.24587E+00  -0.98347E-03   0.97271E+00  -0.42714E+00  -0.79819E+00  -0.19776E+00   0.25617E+00
  2.640  -0.71294E-01  -0.25925E-03   0.23764E+00  -0.38408E+00  -0.70654E+00  -0.17664E+00   0.14214E+00  -0.21934E+00  -0.87738E-03   0.16556E+01  -0.38166E+00  -0.71336E+00  -0.17655E+00   0.25617E+00
  2.660  -0.62779E-01  -0.22829E-03   0.65649E+00  -0.33870E+00  -0.62304E+00  -0.15576E+00   0.14214E+00  -0.18064E+00  -0.72255E-03   0.21909E+01  -0.31511E+00  -0.58928E+00  -0.14553E+00   0.25617E+00
  2.680  -0.46803E-01  -0.17019E-03   0.81350E+00  -0.25286E+00  -0.46513E+00  -0.11628E+00   0.14214E+00  -0.13264E+00  -0.53057E-03   0.25831E+01  -0.23249E+00  -0.43524E+00  -0.10702E+00   0.25617E+00
  2.700  -0.34609E-01  -0.12585E-03   0.31675E+00  -0.18668E+00  -0.34340E+00  -0.85849E-01   0.14214E+00  -0.78589E-01  -0.31436E-03   0.27829E+01  -0.13936E+00  -0.26160E+00  -0.63609E-01   0.25617E+00
  2.720  -0.32629E-01  -0.11865E-03   0.40572E-01  -0.17571E+00  -0.32322E+00  -0.80806E-01   0.14214E+00  -0.23168E-01  -0.92672E-04   0.27123E+01  -0.43775E-01  -0.83393E-01  -0.19056E-01   0.25617E+00
  2.740  -0.25662E-01  -0.93318E-04   0.85766E+00  -0.13909E+00  -0.25584E+00  -0.63960E-01   0.14214E+00   0.28332E-01   0.11333E-03   0.24119E+01   0.45129E-01   0.82357E-01   0.22382E-01   0.25617E+00
  2.760   0.57057E-02   0.20748E-04   0.22795E+01   0.28242E-01   0.52006E-01   0.13002E-01   0.14214E+00   0.73031E-01   0.29212E-03   0.20694E+01   0.12232E+00   0.22627E+00   0.58361E-01   0.25617E+00
  2.780   0.60626E-01   0.22046E-03   0.29743E+01   0.32316E+00   0.59453E+00   0.14863E+00   0.14214E+00   0.11212E+00   0.44847E-03   0.18710E+01   0.18979E+00   0.35205E+00   0.89806E-01   0.25617E+00
  2.800   0.11651E+00   0.42366E-03   0.24474E+01   0.62457E+00   0.11490E+01   0.28725E+00   0.14214E+00   0.14901E+00   0.59606E-03   0.18398E+01   0.25342E+00   0.47069E+00   0.11947E+00   0.25617E+00
  2.820   0.15660E+00   0.56944E-03   0.16294E+01   0.84130E+00   0.15476E+01   0.38691E+00   0.14214E+00   0.18610E+00   0.74439E-03   0.18695E+01   0.31735E+00   0.58988E+00   0.14926E+00   0.25617E+00
  2.840   0.18329E+00   0.66652E-03   0.10527E+01   0.98565E+00   0.18132E+01   0.45330E+00   0.14214E+00   0.22360E+00   0.89440E-03   0.18706E+01   0.38201E+00   0.71044E+00   0.17940E+00   0.25617E+00
  2.860   0.19694E+00   0.71614E-03   0.21386E+00   0.10600E+01   0.19500E+01   0.48750E+00   0.14214E+00   0.26028E+00   0.10411E-02   0.17726E+01   0.44528E+00   0.82840E+00   0.20890E+00   0.25617E+00
  2.880   0.18886E+00   0.68676E-03  -0.10735E+01   0.10179E+01   0.18725E+01   0.46813E+00   0.14214E+00   0.29339E+00   0.11736E-02   0.15096E+01   0.46933E+00   0.85218E+00   0.23555E+00   0.27097E+00
  2.900   0.15496E+00   0.56348E-03  -0.22203E+01   0.83666E+00   0.15390E+01   0.38476E+00   0.14214E+00   0.31903E+00   0.12761E-02   0.10052E+01   0.48535E+00   0.86400E+00   0.25624E+00   0.28322E+00
  2.920   0.10618E+00   0.38613E-03  -0.24520E+01   0.57435E+00   0.10565E+01   0.26412E+00   0.14214E+00   0.33151E+00   0.13261E-02   0.19413E+00   0.49322E+00   0.86981E+00   0.26640E+00   0.28933E+00
  2.940   0.62044E-01   0.22561E-03  -0.19104E+01   0.33611E+00   0.61825E+00   0.15456E+00   0.14214E+00   0.32524E+00   0.13010E-02  -0.84710E+00   0.48264E+00   0.84997E+00   0.26153E+00   0.28952E+00
  2.960   0.26719E-01   0.97160E-04  -0.18206E+01   0.14583E+00   0.26822E+00   0.67055E-01   0.14214E+00   0.29720E+00   0.11888E-02  -0.19583E+01   0.43469E+00   0.76055E+00   0.23917E+00   0.28952E+00
  2.980  -0.16962E-01  -0.61679E-04  -0.26555E+01  -0.88431E-01  -0.16274E+00  -0.40684E-01   0.14214E+00   0.24691E+00   0.98763E-03  -0.30720E+01   0.34836E+00   0.59958E+00   0.19893E+00   0.28952E+00
  3.000  -0.78310E-01  -0.28477E-03  -0.33167E+01  -0.41799E+00  -0.76900E+00  -0.19225E+00   0.14214E+00   0.17423E+00   0.69694E-03  -0.41938E+01   0.22345E+00   0.36668E+00   0.14070E+00   0.28952E+00
  3.020  -0.14340E+00  -0.52145E-03  -0.30466E+01  -0.76870E+00  -0.14141E+01  -0.35354E+00   0.14214E+00   0.79613E-01   0.31845E-03  -0.52436E+01   0.60675E-01   0.63178E-01   0.64827E-01   0.28952E+00
  3.040  -0.19891E+00  -0.72331E-03  -0.25839E+01  -0.10681E+01  -0.19648E+01  -0.49121E+00   0.14214E+00  -0.33930E-01  -0.13572E-03  -0.60601E+01  -0.13481E+00  -0.30131E+00  -0.26296E-01   0.28952E+00
  3.060  -0.25145E+00  -0.91435E-03  -0.28207E+01  -0.13507E+01  -0.24847E+01  -0.62117E+00   0.17019E+00  -0.16057E+00  -0.64230E-03  -0.65493E+01  -0.35300E+00  -0.70812E+00  -0.12800E+00   0.28952E+00
  3.080  -0.31344E+00  -0.11398E-02  -0.33163E+01  -0.15945E+01  -0.28742E+01  -0.77441E+00   0.26322E+00  -0.29453E+00  -0.11781E-02  -0.68469E+01  -0.46933E+00  -0.85221E+00  -0.23561E+00   0.31237E+00
  3.100  -0.37845E+00  -0.13762E-02  -0.29555E+01  -0.17239E+01  -0.29663E+01  -0.93556E+00   0.37118E+00  -0.43390E+00  -0.17356E-02  -0.70672E+01  -0.55600E+00  -0.91620E+00  -0.34759E+00   0.38395E+00
  3.120  -0.42476E+00  -0.15446E-02  -0.15600E+01  -0.18166E+01  -0.30322E+01  -0.10509E+01   0.45320E+00  -0.57595E+00  -0.23038E-02  -0.70979E+01  -0.64436E+00  -0.98143E+00  -0.46174E+00   0.46934E+00
  3.140  -0.44053E+00  -0.16019E-02  -0.11261E+00  -0.18485E+01  -0.30550E+01  -0.10907E+01   0.48210E+00  -0.71597E+00  -0.28639E-02  -0.68557E+01  -0.73149E+00  -0.10458E+01  -0.57432E+00   0.56579E+00
  3.160  -0.43343E+00  -0.15761E-02   0.70781E+00  -0.18128E+01  -0.29904E+01  -0.10735E+01   0.48231E+00  -0.84822E+00  -0.33929E-02  -0.63180E+01  -0.81383E+00  -0.11065E+01  -0.68069E+00   0.66809E+00
  3.180  -0.41437E+00  -0.15068E-02   0.12056E+01  -0.17107E+01  -0.28025E+01  -0.10265E+01   0.48231E+00  -0.96662E+00  -0.38665E-02  -0.54688E+01  -0.88759E+00  -0.11610E+01  -0.77598E+00   0.76890E+00
  3.200  -0.38482E+00  -0.13993E-02   0.17621E+01  -0.15522E+01  -0.25110E+01  -0.95365E+00   0.48231E+00  -0.10648E+01  -0.42592E-02  -0.42949E+01  -0.94883E+00  -0.12062E+01  -0.85508E+00   0.85913E+00
  3.220  -0.34564E+00  -0.12569E-02   0.20576E+01  -0.13416E+01  -0.21236E+01  -0.85680E+00   0.48231E+00  -0.11362E+01  -0.45448E-02  -0.27938E+01  -0.99344E+00  -0.12391E+01  -0.91271E+00   0.92850E+00
  3.240  -0.30801E+00  -0.11200E-02   0.15326E+01  -0.11385E+01  -0.17499E+01  -0.76338E+00   0.48231E+00  -0.11748E+01  -0.46993E-02  -0.10378E+01  -0.10177E+01  -0.12570E+01  -0.94403E+00   0.96735E+00
  3.260  -0.29165E+00  -0.10606E-02  -0.85071E-01  -0.10487E+01  -0.15847E+01  -0.72208E+00   0.48231E+00  -0.11773E+01  -0.47092E-02   0.77638E+00  -0.10172E+01  -0.12526E+01  -0.94631E+00   0.97333E+00
  3.280  -0.31789E+00  -0.11559E-02  -0.26701E+01  -0.11871E+01  -0.18394E+01  -0.78575E+00   0.48231E+00  -0.11458E+01  -0.45832E-02   0.22814E+01  -0.96343E+00  -0.11524E+01  -0.92124E+00   0.97333E+00
  3.300  -0.40091E+00  -0.14578E-02  -0.56244E+01  -0.16308E+01  -0.26557E+01  -0.98984E+00   0.48231E+00  -0.10913E+01  -0.43650E-02   0.30090E+01  -0.86962E+00  -0.97744E+00  -0.87751E+00   0.97333E+00
  3.320  -0.54104E+00  -0.19674E-02  -0.83508E+01  -0.20450E+01  -0.31948E+01  -0.13355E+01   0.67795E+00  -0.10326E+01  -0.41305E-02   0.27096E+01  -0.76841E+00  -0.78874E+00  -0.83034E+00   0.97333E+00
  3.340  -0.73441E+00  -0.26706E-02  -0.10982E+02  -0.24283E+01  -0.34677E+01  -0.18129E+01   0.11112E+01  -0.98802E+00  -0.39521E-02   0.16226E+01  -0.69114E+00  -0.64469E+00  -0.79433E+00   0.97333E+00
  3.360  -0.97995E+00  -0.35635E-02  -0.13560E+02  -0.29155E+01  -0.38144E+01  -0.24196E+01   0.17685E+01  -0.97260E+00  -0.38904E-02  -0.19548E+00  -0.66390E+00  -0.59395E+00  -0.78164E+00   0.97333E+00
  3.380  -0.12757E+01  -0.46390E-02  -0.15977E+02  -0.35025E+01  -0.42321E+01  -0.31507E+01   0.27195E+01  -0.10000E+01  -0.40001E-02  -0.26378E+01  -0.71032E+00  -0.68053E+00  -0.80328E+00   0.97333E+00
  3.400  -0.16178E+01  -0.58828E-02  -0.18204E+02  -0.41817E+01  -0.47154E+01  -0.39965E+01   0.40360E+01  -0.10811E+01  -0.43245E-02  -0.55295E+01  -0.84912E+00  -0.93937E+00  -0.86800E+00   0.97333E+00
  3.420  -0.20004E+01  -0.72741E-02  -0.19901E+02  -0.49417E+01  -0.52563E+01  -0.49429E+01   0.57843E+01  -0.12228E+01  -0.48910E-02  -0.86641E+01  -0.10465E+01  -0.12783E+01  -0.98132E+00   0.10168E+01
  3.440  -0.24009E+01  -0.87305E-02  -0.19701E+02  -0.55395E+01  -0.57175E+01  -0.56740E+01   0.79149E+01  -0.14301E+01  -0.57204E-02  -0.12101E+02  -0.11750E+01  -0.13732E+01  -0.11474E+01   0.12474E+01
  3.460  -0.27726E+01  -0.10082E-01  -0.17064E+02  -0.55774E+01  -0.58711E+01  -0.56740E+01   0.99812E+01  -0.17036E+01  -0.68143E-02  -0.15118E+02  -0.13447E+01  -0.14986E+01  -0.13667E+01   0.15925E+01
  3.480  -0.30694E+01  -0.11161E-01  -0.12314E+02  -0.56077E+01  -0.59939E+01  -0.56740E+01   0.11641E+02  -0.20291E+01  -0.81163E-02  -0.17275E+02  -0.15469E+01  -0.16478E+01  -0.16280E+01   0.20638E+01
  3.500  -0.32525E+01  -0.11827E-01  -0.56566E+01  -0.56266E+01  -0.60701E+01  -0.56740E+01   0.12670E+02  -0.23890E+01  -0.95562E-02  -0.18639E+02  -0.15857E+01  -0.17148E+01  -0.16744E+01   0.26332E+01
  3.520  -0.32792E+01  -0.11924E-01   0.34504E+01  -0.55745E+01  -0.59795E+01  -0.56505E+01   0.12886E+02  -0.27712E+01  -0.11085E-01  -0.19468E+02  -0.15895E+01  -0.17660E+01  -0.16744E+01   0.32399E+01
  3.540  -0.31020E+01  -0.11280E-01   0.14406E+02  -0.46323E+01  -0.42459E+01  -0.52171E+01   0.12886E+02  -0.31604E+01  -0.12642E-01  -0.19174E+02  -0.15932E+01  -0.18181E+01  -0.16744E+01   0.38594E+01
  3.560  -0.27076E+01  -0.98457E-02   0.24688E+02  -0.25384E+01  -0.40607E+00  -0.42456E+01   0.12886E+02  -0.35225E+01  -0.14090E-01  -0.16549E+02  -0.15968E+01  -0.18667E+01  -0.16744E+01   0.44370E+01
  3.580  -0.21270E+01  -0.77345E-02   0.33109E+02  -0.13876E+01   0.41297E+00  -0.28123E+01   0.12886E+02  -0.38073E+01  -0.15229E-01  -0.11675E+02  -0.15996E+01  -0.19050E+01  -0.16744E+01   0.48923E+01
  3.600  -0.13945E+01  -0.50708E-02   0.39842E+02   0.66025E-01   0.14474E+01  -0.10020E+01   0.12886E+02  -0.39785E+01  -0.15914E-01  -0.51497E+01  -0.16013E+01  -0.19281E+01  -0.16744E+01   0.51662E+01
  3.620  -0.54385E+00  -0.19776E-02   0.45088E+02   0.10942E+01   0.26494E+01   0.00000E+00   0.12886E+02  -0.40022E+01  -0.16009E-01   0.29427E+01  -0.15888E+01  -0.19065E+01  -0.16695E+01   0.52208E+01
  3.640   0.40961E+00   0.14895E-02   0.50257E+02   0.21750E+01   0.39969E+01   0.10036E+01   0.12886E+02  -0.38592E+01  -0.15437E-01   0.11415E+02  -0.13452E+01  -0.14522E+01  -0.15560E+01   0.52208E+01
  3.660   0.14609E+01   0.53124E-02   0.54717E+02   0.42008E+01   0.53267E+01   0.36044E+01   0.14352E+02  -0.35403E+01  -0.14161E-01   0.20563E+02  -0.79858E+00  -0.43295E+00  -0.13011E+01   0.52208E+01
  3.680   0.25861E+01   0.94039E-02   0.57342E+02   0.55571E+01   0.57908E+01   0.56740E+01   0.20037E+02  -0.30348E+01  -0.12139E-01   0.30061E+02  -0.42571E+00  -0.52533E-01  -0.89634E+00   0.52208E+01
  3.700   0.37361E+01   0.13586E-01   0.57066E+02   0.56741E+01   0.62654E+01   0.56740E+01   0.26497E+02  -0.23444E+01  -0.93774E-02   0.38717E+02   0.26011E-02   0.26374E+00  -0.34287E+00   0.52208E+01
  3.720   0.48452E+01   0.17619E-01   0.53237E+02   0.57871E+01   0.67234E+01   0.56740E+01   0.32855E+02  -0.14975E+01  -0.59900E-02   0.45736E+02   0.32649E+00   0.65202E+00   0.00000E+00   0.52208E+01
  3.740   0.58459E+01   0.21258E-01   0.46475E+02   0.58892E+01   0.71369E+01   0.56740E+01   0.38699E+02  -0.52148E+00  -0.20859E-02   0.51702E+02   0.46276E+00   0.10997E+01   0.00000E+00   0.52208E+01
  3.760   0.66951E+01   0.24346E-01   0.38368E+02   0.59759E+01   0.74880E+01   0.56740E+01   0.43738E+02   0.56299E+00   0.22520E-02   0.56453E+02   0.83300E+00   0.14692E+01   0.45003E+00   0.54443E+01
  3.780   0.73788E+01   0.26832E-01   0.29958E+02   0.60457E+01   0.77708E+01   0.56740E+01   0.47848E+02   0.17221E+01   0.68885E-02   0.59091E+02   0.14029E+01   0.16244E+01   0.13812E+01   0.67474E+01
  3.800   0.78927E+01   0.28701E-01   0.21398E+02   0.60983E+01   0.79836E+01   0.56740E+01   0.50969E+02   0.29138E+01   0.11655E-01   0.59934E+02   0.15904E+01   0.17840E+01   0.16744E+01   0.86065E+01
  3.820   0.82351E+01   0.29946E-01   0.12913E+02   0.61334E+01   0.81255E+01   0.56740E+01   0.53063E+02   0.41158E+01   0.16463E-01   0.60180E+02   0.16021E+01   0.19450E+01   0.16744E+01   0.10526E+02
  3.840   0.84125E+01   0.30591E-01   0.49075E+01   0.61518E+01   0.81994E+01   0.56740E+01   0.54153E+02   0.53178E+01   0.21271E-01   0.59931E+02   0.16138E+01   0.21060E+01   0.16744E+01   0.12459E+02
  3.860   0.84348E+01   0.30672E-01  -0.25861E+01   0.61338E+01   0.81508E+01   0.56789E+01   0.54346E+02   0.65100E+01   0.26040E-01   0.59223E+02   0.16254E+01   0.22657E+01   0.16744E+01   0.14391E+02
  3.880   0.83159E+01   0.30240E-01  -0.90342E+01   0.55008E+01   0.69862E+01   0.53877E+01   0.54346E+02   0.76819E+01   0.30728E-01   0.57787E+02   0.16368E+01   0.24227E+01   0.16744E+01   0.16303E+02
  3.900   0.80876E+01   0.29410E-01  -0.13369E+02   0.42764E+01   0.47338E+01   0.48246E+01   0.54346E+02   0.88126E+01   0.35250E-01   0.55038E+02   0.16227E+01   0.25115E+01   0.16744E+01   0.18155E+02
  3.920   0.77998E+01   0.28363E-01  -0.14932E+02   0.29521E+01   0.24450E+01   0.41129E+01   0.54346E+02   0.98736E+01   0.39494E-01   0.50835E+02   0.15762E+01   0.25115E+01   0.16744E+01   0.19852E+02
  3.940   0.75028E+01   0.27283E-01  -0.14553E+02   0.23613E+01   0.20246E+01   0.33772E+01   0.54346E+02   0.10842E+02   0.43369E-01   0.45976E+02   0.15337E+01   0.25115E+01   0.16744E+01   0.21358E+02
  3.960   0.72219E+01   0.26261E-01  -0.13549E+02   0.18024E+01   0.16269E+01   0.26812E+01   0.54346E+02   0.11711E+02   0.46844E-01   0.40883E+02   0.14956E+01   0.25115E+01   0.16744E+01   0.22674E+02
  3.980   0.69588E+01   0.25305E-01  -0.12845E+02   0.12791E+01   0.12545E+01   0.20296E+01   0.54346E+02   0.12476E+02   0.49905E-01   0.35600E+02   0.14620E+01   0.25115E+01   0.16744E+01   0.23805E+02
  4.000   0.67053E+01   0.24383E-01  -0.12551E+02   0.77498E+00   0.89577E+00   0.14018E+01   0.54346E+02   0.13134E+02   0.52535E-01   0.30129E+02   0.14332E+01   0.25115E+01   0.16744E+01   0.24757E+02
  4.020   0.64548E+01   0.23472E-01  -0.12554E+02   0.27688E+00   0.54131E+00   0.78147E+00   0.54346E+02   0.13680E+02   0.54720E-01   0.24460E+02   0.14092E+01   0.25115E+01   0.16744E+01   0.25533E+02
  4.040   0.62016E+01   0.22551E-01  -0.12794E+02  -0.22645E+00   0.18314E+00   0.15466E+00   0.54346E+02   0.14111E+02   0.56443E-01   0.18572E+02   0.13903E+01   0.25115E+01   0.16744E+01   0.26136E+02
  4.060   0.59417E+01   0.21606E-01  -0.13265E+02  -0.44984E+00  -0.18445E+00   0.00000E+00   0.54346E+02   0.14422E+02   0.57688E-01   0.12564E+02   0.13767E+01   0.25115E+01   0.16744E+01   0.26567E+02
  4.080   0.56683E+01   0.20612E-01  -0.14132E+02  -0.58716E+00  -0.57102E+00   0.00000E+00   0.54346E+02   0.14614E+02   0.58457E-01   0.66846E+01   0.13682E+01   0.25115E+01   0.16744E+01   0.26831E+02
  4.100   0.53744E+01   0.19543E-01  -0.15296E+02  -0.73473E+00  -0.98645E+00   0.00000E+00   0.54346E+02   0.14690E+02   0.58760E-01   0.89279E+00   0.13649E+01   0.25115E+01   0.16744E+01   0.26934E+02
  4.120   0.50540E+01   0.18378E-01  -0.16839E+02  -0.89562E+00  -0.14394E+01   0.00000E+00   0.54346E+02   0.14650E+02   0.58601E-01  -0.48223E+01   0.13045E+01   0.23916E+01   0.16507E+01   0.26936E+02
  4.140   0.46950E+01   0.17073E-01  -0.19262E+02  -0.10758E+01  -0.19466E+01   0.00000E+00   0.54346E+02   0.14500E+02   0.58000E-01  -0.10090E+02   0.10473E+01   0.19120E+01   0.15308E+01   0.26936E+02
  4.160   0.42743E+01   0.15543E-01  -0.23061E+02  -0.12868E+01  -0.25407E+01   0.00000E+00   0.54346E+02   0.14252E+02   0.57010E-01  -0.14509E+02   0.62184E+00   0.11187E+01   0.13325E+01   0.26936E+02
  4.180   0.37636E+01   0.13686E-01  -0.28174E+02  -0.15074E+01  -0.31730E+01   0.00000E+00   0.54346E+02   0.13926E+02   0.55703E-01  -0.18084E+02   0.32379E+00   0.73060E+00   0.10706E+01   0.26936E+02
  4.200   0.31428E+01   0.11428E-01  -0.33971E+02  -0.15704E+01  -0.34287E+01   0.00000E+00   0.54346E+02   0.13532E+02   0.54126E-01  -0.21270E+02   0.78941E-01   0.54981E+00   0.75420E+00   0.26936E+02
  4.220   0.24040E+01   0.87418E-02  -0.39885E+02  -0.16454E+01  -0.37330E+01   0.00000E+00   0.54346E+02   0.13078E+02   0.52313E-01  -0.23968E+02  -0.20264E+00   0.34190E+00   0.39036E+00   0.26936E+02
  4.240   0.15484E+01   0.56307E-02  -0.45642E+02  -0.17322E+01  -0.40856E+01   0.00000E+00   0.55167E+02   0.12576E+02   0.50306E-01  -0.26118E+02  -0.50696E+00   0.11164E+00   0.00000E+00   0.26936E+02
  4.260   0.57966E+00   0.21078E-02  -0.51203E+02  -0.18307E+01  -0.44849E+01   0.00000E+00   0.56895E+02   0.12035E+02   0.48139E-01  -0.28069E+02  -0.58263E+00  -0.13695E+00   0.00000E+00   0.26936E+02
  4.280  -0.49821E+00  -0.18117E-02  -0.56544E+02  -0.19402E+01  -0.49293E+01   0.00000E+00   0.58929E+02   0.11453E+02   0.45812E-01  -0.30134E+02  -0.66392E+00  -0.40398E+00   0.00000E+00   0.27149E+02
  4.300  -0.16759E+01  -0.60941E-02  -0.60818E+02  -0.30572E+01  -0.54149E+01  -0.16621E+01   0.61633E+02   0.10828E+02   0.43311E-01  -0.32595E+02  -0.75127E+00  -0.69090E+00   0.00000E+00   0.27592E+02
  4.320  -0.29053E+01  -0.10565E-01  -0.61345E+02  -0.50084E+01  -0.59222E+01  -0.47057E+01   0.66616E+02   0.10137E+02   0.40547E-01  -0.36802E+02  -0.79967E+00  -0.88765E+00   0.00000E+00   0.28136E+02
  4.340  -0.40985E+01  -0.14904E-01  -0.57355E+02  -0.57110E+01  -0.64149E+01  -0.56740E+01   0.73254E+02   0.93459E+01   0.37384E-01  -0.42305E+02  -0.80730E+00  -0.99345E+00   0.00000E+00   0.28772E+02
  4.360  -0.51779E+01  -0.18829E-01  -0.50059E+02  -0.58211E+01  -0.68609E+01  -0.56740E+01   0.79480E+02   0.84478E+01   0.33791E-01  -0.47406E+02  -0.81597E+00  -0.11136E+01   0.00000E+00   0.29501E+02
  4.380  -0.60829E+01  -0.22120E-01  -0.40055E+02  -0.59135E+01  -0.72352E+01  -0.56740E+01   0.84791E+02   0.74541E+01   0.29817E-01  -0.51834E+02  -0.82558E+00  -0.12466E+01   0.00000E+00   0.30317E+02
  4.400  -0.67690E+01  -0.24615E-01  -0.28385E+02  -0.59837E+01  -0.75193E+01  -0.56740E+01   0.88873E+02   0.63797E+01   0.25519E-01  -0.55470E+02  -0.83598E+00  -0.13904E+01   0.00000E+00   0.31210E+02
  4.420  -0.72137E+01  -0.26232E-01  -0.16032E+02  -0.60294E+01  -0.77038E+01  -0.56740E+01   0.91545E+02   0.52410E+01   0.20964E-01  -0.58257E+02  -0.84702E+00  -0.15429E+01   0.00000E+00   0.32169E+02
  4.440  -0.74085E+01  -0.26940E-01  -0.34077E+01  -0.60496E+01  -0.77852E+01  -0.56740E+01   0.92721E+02   0.40552E+01   0.16221E-01  -0.60185E+02  -0.85852E+00  -0.17016E+01   0.00000E+00   0.33181E+02
  4.460  -0.73490E+01  -0.26724E-01   0.93301E+01  -0.57012E+01  -0.71406E+01  -0.55168E+01   0.92776E+02   0.28397E+01   0.11359E-01  -0.61161E+02  -0.87032E+00  -0.18644E+01   0.00000E+00   0.34233E+02
  4.480  -0.70400E+01  -0.25600E-01   0.21362E+02  -0.40509E+01  -0.41046E+01  -0.47578E+01   0.92776E+02   0.16215E+01   0.64860E-02  -0.60226E+02  -0.88217E+00  -0.20276E+01   0.00000E+00   0.35301E+02
  4.500  -0.65046E+01  -0.23653E-01   0.32043E+02  -0.23088E+01  -0.16451E+01  -0.34374E+01   0.92776E+02   0.45037E+00   0.18015E-02  -0.56491E+02  -0.89359E+00  -0.21846E+01   0.00000E+00   0.36342E+02
  4.520  -0.57609E+01  -0.20949E-01   0.42241E+02  -0.83435E+00  -0.59577E+00  -0.16011E+01   0.92776E+02  -0.62537E+00  -0.25015E-02  -0.50747E+02  -0.90411E+00  -0.23289E+01   0.00000E+00   0.37309E+02
  4.540  -0.48193E+01  -0.17525E-01   0.51839E+02   0.59849E+00   0.73369E+00   0.00000E+00   0.92776E+02  -0.15652E+01  -0.62608E-02  -0.42911E+02  -0.91333E+00  -0.24549E+01   0.00000E+00   0.38164E+02
  4.560  -0.36863E+01  -0.13405E-01   0.61482E+02   0.11669E+01   0.23340E+01   0.00000E+00   0.92776E+02  -0.23350E+01  -0.93401E-02  -0.33950E+02  -0.90220E+00  -0.25115E+01   0.00000E+00   0.38867E+02
  4.580  -0.23637E+01  -0.85953E-02   0.70599E+02   0.16485E+01   0.37471E+01   0.00000E+00   0.92776E+02  -0.29185E+01  -0.11674E-01  -0.24301E+02  -0.87660E+00  -0.25115E+01   0.00000E+00   0.39386E+02
  4.600  -0.87359E+00  -0.31767E-02   0.77989E+02   0.17999E+01   0.43614E+01   0.00000E+00   0.93706E+02  -0.33057E+01  -0.13223E-01  -0.14415E+02  -0.85962E+00  -0.25115E+01   0.00000E+00   0.39722E+02
  4.620   0.73439E+00   0.26705E-02   0.82162E+02   0.19634E+01   0.50246E+01   0.00000E+00   0.96736E+02  -0.34951E+01  -0.13980E-01  -0.45316E+01  -0.85132E+00  -0.25115E+01   0.00000E+00   0.39884E+02
  4.640   0.23882E+01   0.86843E-02   0.82631E+02   0.21317E+01   0.57070E+01   0.00000E+00   0.10013E+03  -0.34882E+01  -0.13953E-01   0.51593E+01  -0.82059E+00  -0.24340E+01   0.00000E+00   0.39902E+02
  4.660   0.40201E+01   0.14619E-01   0.80175E+02   0.22978E+01   0.63807E+01   0.00000E+00   0.10375E+03  -0.32935E+01  -0.13174E-01   0.14127E+02  -0.58105E+00  -0.18138E+01   0.00000E+00   0.39902E+02
  4.680   0.55825E+01   0.20300E-01   0.75803E+02   0.24570E+01   0.70257E+01   0.00000E+00   0.10746E+03  -0.29329E+01  -0.11732E-01   0.21654E+02  -0.19609E+00  -0.81181E+00   0.00000E+00   0.39902E+02
  4.700   0.70409E+01   0.25603E-01   0.69570E+02   0.39377E+01   0.76281E+01   0.22201E+01   0.11177E+03  -0.24323E+01  -0.97290E-02   0.28564E+02  -0.12633E+00  -0.58253E+00   0.00000E+00   0.39902E+02
  4.720   0.83458E+01   0.30348E-01   0.60531E+02   0.60121E+01   0.81673E+01   0.54556E+01   0.11829E+03  -0.17813E+01  -0.71252E-02   0.36718E+02  -0.35603E-01  -0.28433E+00   0.00000E+00   0.39902E+02
  4.740   0.94529E+01   0.34374E-01   0.50148E+02   0.62106E+01   0.85110E+01   0.56740E+01   0.12515E+03  -0.96322E+00  -0.38529E-02   0.44883E+02   0.78499E-01   0.90629E-01   0.00000E+00   0.39902E+02
  4.760   0.10350E+02   0.37635E-01   0.39431E+02   0.61538E+01   0.85110E+01   0.56740E+01   0.13069E+03   0.46919E-02   0.18768E-04   0.51668E+02   0.21360E+00   0.53452E+00   0.00000E+00   0.39902E+02
  4.780   0.11026E+02   0.40096E-01   0.28151E+02   0.61110E+01   0.85110E+01   0.56740E+01   0.13484E+03   0.10940E+01   0.43760E-02   0.57049E+02   0.30983E+00   0.89454E+00   0.00000E+00   0.39948E+02
  4.800   0.11473E+02   0.41719E-01   0.16436E+02   0.60827E+01   0.85110E+01   0.56740E+01   0.13756E+03   0.22797E+01   0.91186E-02   0.61353E+02   0.32131E+00   0.10532E+01   0.00000E+00   0.40322E+02
  4.820   0.11683E+02   0.42482E-01   0.45358E+01   0.60694E+01   0.85110E+01   0.56740E+01   0.13884E+03   0.35418E+01   0.14167E-01   0.64702E+02   0.33354E+00   0.12222E+01   0.00000E+00   0.40737E+02
  4.840   0.11655E+02   0.42384E-01  -0.71396E+01   0.58769E+01   0.81406E+01   0.55973E+01   0.13894E+03   0.48618E+01   0.19447E-01   0.67127E+02   0.34634E+00   0.13989E+01   0.00000E+00   0.41186E+02
  4.860   0.11409E+02   0.41486E-01  -0.17076E+02   0.45593E+01   0.57164E+01   0.49913E+01   0.13894E+03   0.62159E+01   0.24864E-01   0.67930E+02   0.35949E+00   0.15803E+01   0.00000E+00   0.41665E+02
  4.880   0.10994E+02   0.39980E-01  -0.23770E+02   0.27506E+01   0.26627E+01   0.39690E+01   0.13894E+03   0.75619E+01   0.30248E-01   0.66244E+02   0.37259E+00   0.17607E+01   0.00000E+00   0.42159E+02
  4.900   0.10475E+02   0.38092E-01  -0.27733E+02   0.17202E+01   0.19294E+01   0.26858E+01   0.13894E+03   0.88552E+01   0.35421E-01   0.62869E+02   0.38520E+00   0.19340E+01   0.00000E+00   0.42650E+02
  4.920   0.99035E+01   0.36013E-01  -0.28943E+02   0.58376E+00   0.11207E+01   0.12705E+01   0.13894E+03   0.10068E+02   0.40274E-01   0.58270E+02   0.39704E+00   0.20966E+01   0.00000E+00   0.43125E+02
  4.940   0.93388E+01   0.33959E-01  -0.26994E+02  -0.46261E+00   0.32112E+00   0.00000E+00   0.13894E+03   0.11179E+02   0.44716E-01   0.52638E+02   0.40789E+00   0.22455E+01   0.00000E+00   0.43573E+02
  4.960   0.88386E+01   0.32140E-01  -0.22775E+02  -0.71450E+00  -0.38774E+00   0.00000E+00   0.13894E+03   0.12173E+02   0.48691E-01   0.46781E+02   0.41761E+00   0.23788E+01   0.00000E+00   0.43983E+02
  4.980   0.84343E+01   0.30670E-01  -0.17544E+02  -0.91830E+00  -0.96120E+00   0.00000E+00   0.13894E+03   0.13052E+02   0.52206E-01   0.41044E+02   0.64080E+00   0.24967E+01   0.35764E+00   0.44404E+02
  5.000   0.81411E+01   0.29604E-01  -0.11709E+02  -0.10664E+01  -0.13778E+01   0.00000E+00   0.13894E+03   0.13810E+02   0.55241E-01   0.34750E+02   0.97995E+00   0.25115E+01   0.96844E+00   0.45024E+02
  5.020   0.79687E+01   0.28977E-01  -0.54600E+01  -0.11537E+01  -0.16234E+01   0.00000E+00   0.13894E+03   0.14439E+02   0.57758E-01   0.28122E+02   0.12563E+01   0.25115E+01   0.14751E+01   0.45729E+02
  5.040   0.79239E+01   0.28814E-01   0.96256E+00  -0.11854E+01  -0.17096E+01   0.00000E+00   0.13894E+03   0.14935E+02   0.59741E-01   0.21526E+02   0.13542E+01   0.25115E+01   0.16744E+01   0.46391E+02
  5.060   0.80045E+01   0.29107E-01   0.69772E+01  -0.87593E+00  -0.92328E+00   0.00000E+00   0.13894E+03   0.15306E+02   0.61223E-01   0.15716E+02   0.13379E+01   0.25115E+01   0.16744E+01   0.46890E+02
  5.080   0.81975E+01   0.29809E-01   0.12164E+02  -0.12788E+00   0.97736E+00   0.00000E+00   0.13894E+03   0.15572E+02   0.62288E-01   0.11150E+02   0.13262E+01   0.25115E+01   0.16744E+01   0.47245E+02
  5.100   0.84833E+01   0.30848E-01   0.16185E+02   0.98303E+00   0.37999E+01   0.00000E+00   0.13894E+03   0.15762E+02   0.63049E-01   0.81397E+01   0.13179E+01   0.25115E+01   0.16744E+01   0.47496E+02
  5.120   0.88372E+01   0.32135E-01   0.19091E+02   0.12254E+01   0.44618E+01   0.00000E+00   0.13894E+03   0.15906E+02   0.63623E-01   0.62840E+01   0.13116E+01   0.25115E+01   0.16744E+01   0.47685E+02
  5.140   0.92404E+01   0.33601E-01   0.21020E+02   0.14279E+01   0.50318E+01   0.00000E+00   0.13894E+03   0.16017E+02   0.64067E-01   0.48894E+01   0.13067E+01   0.25115E+01   0.16744E+01   0.47830E+02
  5.160   0.96667E+01   0.35152E-01   0.21259E+02   0.16421E+01   0.56349E+01   0.00000E+00   0.13894E+03   0.16104E+02   0.64415E-01   0.38726E+01   0.13029E+01   0.25115E+01   0.16744E+01   0.47944E+02
  5.180   0.10078E+02   0.36646E-01   0.19542E+02   0.18489E+01   0.62169E+01   0.00000E+00   0.13894E+03   0.16173E+02   0.64693E-01   0.31032E+01   0.12999E+01   0.25115E+01   0.16744E+01   0.48034E+02
  5.200   0.10440E+02   0.37964E-01   0.16572E+02   0.20314E+01   0.67303E+01   0.00000E+00   0.13894E+03   0.16229E+02   0.64915E-01   0.24516E+01   0.12974E+01   0.25115E+01   0.16744E+01   0.48106E+02
  5.220   0.10736E+02   0.39041E-01   0.12958E+02   0.21807E+01   0.71505E+01   0.00000E+00   0.13894E+03   0.16271E+02   0.65086E-01   0.18278E+01   0.12955E+01   0.25115E+01   0.16744E+01   0.48162E+02
  5.240   0.10956E+02   0.39838E-01   0.89177E+01   0.22913E+01   0.74618E+01   0.00000E+00   0.13937E+03   0.16301E+02   0.65206E-01   0.11573E+01   0.12942E+01   0.25115E+01   0.16744E+01   0.48201E+02
  5.260   0.11095E+02   0.40346E-01   0.52043E+01   0.23620E+01   0.76605E+01   0.00000E+00   0.13970E+03   0.16317E+02   0.65268E-01   0.38962E+00   0.12935E+01   0.25115E+01   0.16744E+01   0.48221E+02
  5.280   0.11171E+02   0.40623E-01   0.26287E+01   0.24005E+01   0.77688E+01   0.00000E+00   0.13988E+03   0.16316E+02   0.65266E-01  -0.47198E+00   0.12946E+01   0.25104E+01   0.16768E+01   0.48223E+02
  5.300   0.11207E+02   0.40753E-01   0.10706E+01   0.24187E+01   0.78200E+01   0.00000E+00   0.13996E+03   0.16298E+02   0.65193E-01  -0.13373E+01   0.12635E+01   0.24525E+01   0.16623E+01   0.48223E+02
  5.320   0.11216E+02   0.40785E-01  -0.21434E+00   0.24273E+01   0.78429E+01   0.00000E+00   0.13999E+03   0.16264E+02   0.65054E-01  -0.20957E+01   0.12042E+01   0.23418E+01   0.16347E+01   0.48223E+02
  5.340   0.11195E+02   0.40710E-01  -0.19825E+01   0.23482E+01   0.76419E+01   0.00000E+00   0.13999E+03   0.16215E+02   0.64861E-01  -0.27255E+01   0.11211E+01   0.21868E+01   0.15959E+01   0.48223E+02
  5.360   0.11131E+02   0.40478E-01  -0.45377E+01   0.21011E+01   0.70139E+01   0.00000E+00   0.13999E+03   0.16155E+02   0.64618E-01  -0.33595E+01   0.10166E+01   0.19921E+01   0.15472E+01   0.48223E+02
  5.380   0.11011E+02   0.40041E-01  -0.74844E+01   0.16349E+01   0.58294E+01   0.00000E+00   0.13999E+03   0.16080E+02   0.64318E-01  -0.41876E+01   0.88763E+00   0.17516E+01   0.14871E+01   0.48223E+02
  5.400   0.10833E+02   0.39393E-01  -0.10267E+02   0.94290E+00   0.40713E+01   0.00000E+00   0.13999E+03   0.15985E+02   0.63939E-01  -0.53706E+01   0.72443E+00   0.14473E+01   0.14110E+01   0.48223E+02
  5.420   0.10602E+02   0.38554E-01  -0.12797E+02   0.17085E+00   0.21047E+01   0.00000E+00   0.13999E+03   0.15862E+02   0.63447E-01  -0.69852E+01   0.51312E+00   0.10533E+01   0.13125E+01   0.48223E+02
  5.440   0.10318E+02   0.37519E-01  -0.15781E+02   0.28197E-01   0.17030E+01   0.00000E+00   0.13999E+03   0.15706E+02   0.62826E-01  -0.85198E+01   0.34261E+00   0.79695E+00   0.11879E+01   0.48223E+02
  5.460   0.99667E+01   0.36242E-01  -0.19431E+02  -0.14788E+00   0.12073E+01   0.00000E+00   0.13999E+03   0.15521E+02   0.62085E-01  -0.10001E+02   0.22760E+00   0.71203E+00   0.10393E+01   0.48223E+02
  5.480   0.95377E+01   0.34683E-01  -0.23506E+02  -0.36301E+00   0.60160E+00   0.00000E+00   0.13999E+03   0.15306E+02   0.61225E-01  -0.11498E+02   0.94088E-01   0.61345E+00   0.86675E+00   0.48223E+02
  5.500   0.90266E+01   0.32824E-01  -0.27553E+02  -0.61946E+00  -0.12038E+00   0.00000E+00   0.13999E+03   0.15061E+02   0.60245E-01  -0.13013E+02  -0.58170E-01   0.50103E+00   0.67001E+00   0.48223E+02
  5.520   0.84399E+01   0.30690E-01  -0.30967E+02  -0.91400E+00  -0.94959E+00   0.00000E+00   0.14004E+03   0.14786E+02   0.59143E-01  -0.14518E+02  -0.22927E+00   0.37470E+00   0.44894E+00   0.48223E+02
  5.540   0.77951E+01   0.28346E-01  -0.33316E+02  -0.12378E+01  -0.18612E+01   0.00000E+00   0.14073E+03   0.14481E+02   0.57924E-01  -0.15946E+02  -0.41871E+00   0.23484E+00   0.20417E+00   0.48223E+02
  5.560   0.71145E+01   0.25871E-01  -0.34564E+02  -0.15813E+01  -0.28275E+01   0.00000E+00   0.14169E+03   0.14149E+02   0.56596E-01  -0.17225E+02  -0.58758E+00   0.82512E-01   0.00000E+00   0.48223E+02
  5.580   0.64190E+01   0.23342E-01  -0.34855E+02  -0.16532E+01  -0.31173E+01   0.00000E+00   0.14282E+03   0.13792E+02   0.55169E-01  -0.18443E+02  -0.63744E+00  -0.81265E-01   0.00000E+00   0.48223E+02
  5.600   0.57261E+01   0.20822E-01  -0.34284E+02  -0.17237E+01  -0.34033E+01   0.00000E+00   0.14399E+03   0.13412E+02   0.53649E-01  -0.19525E+02  -0.69053E+00  -0.25566E+00   0.00000E+00   0.48439E+02
  5.620   0.50527E+01   0.18373E-01  -0.32957E+02  -0.17923E+01  -0.36813E+01   0.00000E+00   0.14518E+03   0.13012E+02   0.52050E-01  -0.20419E+02  -0.74641E+00  -0.43918E+00   0.00000E+00   0.48727E+02
  5.640   0.44101E+01   0.16037E-01  -0.31283E+02  -0.18578E+01  -0.39466E+01   0.00000E+00   0.14635E+03   0.12597E+02   0.50388E-01  -0.21090E+02  -0.80448E+00  -0.62993E+00   0.00000E+00   0.49049E+02
  5.660   0.38010E+01   0.13822E-01  -0.29658E+02  -0.19198E+01  -0.41981E+01   0.00000E+00   0.14750E+03   0.12170E+02   0.48681E-01  -0.21534E+02  -0.86412E+00  -0.82581E+00   0.00000E+00   0.49405E+02
  5.680   0.32238E+01   0.11723E-01  -0.28028E+02  -0.19786E+01  -0.44364E+01   0.00000E+00   0.14863E+03   0.11737E+02   0.46946E-01  -0.21832E+02  -0.87157E+00  -0.89199E+00   0.00000E+00   0.49783E+02
  5.700   0.26807E+01   0.97480E-02  -0.26274E+02  -0.20339E+01  -0.46607E+01   0.00000E+00   0.14972E+03   0.11297E+02   0.45190E-01  -0.22067E+02  -0.87583E+00  -0.95080E+00   0.00000E+00   0.50166E+02
  5.720   0.21711E+01   0.78950E-02  -0.24781E+02  -0.20858E+01  -0.48711E+01   0.00000E+00   0.15077E+03   0.10854E+02   0.43417E-01  -0.22239E+02  -0.88014E+00  -0.10102E+01   0.00000E+00   0.50556E+02
  5.740   0.16858E+01   0.61302E-02  -0.23837E+02  -0.21353E+01  -0.50714E+01   0.00000E+00   0.15179E+03   0.10408E+02   0.41633E-01  -0.22375E+02  -0.88447E+00  -0.10699E+01   0.00000E+00   0.50949E+02
  5.760   0.12159E+01   0.44213E-02  -0.23163E+02  -0.21831E+01  -0.52654E+01   0.00000E+00   0.15281E+03   0.99594E+01   0.39837E-01  -0.22501E+02  -0.88883E+00  -0.11300E+01   0.00000E+00   0.51347E+02
  5.780   0.76076E+00   0.27664E-02  -0.22269E+02  -0.22295E+01  -0.54533E+01   0.00000E+00   0.15381E+03   0.95081E+01   0.38033E-01  -0.22617E+02  -0.89322E+00  -0.11905E+01   0.00000E+00   0.51749E+02
  5.800   0.32754E+00   0.11910E-02  -0.21008E+02  -0.22736E+01  -0.56322E+01   0.00000E+00   0.15479E+03   0.90549E+01   0.36220E-01  -0.22701E+02  -0.89762E+00  -0.12512E+01   0.00000E+00   0.52155E+02
  5.820  -0.80770E-01  -0.29371E-03  -0.19924E+02  -0.23152E+01  -0.58007E+01   0.00000E+00   0.15572E+03   0.86004E+01   0.34402E-01  -0.22743E+02  -0.90204E+00  -0.13120E+01   0.00000E+00   0.52564E+02
  5.840  -0.47324E+00  -0.17209E-02  -0.19411E+02  -0.23551E+01  -0.59627E+01   0.00000E+00   0.15664E+03   0.81453E+01   0.32581E-01  -0.22768E+02  -0.90646E+00  -0.13730E+01   0.00000E+00   0.52976E+02
  5.860  -0.85702E+00  -0.31164E-02  -0.18870E+02  -0.23942E+01  -0.61212E+01   0.00000E+00   0.15755E+03   0.76896E+01   0.30758E-01  -0.22798E+02  -0.91089E+00  -0.14340E+01   0.00000E+00   0.53390E+02
  5.880  -0.12253E+01  -0.44556E-02  -0.17913E+02  -0.24317E+01  -0.62732E+01   0.00000E+00   0.15844E+03   0.72335E+01   0.28934E-01  -0.22811E+02  -0.91532E+00  -0.14951E+01   0.00000E+00   0.53807E+02
  5.900  -0.15734E+01  -0.57214E-02  -0.16933E+02  -0.24672E+01  -0.64169E+01   0.00000E+00   0.15929E+03   0.67774E+01   0.27110E-01  -0.22792E+02  -0.91975E+00  -0.15562E+01   0.00000E+00   0.54226E+02
  5.920  -0.18988E+01  -0.69049E-02  -0.15394E+02  -0.25004E+01  -0.65514E+01   0.00000E+00   0.16010E+03   0.63220E+01   0.25288E-01  -0.22733E+02  -0.92418E+00  -0.16172E+01   0.00000E+00   0.54645E+02
  5.940  -0.21781E+01  -0.79203E-02  -0.12194E+02  -0.25289E+01  -0.66668E+01   0.00000E+00   0.16080E+03   0.58688E+01   0.23475E-01  -0.22564E+02  -0.92859E+00  -0.16779E+01   0.00000E+00   0.55065E+02
  5.960  -0.23787E+01  -0.86497E-02  -0.77967E+01  -0.25494E+01  -0.67500E+01   0.00000E+00   0.16131E+03   0.54209E+01   0.21683E-01  -0.22188E+02  -0.93294E+00  -0.17380E+01   0.00000E+00   0.55482E+02
  5.980  -0.24922E+01  -0.90626E-02  -0.37343E+01  -0.25611E+01  -0.67972E+01   0.00000E+00   0.16160E+03   0.49828E+01   0.19931E-01  -0.21582E+02  -0.93721E+00  -0.17966E+01   0.00000E+00   0.55892E+02
  6.000  -0.25356E+01  -0.92205E-02  -0.81302E+00  -0.25657E+01  -0.68153E+01   0.00000E+00   0.16172E+03   0.45588E+01   0.18235E-01  -0.20799E+02  -0.94134E+00  -0.18535E+01   0.00000E+00   0.56291E+02
  6.020  -0.25306E+01  -0.92022E-02   0.12231E+01  -0.25458E+01  -0.67650E+01   0.00000E+00   0.16172E+03   0.41516E+01   0.16606E-01  -0.19904E+02  -0.94530E+00  -0.19080E+01   0.00000E+00   0.56675E+02
  6.040  -0.24907E+01  -0.90571E-02   0.26651E+01  -0.23914E+01  -0.63727E+01   0.00000E+00   0.16172E+03   0.37637E+01   0.15055E-01  -0.18842E+02  -0.94908E+00  -0.19600E+01   0.00000E+00   0.57042E+02
  6.060  -0.24291E+01  -0.88331E-02   0.33426E+01  -0.21519E+01  -0.57641E+01   0.00000E+00   0.16172E+03   0.33995E+01   0.13598E-01  -0.17535E+02  -0.95264E+00  -0.20088E+01   0.00000E+00   0.57389E+02
  6.080  -0.23610E+01  -0.85853E-02   0.34258E+01  -0.18863E+01  -0.50893E+01   0.00000E+00   0.16172E+03   0.30640E+01   0.12256E-01  -0.15981E+02  -0.95592E+00  -0.20538E+01   0.00000E+00   0.57709E+02
  6.100  -0.22940E+01  -0.83417E-02   0.32268E+01  -0.16250E+01  -0.44255E+01   0.00000E+00   0.16172E+03   0.27618E+01   0.11047E-01  -0.14207E+02  -0.95887E+00  -0.20944E+01   0.00000E+00   0.57998E+02
  6.120  -0.22384E+01  -0.81396E-02   0.20566E+01  -0.14075E+01  -0.38729E+01   0.00000E+00   0.16172E+03   0.24968E+01   0.99871E-02  -0.12276E+02  -0.96147E+00  -0.21299E+01   0.00000E+00   0.58253E+02
  6.140  -0.22235E+01  -0.80854E-02  -0.87684E+00  -0.13471E+01  -0.37195E+01   0.00000E+00   0.16172E+03   0.22705E+01   0.90819E-02  -0.10388E+02  -0.96369E+00  -0.21603E+01   0.00000E+00   0.58471E+02
  6.160  -0.22816E+01  -0.82968E-02  -0.50319E+01  -0.15704E+01  -0.42869E+01   0.00000E+00   0.16172E+03   0.20787E+01   0.83148E-02  -0.88849E+01  -0.96557E+00  -0.21860E+01   0.00000E+00   0.58656E+02
  6.180  -0.24226E+01  -0.88095E-02  -0.88684E+01  -0.21169E+01  -0.56756E+01   0.00000E+00   0.16172E+03   0.19101E+01   0.76404E-02  -0.81214E+01  -0.96721E+00  -0.22086E+01   0.00000E+00   0.58818E+02
  6.200  -0.26245E+01  -0.95435E-02  -0.10973E+02  -0.25744E+01  -0.68511E+01   0.00000E+00   0.16194E+03   0.17476E+01   0.69905E-02  -0.82377E+01  -0.96879E+00  -0.22304E+01   0.00000E+00   0.58976E+02
  6.220  -0.28512E+01  -0.10368E-01  -0.11463E+02  -0.25974E+01  -0.69447E+01   0.00000E+00   0.16253E+03   0.15795E+01   0.63180E-02  -0.85799E+01  -0.97042E+00  -0.22529E+01   0.00000E+00   0.59139E+02
  6.240  -0.30740E+01  -0.11178E-01  -0.10610E+02  -0.26201E+01  -0.70367E+01   0.00000E+00   0.16311E+03   0.14045E+01   0.56179E-02  -0.89144E+01  -0.97212E+00  -0.22763E+01   0.00000E+00   0.59309E+02
  6.260  -0.32669E+01  -0.11880E-01  -0.84586E+01  -0.26398E+01  -0.71165E+01   0.00000E+00   0.16362E+03   0.12235E+01   0.48940E-02  -0.91637E+01  -0.97388E+00  -0.23005E+01   0.00000E+00   0.59485E+02
  6.280  -0.34023E+01  -0.12372E-01  -0.48060E+01  -0.26537E+01  -0.71727E+01   0.00000E+00   0.16398E+03   0.10390E+01   0.41561E-02  -0.92467E+01  -0.97567E+00  -0.23252E+01   0.00000E+00   0.59665E+02
  6.300  -0.34469E+01  -0.12534E-01   0.68877E+00  -0.26592E+01  -0.71933E+01   0.00000E+00   0.16410E+03   0.85538E+00   0.34215E-02  -0.90662E+01  -0.97745E+00  -0.23498E+01   0.00000E+00   0.59844E+02
  6.320  -0.33628E+01  -0.12228E-01   0.79650E+01  -0.23370E+01  -0.63746E+01   0.00000E+00   0.16410E+03   0.67956E+00   0.27182E-02  -0.83866E+01  -0.97917E+00  -0.23734E+01   0.00000E+00   0.60016E+02
  6.340  -0.31226E+01  -0.11355E-01   0.16099E+02  -0.14071E+01  -0.40119E+01   0.00000E+00   0.16410E+03   0.52737E+00   0.21095E-02  -0.65903E+01  -0.98067E+00  -0.23938E+01   0.00000E+00   0.60165E+02
  6.360  -0.27204E+01  -0.98925E-02   0.24056E+02  -0.35111E+00  -0.13082E+01   0.00000E+00   0.16410E+03   0.42753E+00   0.17101E-02  -0.31244E+01  -0.98168E+00  -0.24073E+01   0.00000E+00   0.60263E+02
  6.380  -0.21572E+01  -0.78444E-02   0.32373E+02  -0.68950E-01  -0.51370E+00   0.00000E+00   0.16410E+03   0.40755E+00   0.16302E-02   0.12254E+01  -0.97878E+00  -0.24023E+01   0.00000E+00   0.60286E+02
  6.400  -0.14206E+01  -0.51658E-02   0.41433E+02   0.30027E+00   0.52591E+00   0.00000E+00   0.16410E+03   0.48022E+00   0.19209E-02   0.61163E+01  -0.88979E+00  -0.21718E+01   0.00000E+00   0.60286E+02
  6.420  -0.49501E+00  -0.18000E-02   0.51225E+02   0.76440E+00   0.18327E+01   0.00000E+00   0.16410E+03   0.65444E+00   0.26177E-02   0.11342E+02  -0.67475E+00  -0.16151E+01   0.00000E+00   0.60286E+02
  6.440   0.62607E+00   0.22766E-02   0.60672E+02   0.13268E+01   0.34161E+01   0.00000E+00   0.16480E+03   0.93442E+00   0.37377E-02   0.16644E+02  -0.33467E+00  -0.73420E+00   0.00000E+00   0.60286E+02
  6.460   0.19131E+01   0.69567E-02   0.67354E+02   0.16675E+01   0.44716E+01   0.00000E+00   0.16681E+03   0.13220E+01   0.52880E-02   0.22168E+02  -0.28067E+00  -0.55671E+00   0.00000E+00   0.60286E+02
  6.480   0.32887E+01   0.11959E-01   0.69285E+02   0.18075E+01   0.50390E+01   0.00000E+00   0.16921E+03   0.18210E+01   0.72840E-02   0.27698E+02  -0.21109E+00  -0.32805E+00   0.00000E+00   0.60286E+02
  6.500   0.46481E+01   0.16902E-01   0.65748E+02   0.19459E+01   0.56003E+01   0.00000E+00   0.17176E+03   0.24273E+01   0.97094E-02   0.32843E+02  -0.12649E+00  -0.50061E-01   0.00000E+00   0.60286E+02
  6.520   0.58897E+01   0.21417E-01   0.57862E+02   0.20726E+01   0.61133E+01   0.00000E+00   0.17426E+03   0.31299E+01   0.12520E-01   0.37278E+02  -0.28401E-01   0.27220E+00   0.00000E+00   0.60286E+02
  6.540   0.69524E+01   0.25281E-01   0.48442E+02   0.21810E+01   0.65526E+01   0.00000E+00   0.17652E+03   0.39124E+01   0.15649E-01   0.40808E+02   0.80884E-01   0.63121E+00   0.00000E+00   0.60286E+02
  6.560   0.78280E+01   0.28465E-01   0.39120E+02   0.22704E+01   0.69147E+01   0.00000E+00   0.17847E+03   0.47561E+01   0.19024E-01   0.43414E+02   0.17613E+00   0.96183E+00   0.00000E+00   0.60286E+02
  6.580   0.85112E+01   0.30950E-01   0.28913E+02   0.23403E+01   0.71975E+01   0.00000E+00   0.18005E+03   0.56443E+01   0.22577E-01   0.45299E+02   0.18474E+00   0.10808E+01   0.00000E+00   0.60286E+02
  6.600   0.89826E+01   0.32664E-01   0.18414E+02   0.23886E+01   0.73929E+01   0.00000E+00   0.18116E+03   0.65635E+01   0.26254E-01   0.46515E+02   0.19366E+00   0.12039E+01   0.00000E+00   0.60286E+02
  6.620   0.92622E+01   0.33681E-01   0.10076E+02   0.24174E+01   0.75089E+01   0.00000E+00   0.18183E+03   0.75009E+01   0.30003E-01   0.47130E+02   0.20276E+00   0.13294E+01   0.00000E+00   0.60286E+02
  6.640   0.94055E+01   0.34202E-01   0.47075E+01   0.24321E+01   0.75685E+01   0.00000E+00   0.18218E+03   0.84459E+01   0.33783E-01   0.47316E+02   0.21195E+00   0.14560E+01   0.00000E+00   0.60400E+02
  6.660   0.94684E+01   0.34431E-01   0.20292E+01   0.25205E+01   0.75947E+01   0.13645E+00   0.18234E+03   0.93921E+01   0.37568E-01   0.47292E+02   0.22114E+00   0.15827E+01   0.00000E+00   0.60605E+02
  6.680   0.95053E+01   0.34565E-01   0.21442E+01   0.25789E+01   0.76099E+01   0.22761E+00   0.18243E+03   0.10337E+02   0.41349E-01   0.47246E+02   0.23033E+00   0.17093E+01   0.00000E+00   0.60819E+02
  6.700   0.95708E+01   0.34803E-01   0.47553E+01   0.26822E+01   0.76367E+01   0.38868E+00   0.18260E+03   0.11283E+02   0.45131E-01   0.47342E+02   0.23952E+00   0.18360E+01   0.00000E+00   0.61042E+02
  6.720   0.97038E+01   0.35287E-01   0.86176E+01   0.28919E+01   0.76913E+01   0.71597E+00   0.18297E+03   0.12233E+02   0.48933E-01   0.47774E+02   0.24875E+00   0.19633E+01   0.00000E+00   0.61274E+02
  6.740   0.99145E+01   0.36053E-01   0.12323E+02   0.32251E+01   0.77779E+01   0.12358E+01   0.18362E+03   0.13197E+02   0.52788E-01   0.48685E+02   0.25811E+00   0.20923E+01   0.00000E+00   0.61519E+02
  6.760   0.10187E+02   0.37044E-01   0.14586E+02   0.36571E+01   0.78902E+01   0.19096E+01   0.18456E+03   0.14184E+02   0.56737E-01   0.50131E+02   0.26768E+00   0.22245E+01   0.00000E+00   0.61779E+02
  6.780   0.10481E+02   0.38111E-01   0.14252E+02   0.41231E+01   0.80114E+01   0.26364E+01   0.18570E+03   0.15205E+02   0.60822E-01   0.52039E+02   0.27759E+00   0.23613E+01   0.00000E+00   0.62058E+02
  6.800   0.10737E+02   0.39042E-01   0.10840E+02   0.45306E+01   0.81173E+01   0.32720E+01   0.18681E+03   0.16268E+02   0.65070E-01   0.54204E+02   0.28789E+00   0.25035E+01   0.00000E+00   0.62359E+02
  6.820   0.10895E+02   0.39619E-01   0.45824E+01   0.47844E+01   0.81833E+01   0.36678E+01   0.18755E+03   0.17374E+02   0.69495E-01   0.56394E+02   0.24259E+00   0.25115E+01   0.00000E+00   0.62654E+02
  6.840   0.10905E+02   0.39655E-01  -0.38751E+01   0.47612E+01   0.80833E+01   0.36967E+01   0.18768E+03   0.18522E+02   0.74087E-01   0.58336E+02   0.19224E+00   0.25115E+01   0.00000E+00   0.62904E+02
  6.860   0.10732E+02   0.39024E-01  -0.13611E+02   0.38370E+01   0.63831E+01   0.32717E+01   0.18768E+03   0.19701E+02   0.78803E-01   0.59308E+02   0.14052E+00   0.25115E+01   0.00000E+00   0.63100E+02
  6.880   0.10362E+02   0.37681E-01  -0.23150E+02   0.18584E+01   0.27430E+01   0.23617E+01   0.18768E+03   0.20880E+02   0.83521E-01   0.58198E+02   0.88795E-01   0.25115E+01   0.00000E+00   0.63235E+02
  6.900   0.98130E+01   0.35684E-01  -0.31637E+02   0.69278E+00   0.17753E+01   0.10062E+01   0.18768E+03   0.22014E+02   0.88056E-01   0.54946E+02   0.39065E-01   0.25115E+01   0.00000E+00   0.63307E+02
  6.920   0.91022E+01   0.33099E-01  -0.39348E+02  -0.26735E+00   0.77183E+00   0.00000E+00   0.18768E+03   0.23068E+02   0.92272E-01   0.50244E+02  -0.71615E-02   0.25115E+01   0.00000E+00   0.63325E+02
  6.940   0.82407E+01   0.29966E-01  -0.46741E+02  -0.69958E+00  -0.44505E+00   0.00000E+00   0.18768E+03   0.24020E+02   0.96078E-01   0.44829E+02  -0.48900E-01   0.25115E+01   0.00000E+00   0.63325E+02
  6.960   0.72392E+01   0.26324E-01  -0.53152E+02  -0.12022E+01  -0.18602E+01   0.00000E+00   0.18768E+03   0.24857E+02   0.99430E-01   0.38868E+02  -0.85649E-01   0.25115E+01   0.00000E+00   0.63325E+02
  6.980   0.61270E+01   0.22280E-01  -0.57701E+02  -0.16822E+01  -0.32359E+01   0.00000E+00   0.18811E+03   0.25571E+02   0.10228E+00   0.32396E+02  -0.11694E+00   0.25115E+01   0.00000E+00   0.63325E+02
  7.000   0.49439E+01   0.17978E-01  -0.60298E+02  -0.18025E+01  -0.37239E+01   0.00000E+00   0.19017E+03   0.26153E+02   0.10461E+00   0.25824E+02  -0.14247E+00   0.25115E+01   0.00000E+00   0.63325E+02
  7.020   0.37276E+01   0.13555E-01  -0.61031E+02  -0.19262E+01  -0.42258E+01   0.00000E+00   0.19244E+03   0.26605E+02   0.10642E+00   0.19406E+02  -0.16229E+00   0.25115E+01   0.00000E+00   0.63325E+02
  7.040   0.25146E+01   0.91438E-02  -0.59984E+02  -0.20497E+01  -0.47265E+01   0.00000E+00   0.19485E+03   0.26931E+02   0.10772E+00   0.13225E+02  -0.17658E+00   0.25115E+01   0.00000E+00   0.63325E+02
  7.060   0.13417E+01   0.48788E-02  -0.56920E+02  -0.21692E+01  -0.52107E+01   0.00000E+00   0.19733E+03   0.27136E+02   0.10854E+00   0.73619E+01  -0.18558E+00   0.25115E+01   0.00000E+00   0.63325E+02
  7.080   0.25605E+00   0.93110E-03  -0.51112E+02  -0.22799E+01  -0.56592E+01   0.00000E+00   0.19975E+03   0.27228E+02   0.10891E+00   0.19319E+01  -0.18962E+00   0.25115E+01   0.00000E+00   0.63325E+02
  7.100  -0.68413E+00  -0.24877E-02  -0.42500E+02  -0.23758E+01  -0.60479E+01   0.00000E+00   0.20194E+03   0.27217E+02   0.10887E+00  -0.29053E+01  -0.21089E+00   0.24572E+01   0.00000E+00   0.63325E+02
  7.120  -0.14353E+01  -0.52191E-02  -0.32579E+02  -0.24526E+01  -0.63586E+01   0.00000E+00   0.20375E+03   0.27118E+02   0.10847E+00  -0.68469E+01  -0.33320E+00   0.21405E+01   0.00000E+00   0.63325E+02
  7.140  -0.19924E+01  -0.72453E-02  -0.23427E+02  -0.25096E+01  -0.65893E+01   0.00000E+00   0.20513E+03   0.26951E+02   0.10780E+00  -0.96272E+01  -0.53964E+00   0.16061E+01   0.00000E+00   0.63325E+02
  7.160  -0.23836E+01  -0.86675E-02  -0.15958E+02  -0.25497E+01  -0.67513E+01   0.00000E+00   0.20612E+03   0.26741E+02   0.10696E+00  -0.11168E+02  -0.80009E+00   0.93195E+00   0.00000E+00   0.63325E+02
  7.180  -0.26365E+01  -0.95871E-02  -0.93319E+01  -0.25756E+01  -0.68562E+01   0.00000E+00   0.20677E+03   0.26511E+02   0.10604E+00  -0.11767E+02  -0.86414E+00   0.74660E+00   0.00000E+00   0.63354E+02
  7.200  -0.27534E+01  -0.10012E-01  -0.21912E+01  -0.25878E+01  -0.69051E+01   0.00000E+00   0.20707E+03   0.26274E+02   0.10509E+00  -0.11863E+02  -0.89730E+00   0.63769E+00   0.00000E+00   0.63563E+02
  7.220  -0.27191E+01  -0.98877E-02   0.56772E+01  -0.24454E+01  -0.65439E+01   0.00000E+00   0.20709E+03   0.26040E+02   0.10416E+00  -0.11394E+02  -0.93000E+00   0.53031E+00   0.00000E+00   0.63776E+02
  7.240  -0.25321E+01  -0.92077E-02   0.12682E+02  -0.17220E+01  -0.47056E+01   0.00000E+00   0.20709E+03   0.25825E+02   0.10330E+00  -0.99300E+01  -0.96016E+00   0.43129E+00   0.00000E+00   0.63980E+02
  7.260  -0.22319E+01  -0.81161E-02   0.16686E+02  -0.55502E+00  -0.17407E+01   0.00000E+00   0.20709E+03   0.25652E+02   0.10261E+00  -0.70651E+01  -0.98438E+00   0.35183E+00   0.00000E+00   0.64148E+02
  7.280  -0.18886E+01  -0.68676E-02   0.17180E+02  -0.20943E+00  -0.82241E+00   0.00000E+00   0.20709E+03   0.25549E+02   0.10220E+00  -0.32338E+01  -0.99896E+00   0.30407E+00   0.00000E+00   0.64250E+02
  7.300  -0.15589E+01  -0.56687E-02   0.15536E+02  -0.43537E-01  -0.35550E+00   0.00000E+00   0.20709E+03   0.25523E+02   0.10209E+00   0.59597E+00  -0.10031E+01   0.29078E+00   0.00000E+00   0.64277E+02
  7.320  -0.12721E+01  -0.46259E-02   0.13142E+02   0.10087E+00   0.50900E-01   0.00000E+00   0.20709E+03   0.25571E+02   0.10229E+00   0.42217E+01  -0.94352E+00   0.44515E+00   0.00000E+00   0.64277E+02
  7.340  -0.10327E+01  -0.37553E-02   0.10824E+02   0.22148E+00   0.39030E+00   0.00000E+00   0.20709E+03   0.25688E+02   0.10275E+00   0.73813E+01  -0.79901E+00   0.81925E+00   0.00000E+00   0.64277E+02
  7.360  -0.83773E+00  -0.30463E-02   0.87230E+01   0.31972E+00   0.66676E+00   0.00000E+00   0.20709E+03   0.25862E+02   0.10345E+00   0.98590E+01  -0.58392E+00   0.13760E+01   0.00000E+00   0.64277E+02
  7.380  -0.67980E+00  -0.24720E-02   0.72152E+01   0.39927E+00   0.89062E+00   0.00000E+00   0.20709E+03   0.26077E+02   0.10431E+00   0.11521E+02  -0.35155E+00   0.19805E+01   0.00000E+00   0.64277E+02
  7.400  -0.54432E+00  -0.19793E-02   0.64417E+01   0.46746E+00   0.10825E+01   0.00000E+00   0.20709E+03   0.26320E+02   0.10528E+00   0.12780E+02  -0.31759E+00   0.20921E+01   0.00000E+00   0.64277E+02
  7.420  -0.41816E+00  -0.15206E-02   0.62641E+01   0.53089E+00   0.12611E+01   0.00000E+00   0.20709E+03   0.26588E+02   0.10635E+00   0.13920E+02  -0.28027E+00   0.22147E+01   0.00000E+00   0.64277E+02
  7.440  -0.28999E+00  -0.10545E-02   0.66512E+01   0.59527E+00   0.14423E+01   0.00000E+00   0.20709E+03   0.26877E+02   0.10751E+00   0.14970E+02  -0.23989E+00   0.23473E+01   0.00000E+00   0.64277E+02
  7.460  -0.14960E+00  -0.54401E-03   0.74165E+01   0.66575E+00   0.16407E+01   0.00000E+00   0.20709E+03   0.27186E+02   0.10874E+00   0.15959E+02  -0.19666E+00   0.24893E+01   0.00000E+00   0.64277E+02
  7.480   0.27034E-02   0.98305E-05   0.75876E+01   0.74229E+00   0.18561E+01   0.00000E+00   0.20709E+03   0.27515E+02   0.11006E+00   0.16952E+02  -0.20221E+00   0.25115E+01   0.00000E+00   0.64277E+02
  7.500   0.14166E+00   0.51511E-03   0.59254E+01   0.81231E+00   0.20532E+01   0.00000E+00   0.20709E+03   0.27864E+02   0.11146E+00   0.17980E+02  -0.21754E+00   0.25115E+01   0.00000E+00   0.64277E+02
  7.520   0.22710E+00   0.82580E-03   0.23681E+01   0.85566E+00   0.21751E+01   0.00000E+00   0.20709E+03   0.28234E+02   0.11293E+00   0.18910E+02  -0.23373E+00   0.25115E+01   0.00000E+00   0.64277E+02
  7.540   0.23027E+00   0.83734E-03  -0.21050E+01   0.82714E+00   0.21043E+01   0.00000E+00   0.20709E+03   0.28619E+02   0.11448E+00   0.19622E+02  -0.25065E+00   0.25115E+01   0.00000E+00   0.64277E+02
  7.560   0.14160E+00   0.51492E-03  -0.67669E+01   0.48520E+00   0.12354E+01   0.00000E+00   0.20709E+03   0.29015E+02   0.11606E+00   0.19890E+02  -0.26803E+00   0.25115E+01   0.00000E+00   0.64277E+02
  7.580  -0.43489E-01  -0.15814E-03  -0.11888E+02  -0.23228E+00  -0.58757E+00   0.00000E+00   0.20709E+03   0.29409E+02   0.11764E+00   0.19329E+02  -0.28530E+00   0.25115E+01   0.00000E+00   0.64277E+02
  7.600  -0.33875E+00  -0.12318E-02  -0.17735E+02  -0.13264E+01  -0.33697E+01   0.00000E+00   0.20709E+03   0.29780E+02   0.11912E+00   0.17497E+02  -0.30156E+00   0.25115E+01   0.00000E+00   0.64277E+02
  7.620  -0.75570E+00  -0.27480E-02  -0.24014E+02  -0.15807E+01  -0.40714E+01   0.00000E+00   0.20762E+03   0.30103E+02   0.12041E+00   0.14685E+02  -0.31571E+00   0.25115E+01   0.00000E+00   0.64277E+02
  7.640  -0.12943E+01  -0.47065E-02  -0.29546E+02  -0.18508E+01  -0.48318E+01   0.00000E+00   0.20855E+03   0.30365E+02   0.12146E+00   0.11429E+02  -0.32720E+00   0.25115E+01   0.00000E+00   0.64277E+02
  7.660  -0.19196E+01  -0.69803E-02  -0.32392E+02  -0.21648E+01  -0.57157E+01   0.00000E+00   0.20981E+03   0.30557E+02   0.12223E+00   0.77853E+01  -0.33565E+00   0.25115E+01   0.00000E+00   0.64277E+02
  7.680  -0.25647E+01  -0.93263E-02  -0.31453E+02  -0.24892E+01  -0.66287E+01   0.00000E+00   0.21131E+03   0.30675E+02   0.12270E+00   0.39276E+01  -0.34079E+00   0.25115E+01   0.00000E+00   0.64277E+02
  7.700  -0.31525E+01  -0.11464E-01  -0.26750E+02  -0.26276E+01  -0.70677E+01   0.00000E+00   0.21283E+03   0.30715E+02   0.12286E+00   0.15533E+00  -0.34256E+00   0.25115E+01   0.00000E+00   0.64277E+02
  7.720  -0.36141E+01  -0.13142E-01  -0.18955E+02  -0.26748E+01  -0.72589E+01   0.00000E+00   0.21406E+03   0.30684E+02   0.12274E+00  -0.30996E+01  -0.37972E+00   0.24153E+01   0.00000E+00   0.64277E+02
  7.740  -0.38949E+01  -0.14163E-01  -0.87888E+01  -0.27037E+01  -0.73756E+01   0.00000E+00   0.21481E+03   0.30597E+02   0.12239E+00  -0.54957E+01  -0.48795E+00   0.21351E+01   0.00000E+00   0.64277E+02
  7.760  -0.39559E+01  -0.14385E-01   0.28440E+01  -0.26984E+01  -0.73718E+01   0.00000E+00   0.21499E+03   0.30472E+02   0.12189E+00  -0.67732E+01  -0.64250E+00   0.17350E+01   0.00000E+00   0.64277E+02
  7.780  -0.37823E+01  -0.13754E-01   0.14281E+02  -0.20304E+01  -0.56745E+01   0.00000E+00   0.21499E+03   0.30336E+02   0.12134E+00  -0.65276E+01  -0.81175E+00   0.12970E+01   0.00000E+00   0.64277E+02
  7.800  -0.34036E+01  -0.12377E-01   0.22908E+02  -0.56096E+00  -0.19409E+01   0.00000E+00   0.21499E+03   0.30226E+02   0.12090E+00  -0.40446E+01  -0.94879E+00   0.94233E+00   0.00000E+00   0.64277E+02
  7.820  -0.28893E+01  -0.10507E-01   0.28084E+02  -0.22994E+00  -0.10320E+01   0.00000E+00   0.21499E+03   0.30185E+02   0.12074E+00   0.41857E-01  -0.99064E+00   0.83322E+00   0.00000E+00   0.64277E+02
  7.840  -0.22943E+01  -0.83429E-02   0.31140E+02   0.68792E-01  -0.19104E+00   0.00000E+00   0.21499E+03   0.30230E+02   0.12092E+00   0.44480E+01  -0.93650E+00   0.97348E+00   0.00000E+00   0.64277E+02
  7.860  -0.16540E+01  -0.60147E-02   0.32648E+02   0.39044E+00   0.71439E+00   0.00000E+00   0.21499E+03   0.30362E+02   0.12145E+00   0.87976E+01  -0.77259E+00   0.13978E+01   0.00000E+00   0.64277E+02
  7.880  -0.99774E+00  -0.36282E-02   0.32751E+02   0.72031E+00   0.16429E+01   0.00000E+00   0.21499E+03   0.30579E+02   0.12231E+00   0.12720E+02  -0.50510E+00   0.20903E+01   0.00000E+00   0.64277E+02
  7.900  -0.35239E+00  -0.12814E-02   0.31564E+02   0.10448E+01   0.25563E+01   0.00000E+00   0.21499E+03   0.30867E+02   0.12347E+00   0.16038E+02  -0.34922E+00   0.25115E+01   0.00000E+00   0.64277E+02
  7.920   0.25505E+00   0.92744E-03   0.28934E+02   0.13504E+01   0.34165E+01   0.00000E+00   0.21567E+03   0.31221E+02   0.12488E+00   0.19358E+02  -0.36474E+00   0.25115E+01   0.00000E+00   0.64277E+02
  7.940   0.79932E+00   0.29066E-02   0.25462E+02   0.15556E+01   0.40154E+01   0.00000E+00   0.21647E+03   0.31641E+02   0.12656E+00   0.22685E+02  -0.38319E+00   0.25115E+01   0.00000E+00   0.64277E+02
  7.960   0.12804E+01   0.46560E-02   0.22998E+02   0.16046E+01   0.42141E+01   0.00000E+00   0.21724E+03   0.32127E+02   0.12851E+00   0.25831E+02  -0.40448E+00   0.25115E+01   0.00000E+00   0.64277E+02
  7.980   0.17345E+01   0.63074E-02   0.22827E+02   0.16508E+01   0.44015E+01   0.00000E+00   0.21797E+03   0.32674E+02   0.13069E+00   0.28862E+02  -0.42847E+00   0.25115E+01   0.00000E+00   0.64277E+02
  8.000   0.22056E+01   0.80204E-02   0.24477E+02   0.16987E+01   0.45958E+01   0.00000E+00   0.21876E+03   0.33281E+02   0.13313E+00   0.31918E+02  -0.45513E+00   0.25115E+01   0.00000E+00   0.64277E+02
  8.020   0.27146E+01   0.98711E-02   0.26274E+02   0.17505E+01   0.48057E+01   0.00000E+00   0.21964E+03   0.33951E+02   0.13580E+00   0.35070E+02  -0.48450E+00   0.25115E+01   0.00000E+00   0.64277E+02
  8.040   0.32473E+01   0.11808E-01   0.26679E+02   0.18047E+01   0.50255E+01   0.00000E+00   0.22059E+03   0.34685E+02   0.13874E+00   0.38282E+02  -0.51667E+00   0.25115E+01   0.00000E+00   0.64277E+02
  8.060   0.37708E+01   0.13712E-01   0.25442E+02   0.18580E+01   0.52416E+01   0.00000E+00   0.22155E+03   0.35482E+02   0.14193E+00   0.41464E+02  -0.55166E+00   0.25115E+01   0.00000E+00   0.64277E+02
  8.080   0.42551E+01   0.15473E-01   0.22730E+02   0.19074E+01   0.54417E+01   0.00000E+00   0.22246E+03   0.36342E+02   0.14537E+00   0.44537E+02  -0.58939E+00   0.25115E+01   0.00000E+00   0.64277E+02
  8.100   0.46668E+01   0.16970E-01   0.18052E+02   0.19494E+01   0.56120E+01   0.00000E+00   0.22325E+03   0.37262E+02   0.14905E+00   0.47409E+02  -0.62973E+00   0.25115E+01   0.00000E+00   0.64277E+02
  8.120   0.49615E+01   0.18042E-01   0.11027E+02   0.19796E+01   0.57342E+01   0.00000E+00   0.22383E+03   0.38237E+02   0.15295E+00   0.49958E+02  -0.67247E+00   0.25115E+01   0.00000E+00   0.64277E+02
  8.140   0.50956E+01   0.18529E-01   0.21512E+01   0.19936E+01   0.57902E+01   0.00000E+00   0.22410E+03   0.39258E+02   0.15703E+00   0.52063E+02  -0.71725E+00   0.25115E+01   0.00000E+00   0.64277E+02
  8.160   0.50431E+01   0.18339E-01  -0.73711E+01   0.17922E+01   0.52784E+01   0.00000E+00   0.22411E+03   0.40316E+02   0.16126E+00   0.53607E+02  -0.76365E+00   0.25115E+01   0.00000E+00   0.64277E+02
  8.180   0.48062E+01   0.17477E-01  -0.16079E+02   0.87568E+00   0.29497E+01   0.00000E+00   0.22411E+03   0.41394E+02   0.16558E+00   0.54046E+02  -0.81097E+00   0.25115E+01   0.00000E+00   0.64277E+02
  8.200   0.44125E+01   0.16046E-01  -0.22947E+02  -0.29408E+00  -0.37018E-01   0.00000E+00   0.22411E+03   0.42466E+02   0.16986E+00   0.52828E+02  -0.85797E+00   0.25115E+01   0.00000E+00   0.64277E+02
  8.220   0.38965E+01   0.14169E-01  -0.28494E+02  -0.55284E+00  -0.76556E+00   0.00000E+00   0.22411E+03   0.43503E+02   0.17401E+00   0.50782E+02  -0.90344E+00   0.25115E+01   0.00000E+00   0.64277E+02
  8.240   0.32794E+01   0.11925E-01  -0.33047E+02  -0.86249E+00  -0.16373E+01   0.00000E+00   0.22429E+03   0.44495E+02   0.17798E+00   0.48355E+02  -0.94695E+00   0.25115E+01   0.00000E+00   0.64277E+02
  8.260   0.25816E+01   0.93878E-02  -0.36546E+02  -0.12128E+01  -0.26236E+01   0.00000E+00   0.22501E+03   0.45435E+02   0.18174E+00   0.45569E+02  -0.98817E+00   0.25115E+01   0.00000E+00   0.64277E+02
  8.280   0.18249E+01   0.66358E-02  -0.38950E+02  -0.15929E+01  -0.36936E+01   0.00000E+00   0.22608E+03   0.46315E+02   0.18526E+00   0.42458E+02  -0.10268E+01   0.25115E+01   0.00000E+00   0.64277E+02
  8.300   0.10322E+01   0.37535E-02  -0.40067E+02  -0.19912E+01  -0.48147E+01   0.00000E+00   0.22750E+03   0.47131E+02   0.18852E+00   0.39072E+02  -0.10626E+01   0.25115E+01   0.00000E+00   0.64277E+02
  8.320   0.23521E+00   0.85530E-03  -0.39248E+02  -0.22824E+01  -0.56688E+01   0.00000E+00   0.22924E+03   0.47877E+02   0.19151E+00   0.35518E+02  -0.10953E+01   0.25115E+01   0.00000E+00   0.64277E+02
  8.340  -0.52253E+00  -0.19001E-02  -0.36128E+02  -0.23596E+01  -0.59817E+01   0.00000E+00   0.23100E+03   0.48553E+02   0.19421E+00   0.32182E+02  -0.11250E+01   0.25115E+01   0.00000E+00   0.64277E+02
  8.360  -0.11949E+01  -0.43451E-02  -0.30756E+02  -0.24282E+01  -0.62596E+01   0.00000E+00   0.23261E+03   0.49167E+02   0.19667E+00   0.29258E+02  -0.11519E+01   0.25115E+01   0.00000E+00   0.64277E+02
  8.380  -0.17400E+01  -0.63275E-02  -0.23474E+02  -0.24839E+01  -0.64852E+01   0.00000E+00   0.23395E+03   0.49727E+02   0.19891E+00   0.26853E+02  -0.11765E+01   0.25115E+01   0.00000E+00   0.64277E+02
  8.400  -0.21241E+01  -0.77241E-02  -0.14731E+02  -0.25233E+01  -0.66444E+01   0.00000E+00   0.23491E+03   0.50245E+02   0.20098E+00   0.25049E+02  -0.11992E+01   0.25115E+01   0.00000E+00   0.64277E+02
  8.420  -0.23243E+01  -0.84519E-02  -0.52348E+01  -0.25440E+01  -0.67277E+01   0.00000E+00   0.23542E+03   0.50733E+02   0.20293E+00   0.23898E+02  -0.12206E+01   0.25115E+01   0.00000E+00   0.64277E+02
  8.440  -0.23367E+01  -0.84970E-02   0.37827E+01  -0.24910E+01  -0.65971E+01   0.00000E+00   0.23549E+03   0.51205E+02   0.20482E+00   0.23405E+02  -0.12413E+01   0.25115E+01   0.00000E+00   0.64277E+02
  8.460  -0.21869E+01  -0.79522E-02   0.10714E+02  -0.19124E+01  -0.51270E+01   0.00000E+00   0.23549E+03   0.51676E+02   0.20670E+00   0.23797E+02  -0.12619E+01   0.25115E+01   0.00000E+00   0.64277E+02
  8.480  -0.19280E+01  -0.70111E-02   0.14668E+02  -0.90663E+00  -0.25717E+01   0.00000E+00   0.23549E+03   0.52166E+02   0.20866E+00   0.25444E+02  -0.12834E+01   0.25115E+01   0.00000E+00   0.64277E+02
  8.500  -0.16192E+01  -0.58881E-02   0.15844E+02  -0.23729E+00  -0.84942E+00   0.00000E+00   0.23549E+03   0.52702E+02   0.21081E+00   0.28300E+02  -0.13069E+01   0.25115E+01   0.00000E+00   0.64277E+02
  8.520  -0.13065E+01  -0.47509E-02   0.15114E+02  -0.80026E-01  -0.40679E+00   0.00000E+00   0.23549E+03   0.53299E+02   0.21320E+00   0.31407E+02  -0.13331E+01   0.25115E+01   0.00000E+00   0.64277E+02
  8.540  -0.10246E+01  -0.37257E-02   0.12899E+02   0.61945E-01  -0.72509E-02   0.00000E+00   0.23549E+03   0.53958E+02   0.21583E+00   0.34515E+02  -0.13620E+01   0.25115E+01   0.00000E+00   0.64277E+02
  8.560  -0.79408E+00  -0.28876E-02   0.10151E+02   0.17810E+00   0.31961E+00   0.00000E+00   0.23549E+03   0.54679E+02   0.21872E+00   0.37550E+02  -0.13936E+01   0.25115E+01   0.00000E+00   0.64277E+02
  8.580  -0.61607E+00  -0.22403E-02   0.77687E+01   0.26784E+00   0.57213E+00   0.00000E+00   0.23549E+03   0.55460E+02   0.22184E+00   0.40490E+02  -0.14279E+01   0.25115E+01   0.00000E+00   0.64277E+02
  8.600  -0.47767E+00  -0.17370E-02   0.62348E+01   0.33758E+00   0.76838E+00   0.00000E+00   0.23549E+03   0.56298E+02   0.22519E+00   0.43358E+02  -0.14647E+01   0.25115E+01   0.00000E+00   0.64277E+02
  8.620  -0.36014E+00  -0.13096E-02   0.56814E+01   0.39672E+00   0.93482E+00   0.00000E+00   0.23549E+03   0.57194E+02   0.22877E+00   0.46203E+02  -0.15039E+01   0.25115E+01   0.00000E+00   0.64277E+02
  8.640  -0.24449E+00  -0.88904E-03   0.60181E+01   0.45482E+00   0.10984E+01   0.00000E+00   0.23549E+03   0.58146E+02   0.23259E+00   0.49083E+02  -0.15457E+01   0.25115E+01   0.00000E+00   0.64277E+02
  8.660  -0.11527E+00  -0.41916E-03   0.69778E+01   0.51966E+00   0.12809E+01   0.00000E+00   0.23549E+03   0.59158E+02   0.23663E+00   0.52051E+02  -0.15901E+01   0.25115E+01   0.00000E+00   0.64277E+02
  8.680   0.37318E-01   0.13570E-03   0.83412E+01   0.59620E+00   0.14964E+01   0.00000E+00   0.23549E+03   0.60229E+02   0.24092E+00   0.55150E+02  -0.16371E+01   0.25115E+01   0.00000E+00   0.64277E+02
  8.700   0.22144E+00   0.80523E-03   0.10163E+02   0.68854E+00   0.17564E+01   0.00000E+00   0.23549E+03   0.61365E+02   0.24546E+00   0.58419E+02  -0.16869E+01   0.25115E+01   0.00000E+00   0.64277E+02
  8.720   0.44725E+00   0.16264E-02   0.12498E+02   0.80178E+00   0.20752E+01   0.00000E+00   0.23549E+03   0.62568E+02   0.25027E+00   0.61908E+02  -0.17396E+01   0.25115E+01   0.00000E+00   0.64277E+02
  8.740   0.72477E+00   0.26355E-02   0.15345E+02   0.94095E+00   0.24670E+01   0.00000E+00   0.23549E+03   0.63843E+02   0.25537E+00   0.65670E+02  -0.17956E+01   0.25115E+01   0.00000E+00   0.64277E+02
  8.760   0.10622E+01   0.38625E-02   0.18364E+02   0.11102E+01   0.29436E+01   0.00000E+00   0.23580E+03   0.65197E+02   0.26079E+00   0.69757E+02  -0.18550E+01   0.25115E+01   0.00000E+00   0.64277E+02
  8.780   0.14549E+01   0.52906E-02   0.20722E+02   0.13073E+01   0.34986E+01   0.00000E+00   0.23627E+03   0.66635E+02   0.26654E+00   0.74180E+02  -0.19181E+01   0.25115E+01   0.00000E+00   0.64277E+02
  8.800   0.18833E+01   0.68485E-02   0.21918E+02   0.15225E+01   0.41043E+01   0.00000E+00   0.23688E+03   0.68166E+02   0.27266E+00   0.78904E+02  -0.19852E+01   0.25115E+01   0.00000E+00   0.64277E+02
  8.820   0.23232E+01   0.84481E-02   0.21856E+02   0.17108E+01   0.46446E+01   0.00000E+00   0.23760E+03   0.69793E+02   0.27917E+00   0.83864E+02  -0.20566E+01   0.25115E+01   0.00000E+00   0.64277E+02
  8.840   0.27506E+01   0.10002E-01   0.20728E+02   0.17543E+01   0.48210E+01   0.00000E+00   0.23834E+03   0.71521E+02   0.28608E+00   0.88864E+02  -0.21323E+01   0.25115E+01   0.00000E+00   0.64277E+02
  8.860   0.31483E+01   0.11448E-01   0.18987E+02   0.17948E+01   0.49853E+01   0.00000E+00   0.23905E+03   0.73347E+02   0.29339E+00   0.93802E+02  -0.22125E+01   0.25115E+01   0.00000E+00   0.64277E+02
  8.880   0.35079E+01   0.12756E-01   0.16929E+02   0.18315E+01   0.51338E+01   0.00000E+00   0.23970E+03   0.75272E+02   0.30109E+00   0.98663E+02  -0.22969E+01   0.25115E+01   0.00000E+00   0.64277E+02
  8.900   0.38215E+01   0.13897E-01   0.14286E+02   0.18635E+01   0.52635E+01   0.00000E+00   0.24028E+03   0.77293E+02   0.30917E+00   0.10344E+03  -0.23855E+01   0.25115E+01   0.00000E+00   0.64277E+02
  8.920   0.40722E+01   0.14808E-01   0.10559E+02   0.18891E+01   0.53672E+01   0.00000E+00   0.24075E+03   0.79409E+02   0.31764E+00   0.10808E+03  -0.24783E+01   0.25115E+01   0.00000E+00   0.64277E+02
  8.940   0.42352E+01   0.15401E-01   0.55248E+01   0.19059E+01   0.54349E+01   0.00000E+00   0.24106E+03   0.81615E+02   0.32646E+00   0.11254E+03  -0.25751E+01   0.25115E+01   0.00000E+00   0.64277E+02
  8.960   0.42850E+01   0.15582E-01  -0.73669E+00   0.19139E+01   0.54627E+01   0.00000E+00   0.24115E+03   0.83909E+02   0.33563E+00   0.11674E+03  -0.26757E+01   0.25115E+01   0.00000E+00   0.64277E+02
  8.980   0.42003E+01   0.15274E-01  -0.77976E+01   0.15892E+01   0.46376E+01   0.00000E+00   0.24115E+03   0.86282E+02   0.34513E+00   0.12051E+03  -0.27798E+01   0.25115E+01   0.00000E+00   0.64277E+02
  9.000   0.39745E+01   0.14453E-01  -0.14647E+02   0.71462E+00   0.24154E+01   0.00000E+00   0.24115E+03   0.88723E+02   0.35489E+00   0.12331E+03  -0.28868E+01   0.25115E+01   0.00000E+00   0.64277E+02
  9.020   0.36239E+01   0.13178E-01  -0.20097E+02  -0.36272E+00  -0.33338E+00   0.00000E+00   0.24115E+03   0.91205E+02   0.36482E+00   0.12471E+03  -0.29957E+01   0.25115E+01   0.00000E+00   0.64277E+02
  9.040   0.31800E+01   0.11564E-01  -0.24055E+02  -0.58541E+00  -0.96037E+00   0.00000E+00   0.24115E+03   0.93708E+02   0.37483E+00   0.12548E+03  -0.31055E+01   0.25115E+01   0.00000E+00   0.64277E+02
  9.060   0.26712E+01   0.97135E-02  -0.26590E+02  -0.84085E+00  -0.16795E+01   0.00000E+00   0.24130E+03   0.96223E+02   0.38489E+00   0.12606E+03  -0.32158E+01   0.25115E+01   0.00000E+00   0.64277E+02
  9.080   0.21235E+01   0.77220E-02  -0.28051E+02  -0.11160E+01  -0.24539E+01   0.00000E+00   0.24184E+03   0.98749E+02   0.39500E+00   0.12652E+03  -0.33266E+01   0.25115E+01   0.00000E+00   0.64277E+02
  9.100   0.15534E+01   0.56485E-02  -0.28885E+02  -0.14025E+01  -0.32604E+01   0.00000E+00   0.24256E+03   0.10128E+03   0.40513E+00   0.12691E+03  -0.34377E+01   0.25115E+01   0.00000E+00   0.64277E+02
  9.120   0.97179E+00   0.35338E-02  -0.29173E+02  -0.16948E+01  -0.40831E+01   0.00000E+00   0.24346E+03   0.10383E+03   0.41530E+00   0.12723E+03  -0.35492E+01   0.25115E+01   0.00000E+00   0.64277E+02
  9.140   0.38971E+00   0.14171E-02  -0.28968E+02  -0.19874E+01  -0.49067E+01   0.00000E+00   0.24454E+03   0.10637E+03   0.42549E+00   0.12754E+03  -0.36610E+01   0.25115E+01   0.00000E+00   0.64277E+02
  9.160  -0.18555E+00  -0.67472E-03  -0.28554E+02  -0.22765E+01  -0.57207E+01   0.00000E+00   0.24576E+03   0.10893E+03   0.43571E+00   0.12785E+03  -0.37730E+01   0.25115E+01   0.00000E+00   0.64277E+02
  9.180  -0.75275E+00  -0.27373E-02  -0.28203E+02  -0.23833E+01  -0.60774E+01   0.00000E+00   0.24710E+03   0.11149E+03   0.44595E+00   0.12825E+03  -0.38853E+01   0.25115E+01   0.00000E+00   0.64277E+02
  9.200  -0.13152E+01  -0.47824E-02  -0.28074E+02  -0.24405E+01  -0.63094E+01   0.00000E+00   0.24845E+03   0.11406E+03   0.45623E+00   0.12890E+03  -0.39981E+01   0.25115E+01   0.00000E+00   0.64277E+02
  9.220  -0.18771E+01  -0.68257E-02  -0.28152E+02  -0.24977E+01  -0.65413E+01   0.00000E+00   0.24984E+03   0.11664E+03   0.46658E+00   0.12977E+03  -0.41115E+01   0.25115E+01   0.00000E+00   0.64277E+02
  9.240  -0.24421E+01  -0.88804E-02  -0.28364E+02  -0.25552E+01  -0.67745E+01   0.00000E+00   0.25127E+03   0.11925E+03   0.47700E+00   0.13086E+03  -0.42258E+01   0.25115E+01   0.00000E+00   0.64277E+02
  9.260  -0.30123E+01  -0.10954E-01  -0.28672E+02  -0.26132E+01  -0.70097E+01   0.00000E+00   0.25274E+03   0.12188E+03   0.48752E+00   0.13214E+03  -0.43411E+01   0.25115E+01   0.00000E+00   0.64277E+02
  9.280  -0.35900E+01  -0.13055E-01  -0.29130E+02  -0.26720E+01  -0.72481E+01   0.00000E+00   0.25427E+03   0.12454E+03   0.49815E+00   0.13360E+03  -0.44577E+01   0.25115E+01   0.00000E+00   0.64277E+02
  9.300  -0.41780E+01  -0.15193E-01  -0.29670E+02  -0.27318E+01  -0.74907E+01   0.00000E+00   0.25586E+03   0.12723E+03   0.50890E+00   0.13522E+03  -0.45756E+01   0.25115E+01   0.00000E+00   0.64277E+02
  9.320  -0.47751E+01  -0.17364E-01  -0.29961E+02  -0.27926E+01  -0.77371E+01   0.00000E+00   0.25751E+03   0.12995E+03   0.51979E+00   0.13702E+03  -0.46950E+01   0.25115E+01   0.00000E+00   0.64277E+02
  9.340  -0.53711E+01  -0.19531E-01  -0.29394E+02  -0.32061E+01  -0.79830E+01  -0.58812E+00   0.25924E+03   0.13271E+03   0.53083E+00   0.13891E+03  -0.48160E+01   0.25115E+01   0.00000E+00   0.64277E+02
  9.360  -0.59362E+01  -0.21586E-01  -0.26699E+02  -0.41041E+01  -0.82165E+01  -0.19887E+01   0.26131E+03   0.13550E+03   0.54200E+00   0.14031E+03  -0.49385E+01   0.25115E+01   0.00000E+00   0.64277E+02
  9.380  -0.64219E+01  -0.23352E-01  -0.21436E+02  -0.48768E+01  -0.84173E+01  -0.31938E+01   0.26349E+03   0.13832E+03   0.55327E+00   0.14129E+03  -0.50620E+01   0.25115E+01   0.00000E+00   0.64277E+02
  9.400  -0.67785E+01  -0.24649E-01  -0.13911E+02  -0.54238E+01  -0.85110E+01  -0.40806E+01   0.26534E+03   0.14115E+03   0.56461E+00   0.14222E+03  -0.51864E+01   0.25115E+01   0.00000E+00   0.64277E+02
  9.420  -0.69706E+01  -0.25348E-01  -0.52231E+01  -0.56996E+01  -0.85110E+01  -0.45605E+01   0.26640E+03   0.14401E+03   0.57603E+00   0.14349E+03  -0.53116E+01   0.25115E+01   0.00000E+00   0.64277E+02
  9.440  -0.69897E+01  -0.25417E-01   0.31268E+01  -0.56995E+01  -0.84367E+01  -0.46119E+01   0.26658E+03   0.14690E+03   0.58758E+00   0.14540E+03  -0.54383E+01   0.25115E+01   0.00000E+00   0.64277E+02
  9.460  -0.68572E+01  -0.24935E-01   0.97338E+01  -0.49929E+01  -0.71368E+01  -0.42870E+01   0.26658E+03   0.14983E+03   0.59932E+00   0.14839E+03  -0.55671E+01   0.25115E+01   0.00000E+00   0.64277E+02
  9.480  -0.66180E+01  -0.24066E-01   0.13704E+02  -0.37099E+01  -0.47766E+01  -0.36969E+01   0.26658E+03   0.15284E+03   0.61137E+00   0.15305E+03  -0.56991E+01   0.25115E+01   0.00000E+00   0.64277E+02
  9.500  -0.63280E+01  -0.23011E-01   0.14868E+02  -0.24685E+01  -0.27033E+01  -0.29795E+01   0.26658E+03   0.15597E+03   0.62386E+00   0.15954E+03  -0.58361E+01   0.25115E+01   0.00000E+00   0.64277E+02
  9.520  -0.60345E+01  -0.21944E-01   0.14265E+02  -0.18847E+01  -0.22879E+01  -0.22525E+01   0.26658E+03   0.15923E+03   0.63692E+00   0.16700E+03  -0.59793E+01   0.25115E+01   0.00000E+00   0.64277E+02
  9.540  -0.57655E+01  -0.20966E-01   0.12451E+02  -0.13491E+01  -0.19068E+01  -0.15855E+01   0.26658E+03   0.16265E+03   0.65060E+00   0.17507E+03  -0.61293E+01   0.25115E+01   0.00000E+00   0.64277E+02
  9.560  -0.55437E+01  -0.20159E-01   0.95557E+01  -0.90692E+00  -0.15921E+01  -0.10349E+01   0.26658E+03   0.16624E+03   0.66494E+00   0.18357E+03  -0.62866E+01   0.25115E+01   0.00000E+00   0.64277E+02
  9.580  -0.53900E+01  -0.19600E-01   0.56546E+01  -0.59973E+00  -0.13736E+01  -0.65240E+00   0.26658E+03   0.16999E+03   0.67998E+00   0.19234E+03  -0.64514E+01   0.25115E+01   0.00000E+00   0.64277E+02
  9.600  -0.53224E+01  -0.19354E-01   0.10159E+01  -0.46350E+00  -0.12767E+01  -0.48283E+00   0.26658E+03   0.17393E+03   0.69572E+00   0.20115E+03  -0.66240E+01   0.25115E+01   0.00000E+00   0.64277E+02
  9.620  -0.53498E+01  -0.19454E-01  -0.36696E+01  -0.61133E+00  -0.15526E+01  -0.54811E+00   0.26658E+03   0.17804E+03   0.71215E+00   0.20977E+03  -0.68043E+01   0.25115E+01   0.00000E+00   0.64277E+02
  9.640  -0.54631E+01  -0.19866E-01  -0.74393E+01  -0.12174E+01  -0.26676E+01  -0.82685E+00   0.26658E+03   0.18232E+03   0.72926E+00   0.21781E+03  -0.69919E+01   0.25115E+01   0.00000E+00   0.64277E+02
  9.660  -0.56383E+01  -0.20503E-01  -0.98612E+01  -0.21580E+01  -0.43980E+01  -0.12595E+01   0.26658E+03   0.18675E+03   0.74698E+00   0.22496E+03  -0.71861E+01   0.25115E+01   0.00000E+00   0.64277E+02
  9.680  -0.58496E+01  -0.21271E-01  -0.11104E+02  -0.32945E+01  -0.64886E+01  -0.17821E+01   0.26658E+03   0.19131E+03   0.76523E+00   0.23105E+03  -0.73862E+01   0.25115E+01   0.00000E+00   0.64277E+02
  9.700  -0.60773E+01  -0.22099E-01  -0.11630E+02  -0.39045E+01  -0.72045E+01  -0.23455E+01   0.26658E+03   0.19598E+03   0.78393E+00   0.23635E+03  -0.75913E+01   0.25115E+01   0.00000E+00   0.64277E+02
# MASS = 0.01776 0.01119 KTRI = 9.90370 3.21471 KSLIP = 2.47594 0.80369 K = 5.44704 1.76810 DC = 0.05299 0.01720  H =0.0500
# XD1 = 0.28646 0.26042 XD2 = 2.29167 2.08333 T  = 0.61119 0.29340  seisdata/k
# CB = 0.20000 0.15270
# XMAX =11.69993******** YMAX = 82.86514240.72867 CEMAX =   266.584    64.277
#   DT= 0.0200  486  F7.3, 14E14.5 LKOBE04.tx
# GAMMA= 1.2000 GAMMA3= 1.5000
