## NFILE T1 T2 CB1 CB2 P1 P2 RWALL1 RWALL2 XMAX1 XMAX2 GMAX1 GMAX2 YMAX1 YMAX2 CEMAX1 CEMAX2
 1    0.10596E+01    0.45658E+00    0.50000E-01    0.77545E-01    0.17682E+01    0.11877E+01    0.97022E+01    0.65171E+01    0.20010E+03    0.16622E+03    0.72763E+00    0.66488E+00    0.27285E+03    0.31425E+03    0.88585E+02    0.20962E+02
 2    0.75304E+00    0.32641E+00    0.10000E+00    0.15020E+00    0.35365E+01    0.23005E+01    0.19404E+02    0.12623E+02    0.15221E+02    0.67624E+01    0.55348E-01    0.27049E-01    0.78684E+02    0.33692E+02    0.23335E+03    0.60958E+02
 3    0.61699E+00    0.26845E+00    0.15000E+00    0.22053E+00    0.53047E+01    0.33777E+01    0.29107E+02    0.18534E+02    0.16553E+02    0.81073E+01    0.60191E-01    0.32429E-01    0.83024E+02    0.37890E+02    0.33642E+03    0.10084E+03
 4    0.53576E+00    0.23376E+00    0.20000E+00    0.28929E+00    0.70729E+01    0.44309E+01    0.38809E+02    0.24312E+02    0.11259E+02    0.10291E+02    0.40942E-01    0.41165E-01    0.77542E+02    0.48962E+02    0.39919E+03    0.11766E+03
 5    0.43915E+00    0.19234E+00    0.30000E+00    0.42400E+00    0.10609E+02    0.64942E+01    0.58213E+02    0.35633E+02    0.14879E+02    0.84180E+01    0.54105E-01    0.33672E-01    0.91040E+02    0.44082E+02    0.54246E+03    0.17432E+03
 6    0.38152E+00    0.16758E+00    0.40000E+00    0.55503E+00    0.14146E+02    0.85012E+01    0.77618E+02    0.46646E+02    0.16969E+02    0.78711E+01    0.61707E-01    0.31484E-01    0.96455E+02    0.37873E+02    0.68071E+03    0.18275E+03
 7    0.34211E+00    0.15060E+00    0.50000E+00    0.68371E+00    0.17682E+02    0.10472E+02    0.97022E+02    0.57460E+02    0.13828E+02    0.17828E+02    0.50285E-01    0.71311E-01    0.76374E+02    0.65889E+02    0.64728E+03    0.23013E+03
 8    0.31297E+00    0.13802E+00    0.60000E+00    0.81055E+00    0.21219E+02    0.12415E+02    0.11643E+03    0.68120E+02    0.19226E+02    0.92426E+01    0.69912E-01    0.36970E-01    0.72562E+02    0.33514E+02    0.63358E+03    0.18229E+03
 9    0.29029E+00    0.12821E+00    0.70000E+00    0.93590E+00    0.24755E+02    0.14335E+02    0.13583E+03    0.78655E+02    0.16922E+02    0.83872E+01    0.61533E-01    0.33549E-01    0.67513E+02    0.31167E+02    0.62495E+03    0.18232E+03
10    0.27199E+00    0.12028E+00    0.80000E+00    0.10600E+01    0.28292E+02    0.16236E+02    0.15524E+03    0.89084E+02    0.16299E+02    0.20818E+01    0.59269E-01    0.83271E-02    0.65994E+02    0.25888E+02    0.70948E+03    0.50456E+02
11    0.25680E+00    0.11368E+00    0.90000E+00    0.11830E+01    0.31828E+02    0.18120E+02    0.17464E+03    0.99424E+02    0.12043E+02    0.18487E+01    0.43791E-01    0.73950E-02    0.55238E+02    0.21847E+02    0.64874E+03    0.49971E+02
12    0.24394E+00    0.10809E+00    0.10000E+01    0.13051E+01    0.35365E+02    0.19990E+02    0.19404E+03    0.10969E+03    0.54129E+01    0.16130E+01    0.19683E-01    0.64519E-02    0.34928E+02    0.24456E+02    0.43738E+03    0.64740E+02
