## NFILE T1 T2 CB1 CB2 P1 P2 RWALL1 RWALL2 XMAX1 XMAX2 GMAX1 GMAX2 YMAX1 YMAX2 CEMAX1 CEMAX2
 1    0.10851E+01    0.42940E+00    0.50000E-01    0.73007E-01    0.27518E+01    0.20289E+01    0.15099E+02    0.11133E+02    0.20009E+03    0.15423E+03    0.72759E+00    0.61692E+00    0.25842E+03    0.29331E+03    0.13470E+03    0.43986E+02
 2    0.77097E+00    0.30642E+00    0.10000E+00    0.14199E+00    0.55037E+01    0.39461E+01    0.30199E+02    0.21652E+02    0.15839E+02    0.80584E+01    0.57595E-01    0.32233E-01    0.77722E+02    0.42386E+02    0.32612E+03    0.11433E+03
 3    0.63156E+00    0.25171E+00    0.15000E+00    0.20905E+00    0.82555E+01    0.58098E+01    0.45298E+02    0.31878E+02    0.10395E+02    0.93320E+01    0.37799E-01    0.37328E-01    0.80327E+02    0.46677E+02    0.44248E+03    0.19480E+03
 4    0.54834E+00    0.21898E+00    0.20000E+00    0.27482E+00    0.11007E+02    0.76374E+01    0.60397E+02    0.41906E+02    0.11397E+02    0.95900E+01    0.41442E-01    0.38360E-01    0.76062E+02    0.46175E+02    0.56800E+03    0.25420E+03
 5    0.44936E+00    0.17995E+00    0.30000E+00    0.40399E+00    0.16511E+02    0.11227E+02    0.90596E+02    0.61604E+02    0.11338E+02    0.96425E+01    0.41229E-01    0.38570E-01    0.90499E+02    0.57000E+02    0.77764E+03    0.35936E+03
 6    0.39030E+00    0.15663E+00    0.40000E+00    0.53013E+00    0.22015E+02    0.14733E+02    0.12079E+03    0.80838E+02    0.14618E+02    0.93095E+01    0.53157E-01    0.37238E-01    0.96088E+02    0.51802E+02    0.97139E+03    0.37430E+03
 7    0.34992E+00    0.14065E+00    0.50000E+00    0.65430E+00    0.27518E+02    0.18183E+02    0.15099E+03    0.99772E+02    0.11410E+02    0.16958E+02    0.41490E-01    0.67832E-01    0.71797E+02    0.69794E+02    0.90767E+03    0.43899E+03
 8    0.32007E+00    0.12882E+00    0.60000E+00    0.77693E+00    0.33022E+02    0.21592E+02    0.18119E+03    0.11847E+03    0.15865E+02    0.97070E+01    0.57692E-01    0.38828E-01    0.68623E+02    0.38106E+02    0.94319E+03    0.34365E+03
 9    0.29683E+00    0.11960E+00    0.70000E+00    0.89832E+00    0.38526E+02    0.24965E+02    0.21139E+03    0.13698E+03    0.14114E+02    0.89038E+01    0.51323E-01    0.35615E-01    0.63000E+02    0.35851E+02    0.95447E+03    0.32983E+03
10    0.27808E+00    0.11214E+00    0.80000E+00    0.10187E+01    0.44030E+02    0.28310E+02    0.24159E+03    0.15533E+03    0.12075E+02    0.79682E+01    0.43907E-01    0.31873E-01    0.55431E+02    0.32818E+02    0.89061E+03    0.34144E+03
11    0.26252E+00    0.10595E+00    0.90000E+00    0.11381E+01    0.49533E+02    0.31629E+02    0.27179E+03    0.17355E+03    0.11241E+02    0.19298E+01    0.40875E-01    0.77194E-02    0.52664E+02    0.23295E+02    0.10190E+04    0.10667E+03
12    0.24935E+00    0.10071E+00    0.10000E+01    0.12568E+01    0.55037E+02    0.34927E+02    0.30199E+03    0.19165E+03    0.53193E+01    0.17026E+01    0.19343E-01    0.68104E-02    0.37026E+02    0.23034E+02    0.68248E+03    0.12834E+03
