## NFILE T1 T2 CB1 CB2 P1 P2 RWALL1 RWALL2 XMAX1 XMAX2 GMAX1 GMAX2 YMAX1 YMAX2 CEMAX1 CEMAX2
 1    0.10429E+01    0.47256E+00    0.50000E-01    0.80865E-01    0.14185E+01    0.88670E+00    0.77833E+01    0.48653E+01    0.20003E+03    0.11757E+03    0.72738E+00    0.47028E+00    0.26396E+03    0.23381E+03    0.74519E+02    0.16689E+02
 2    0.74123E+00    0.33829E+00    0.10000E+00    0.15619E+00    0.28370E+01    0.17126E+01    0.15567E+02    0.93973E+01    0.24252E+02    0.20003E+03    0.88188E-01    0.80011E+00    0.79930E+02    0.22488E+03    0.17448E+03    0.28568E+02
 3    0.60735E+00    0.27847E+00    0.15000E+00    0.22889E+00    0.42555E+01    0.25098E+01    0.23350E+02    0.13771E+02    0.13020E+02    0.71032E+01    0.47345E-01    0.28413E-01    0.84511E+02    0.33954E+02    0.25222E+03    0.66982E+02
 4    0.52742E+00    0.24264E+00    0.20000E+00    0.29983E+00    0.56740E+01    0.32876E+01    0.31133E+02    0.18039E+02    0.11767E+02    0.69916E+01    0.42788E-01    0.27966E-01    0.82280E+02    0.42479E+02    0.33592E+03    0.98031E+02
 5    0.43236E+00    0.19984E+00    0.30000E+00    0.43853E+00    0.85110E+01    0.48086E+01    0.46700E+02    0.26384E+02    0.14134E+02    0.85431E+01    0.51397E-01    0.34172E-01    0.96830E+02    0.46441E+02    0.45768E+03    0.13083E+03
 6    0.37565E+00    0.17424E+00    0.40000E+00    0.57311E+00    0.11348E+02    0.62842E+01    0.62266E+02    0.34481E+02    0.15283E+02    0.15726E+02    0.55574E-01    0.62903E-01    0.10193E+03    0.60667E+02    0.53873E+03    0.15687E+03
 7    0.33687E+00    0.15668E+00    0.50000E+00    0.70504E+00    0.14185E+02    0.77309E+01    0.77833E+02    0.42419E+02    0.11624E+02    0.11766E+02    0.42269E-01    0.47065E-01    0.93590E+02    0.54269E+02    0.52171E+03    0.18056E+03
 8    0.30821E+00    0.14366E+00    0.60000E+00    0.83491E+00    0.17022E+02    0.91549E+01    0.93400E+02    0.50233E+02    0.17132E+02    0.87989E+01    0.62299E-01    0.35196E-01    0.72417E+02    0.34067E+02    0.53410E+03    0.12692E+03
 9    0.28589E+00    0.13350E+00    0.70000E+00    0.96311E+00    0.19859E+02    0.10561E+02    0.10897E+03    0.57946E+02    0.14872E+02    0.79773E+01    0.54079E-01    0.31909E-01    0.65254E+02    0.31708E+02    0.52145E+03    0.12630E+03
10    0.26788E+00    0.12528E+00    0.80000E+00    0.10899E+01    0.22696E+02    0.11951E+02    0.12453E+03    0.65576E+02    0.13786E+02    0.20363E+01    0.50130E-01    0.81451E-02    0.62239E+02    0.24985E+02    0.56118E+03    0.36991E+02
11    0.25294E+00    0.11846E+00    0.90000E+00    0.12155E+01    0.25533E+02    0.13329E+02    0.14010E+03    0.73133E+02    0.10845E+02    0.17820E+01    0.39435E-01    0.71278E-02    0.51888E+02    0.25274E+02    0.51852E+03    0.43438E+02
12    0.24028E+00    0.11266E+00    0.10000E+01    0.13401E+01    0.28370E+02    0.14695E+02    0.15567E+03    0.80628E+02    0.49664E+01    0.15820E+01    0.18060E-01    0.63281E-02    0.36696E+02    0.23902E+02    0.35513E+03    0.48945E+02
