## NFILE T1 T2 CB1 CB2 P1 P2 RWALL1 RWALL2 XMAX1 XMAX2 GMAX1 GMAX2 YMAX1 YMAX2 CEMAX1 CEMAX2
 1    0.10596E+01    0.45658E+00    0.50000E-01    0.77545E-01    0.17682E+01    0.11877E+01    0.97022E+01    0.65171E+01    0.20005E+03    0.13561E+03    0.72745E+00    0.54245E+00    0.24808E+03    0.26400E+03    0.89319E+02    0.23795E+02
 2    0.75304E+00    0.32641E+00    0.10000E+00    0.15020E+00    0.35365E+01    0.23005E+01    0.19404E+02    0.12623E+02    0.20001E+03    0.17755E+02    0.72732E+00    0.71021E-01    0.16366E+03    0.37207E+02    0.19238E+03    0.65245E+02
 3    0.61699E+00    0.26845E+00    0.15000E+00    0.22053E+00    0.53047E+01    0.33777E+01    0.29107E+02    0.18534E+02    0.12097E+02    0.79507E+01    0.43990E-01    0.31803E-01    0.82976E+02    0.41625E+02    0.32330E+03    0.10220E+03
 4    0.53576E+00    0.23376E+00    0.20000E+00    0.28929E+00    0.70729E+01    0.44309E+01    0.38809E+02    0.24312E+02    0.11460E+02    0.71790E+01    0.41674E-01    0.28716E-01    0.79565E+02    0.43875E+02    0.39525E+03    0.13508E+03
 5    0.43915E+00    0.19234E+00    0.30000E+00    0.42400E+00    0.10609E+02    0.64942E+01    0.58213E+02    0.35633E+02    0.16114E+02    0.70238E+01    0.58597E-01    0.28095E-01    0.94238E+02    0.48017E+02    0.54922E+03    0.17515E+03
 6    0.38152E+00    0.16758E+00    0.40000E+00    0.55503E+00    0.14146E+02    0.85012E+01    0.77618E+02    0.46646E+02    0.15897E+02    0.85084E+01    0.57807E-01    0.34034E-01    0.99751E+02    0.45142E+02    0.67739E+03    0.19262E+03
 7    0.34211E+00    0.15060E+00    0.50000E+00    0.68371E+00    0.17682E+02    0.10472E+02    0.97022E+02    0.57460E+02    0.12206E+02    0.16210E+02    0.44384E-01    0.64839E-01    0.71072E+02    0.65361E+02    0.61645E+03    0.24067E+03
 8    0.31297E+00    0.13802E+00    0.60000E+00    0.81055E+00    0.21219E+02    0.12415E+02    0.11643E+03    0.68120E+02    0.18644E+02    0.51749E+01    0.67798E-01    0.20699E-01    0.83007E+02    0.28161E+02    0.69435E+03    0.12892E+03
 9    0.29029E+00    0.12821E+00    0.70000E+00    0.93590E+00    0.24755E+02    0.14335E+02    0.13583E+03    0.78655E+02    0.14586E+02    0.83584E+01    0.53040E-01    0.33434E-01    0.64443E+02    0.33266E+02    0.63589E+03    0.17751E+03
10    0.27199E+00    0.12028E+00    0.80000E+00    0.10600E+01    0.28292E+02    0.16236E+02    0.15524E+03    0.89084E+02    0.12349E+02    0.74500E+01    0.44904E-01    0.29800E-01    0.56315E+02    0.31557E+02    0.59044E+03    0.18684E+03
11    0.25680E+00    0.11368E+00    0.90000E+00    0.11830E+01    0.31828E+02    0.18120E+02    0.17464E+03    0.99424E+02    0.10995E+02    0.18490E+01    0.39980E-01    0.73962E-02    0.52131E+02    0.24414E+02    0.64966E+03    0.60199E+02
12    0.24394E+00    0.10809E+00    0.10000E+01    0.13051E+01    0.35365E+02    0.19990E+02    0.19404E+03    0.10969E+03    0.52661E+01    0.16132E+01    0.19150E-01    0.64528E-02    0.37220E+02    0.23841E+02    0.42797E+03    0.69710E+02
