## NFILE T1 T2 CB1 CB2 P1 P2 RWALL1 RWALL2 XMAX1 XMAX2 GMAX1 GMAX2 YMAX1 YMAX2 CEMAX1 CEMAX2
 1    0.10833E+01    0.43137E+00    0.50000E-01    0.73302E-01    0.20048E+01    0.14696E+01    0.11000E+02    0.80634E+01    0.18757E+03    0.20014E+03    0.68208E+00    0.80058E+00    0.27772E+03    0.36730E+03    0.98793E+02    0.26496E+02
 2    0.76974E+00    0.30787E+00    0.10000E+00    0.14253E+00    0.40096E+01    0.28574E+01    0.22001E+02    0.15678E+02    0.15137E+02    0.79374E+01    0.55043E-01    0.31750E-01    0.76527E+02    0.37083E+02    0.24587E+03    0.85790E+02
 3    0.63057E+00    0.25291E+00    0.15000E+00    0.20980E+00    0.60144E+01    0.42061E+01    0.33001E+02    0.23079E+02    0.15596E+02    0.89411E+01    0.56714E-01    0.35764E-01    0.80441E+02    0.47513E+02    0.35196E+03    0.12044E+03
 4    0.54748E+00    0.22004E+00    0.20000E+00    0.27576E+00    0.80192E+01    0.55284E+01    0.44001E+02    0.30334E+02    0.26671E+02    0.69574E+01    0.96987E-01    0.27830E-01    0.75325E+02    0.41969E+02    0.38830E+03    0.11616E+03
 5    0.44866E+00    0.18084E+00    0.30000E+00    0.40530E+00    0.12029E+02    0.81254E+01    0.66002E+02    0.44584E+02    0.11547E+02    0.10598E+02    0.41990E-01    0.42392E-01    0.87602E+02    0.50007E+02    0.56727E+03    0.24727E+03
 6    0.38970E+00    0.15741E+00    0.40000E+00    0.53175E+00    0.16038E+02    0.10661E+02    0.88002E+02    0.58494E+02    0.15433E+02    0.86784E+01    0.56121E-01    0.34714E-01    0.93373E+02    0.44392E+02    0.71971E+03    0.25672E+03
 7    0.34939E+00    0.14136E+00    0.50000E+00    0.65621E+00    0.20048E+02    0.13156E+02    0.11000E+03    0.72185E+02    0.20804E+02    0.11472E+02    0.75650E-01    0.45890E-01    0.83005E+02    0.40016E+02    0.70907E+03    0.25699E+03
 8    0.31959E+00    0.12947E+00    0.60000E+00    0.77913E+00    0.24058E+02    0.15620E+02    0.13200E+03    0.85706E+02    0.20491E+02    0.56139E+01    0.74512E-01    0.22456E-01    0.84997E+02    0.31025E+02    0.74762E+03    0.17639E+03
 9    0.29639E+00    0.12021E+00    0.70000E+00    0.90077E+00    0.28067E+02    0.18059E+02    0.15400E+03    0.99087E+02    0.16040E+02    0.90378E+01    0.58329E-01    0.36151E-01    0.66015E+02    0.33878E+02    0.68152E+03    0.24756E+03
10    0.27767E+00    0.11272E+00    0.80000E+00    0.10214E+01    0.32077E+02    0.20476E+02    0.17600E+03    0.11235E+03    0.13443E+02    0.79317E+01    0.48885E-01    0.31727E-01    0.58721E+02    0.30764E+02    0.64022E+03    0.24556E+03
11    0.26214E+00    0.10650E+00    0.90000E+00    0.11411E+01    0.36086E+02    0.22876E+02    0.19800E+03    0.12552E+03    0.61129E+01    0.42253E+01    0.22229E-01    0.16901E-01    0.57639E+02    0.32184E+02    0.69593E+03    0.24924E+03
12    0.24898E+00    0.10123E+00    0.10000E+01    0.12600E+01    0.40096E+02    0.25260E+02    0.22001E+03    0.13860E+03    0.54800E+01    0.16948E+01    0.19927E-01    0.67792E-02    0.35275E+02    0.23821E+02    0.50709E+03    0.86024E+02
