## NFILE T1 T2 CB1 CB2 P1 P2 RWALL1 RWALL2 XMAX1 XMAX2 GMAX1 GMAX2 YMAX1 YMAX2 CEMAX1 CEMAX2
 1    0.11305E+01    0.51011E+00    0.50000E-01    0.54574E-01    0.17682E+01    0.83590E+00    0.97022E+01    0.45865E+01    0.11960E+03    0.20014E+03    0.43489E+00    0.80056E+00    0.22339E+03    0.37897E+03    0.87618E+02    0.15898E+02
 2    0.80478E+00    0.36384E+00    0.10000E+00    0.10584E+00    0.35365E+01    0.16212E+01    0.19404E+02    0.88953E+01    0.73571E+02    0.20008E+03    0.26753E+00    0.80032E+00    0.10807E+03    0.30238E+03    0.15286E+03    0.43845E+02
 3    0.66013E+00    0.29878E+00    0.15000E+00    0.15552E+00    0.53047E+01    0.23821E+01    0.29107E+02    0.13070E+02    0.97798E+01    0.20000E+03    0.35563E-01    0.80001E+00    0.74623E+02    0.23786E+03    0.27400E+03    0.97933E+02
 4    0.57374E+00    0.25986E+00    0.20000E+00    0.20412E+00    0.70729E+01    0.31265E+01    0.38809E+02    0.17155E+02    0.99915E+01    0.20003E+03    0.36333E-01    0.80012E+00    0.72181E+02    0.21645E+03    0.32934E+03    0.14141E+03
 5    0.47100E+00    0.21353E+00    0.30000E+00    0.29905E+00    0.10609E+02    0.45804E+01    0.58213E+02    0.25133E+02    0.10768E+02    0.12355E+02    0.39155E-01    0.49420E-01    0.69493E+02    0.64867E+02    0.36680E+03    0.22487E+03
 6    0.40958E+00    0.18579E+00    0.40000E+00    0.39179E+00    0.14146E+02    0.60009E+01    0.77618E+02    0.32927E+02    0.10114E+02    0.23334E+02    0.36777E-01    0.93336E-01    0.75077E+02    0.94730E+02    0.44219E+03    0.31712E+03
 7    0.36748E+00    0.16675E+00    0.50000E+00    0.48335E+00    0.17682E+02    0.74033E+01    0.97022E+02    0.40622E+02    0.93895E+01    0.21073E+02    0.34144E-01    0.84293E-01    0.66501E+02    0.96034E+02    0.45479E+03    0.38306E+03
 8    0.33643E+00    0.15270E+00    0.60000E+00    0.57309E+00    0.21219E+02    0.87779E+01    0.11643E+03    0.48164E+02    0.82374E+01    0.17862E+02    0.29954E-01    0.71448E-01    0.48062E+02    0.76146E+02    0.41811E+03    0.40549E+03
 9    0.31225E+00    0.14175E+00    0.70000E+00    0.66177E+00    0.24755E+02    0.10136E+02    0.13583E+03    0.55617E+02    0.13322E+02    0.18758E+02    0.48443E-01    0.75031E-01    0.59987E+02    0.52449E+02    0.43958E+03    0.32549E+03
10    0.29272E+00    0.13290E+00    0.80000E+00    0.74956E+00    0.28292E+02    0.11481E+02    0.15524E+03    0.62994E+02    0.57967E+01    0.20662E+02    0.21079E-01    0.82650E-01    0.39589E+02    0.86643E+02    0.26866E+03    0.38451E+03
11    0.27652E+00    0.12555E+00    0.90000E+00    0.83658E+00    0.31828E+02    0.12814E+02    0.17464E+03    0.70308E+02    0.99620E+01    0.14329E+02    0.36225E-01    0.57317E-01    0.48696E+02    0.45121E+02    0.37995E+03    0.32785E+03
12    0.26279E+00    0.11932E+00    0.10000E+01    0.92293E+00    0.35365E+02    0.14136E+02    0.19404E+03    0.77565E+02    0.20174E+01    0.15338E+02    0.73360E-02    0.61351E-01    0.21586E+02    0.63003E+02    0.11858E+03    0.35925E+03
