0.000218556701030928	1	0.000824742268041237	0
0.000663917525773196	7	0.00103092783505155	0
0.00134020618556701	18	0.00144329896907216	0
0.00193814432989691	22	0.00206185567010309	0
0.00282474226804124	33	0.00309278350515464	0
0.00377731958762887	40	0.00371134020618557	0
0.00537319587628866	52	0.00515463917525773	0
0.0064	56	0.00639175257731959	0
0.00711340206185567	60	0.0065979381443299	0
0.00833814432989691	66	0.00783505154639175	0
0.00892783505154639	68	0.00804123711340206	0
0.00945154639175258	71	0.00865979381443299	0
0.00995463917525773	73	0.00907216494845361	0
0.0105773195876289	75	0.00989690721649484	0
0.0113979381443299	79	0.0103092783505155	0
0.0122721649484536	82	0.0111340206185567	0
0.0132948453608247	87	0.0115463917525773	0
0.0142474226804124	90	0.0129896907216495	0
0.015459793814433	96	0.0136082474226804	0
0.0163711340206186	100	0.0144329896907217	0
0.0178639175257732	105	0.0160824742268041	0
0.0191711340206186	110	0.0169072164948454	0
0.0206226804123711	115	0.0187628865979381	0
0.0215340206185567	120	0.0191752577319588	0
0.0231958762886598	125	0.0202061855670103	0
0.024280412371134	130	0.0212371134020619	0
0.0256824742268041	135	0.0224742268041237	0
0.0269030927835052	142	0.0235051546391753	0
0.0282639175257732	145	0.0245360824742268	0
0.0294268041237113	149	0.025360824742268	0
0.0305855670103093	153	0.025979381443299	0
0.0316577319587629	156	0.0270103092783505	0
0.0328041237113402	160	0.0280412371134021	0
0.0338020618556701	165	0.0292783505154639	0
0.0351092783505155	170	0.0301030927835052	0
0.0367422680412371	176	0.0311340206185567	0
0.0381319587628866	183	0.0321649484536082	0
0.0396948453608247	186	0.0336082474226804	0
0.0408453608247423	192	0.0348453608247423	0
0.0424453608247423	196	0.0356701030927835	0
0.0435752577319588	201	0.0369072164948454	0
0.0463134020618557	208	0.0387628865979381	0
0.0467546391752577	210	0.0395876288659794	0
0.0479257731958763	215	0.0404123711340206	0
0.0494268041237113	217	0.0418556701030928	0
0.0501030927835052	220	0.0420618556701031	0
0.0518969072164948	224	0.0437113402061856	0
0.0533979381443299	231	0.045360824742268	0
0.0553567010309278	234	0.0463917525773196	0
0.0557237113402062	236	0.0465979381443299	0
0.0576824742268041	240	0.0488659793814433	0
0.0590020618556701	244	0.0494845360824742	0
0.0605237113402062	253	0.0507216494845361	0
0.0637319587628866	259	0.0529896907216495	0
0.0663422680412371	264	0.0552577319587629	0
0.0682886597938144	271	0.0569072164948454	0
0.0699422680412371	275	0.0575257731958763	0
0.0717360824742268	279	0.0593814432989691	0
0.072140206185567	280	0.0597938144329897	0
