0.000218556701030928	1
0.000663917525773196	7
0.00134020618556701	18
0.00193814432989691	22
0.00282474226804124	33
0.00377731958762887	40
0.00537319587628866	52
0.0064	56
0.00711340206185567	60
0.00833814432989691	66
0.00892783505154639	68
0.00945154639175258	71
0.00995463917525773	73
0.0105773195876289	75
0.0113979381443299	79
0.0122721649484536	82
0.0132948453608247	87
0.0142474226804124	90
0.015459793814433	96
0.0163711340206186	100
0.0178639175257732	105
0.0191711340206186	110
0.0206226804123711	115
0.0215340206185567	120
0.0231958762886598	125
0.024280412371134	130
0.0256824742268041	135
0.0269030927835052	142
0.0282639175257732	145
0.0294268041237113	149
0.0305855670103093	153
0.0316577319587629	156
0.0328041237113402	160
0.0338020618556701	165
0.0351092783505155	170
0.0367422680412371	176
0.0381319587628866	183
0.0396948453608247	186
0.0408453608247423	192
0.0424453608247423	196
0.0435752577319588	201
0.0463134020618557	208
0.0467546391752577	210
0.0479257731958763	215
0.0494268041237113	217
0.0501030927835052	220
0.0518969072164948	224
0.0533979381443299	231
0.0553567010309278	234
0.0557237113402062	236
0.0576824742268041	240
0.0590020618556701	244
0.0605237113402062	253
0.0637319587628866	259
0.0663422680412371	264
0.0682886597938144	271
0.0699422680412371	275
0.0717360824742268	279
0.072140206185567	280
