#変形角	gamma	gamma2	変位計1	変位計2	変位計3	変位計4	変位計5	変位計6	変位計7	変位計8	変位計9	変位計10	変位計11	変位計12	変位計13	荷重14	荷重0
-9.07216494845361e-05	0.000206185567010309	-0.22	0	0	0.01	0	0	-0.01	0	0	0	0	0.5	0	0	-8
-9.07216494845361e-05	0	-0.21	0.01	0	0	0	0	-0.01	0.01	0	0	0	0.5	0.5	0	-8
0.000218556701030928	0.000824742268041237	0.64	0.11	-0.01	0	0	0	0	0	0	0	0	2	0	0	1
0.000663917525773196	0.00103092783505155	1.72	0.11	0	-0.01	0.01	-0.01	0.01	0	0	0	0	2.5	0	0	7
0.00134020618556701	0.00144329896907216	3.46	0.21	0	-0.01	0.08	-0.02	0.03	0	0	0	0	4	0.5	0	18
0.00193814432989691	0.00206185567010309	4.92	0.22	0	0	0.13	-0.03	0.04	0	0	0	0	5.5	0.5	0	22
0.00282474226804124	0.00309278350515464	7.17	0.32	0.01	0	0.22	-0.05	0.05	0.01	0	0	0	8	0.5	0	33
0.00377731958762887	0.00371134020618557	9.58	0.42	0.01	-0.01	0.34	-0.07	0.08	0.02	0	0	0	10	1	0	40
0.00537319587628866	0.00515463917525773	13.64	0.61	0.11	0.02	0.49	-0.07	0.1	0.07	0	0	0	13.5	1	0	52
0.00544742268041237	0.00536082474226804	13.84	0.63	0.1	0	0.5	-0.09	0.1	0.07	0	0	0	13.5	0.5	0	49
0.00492783505154639	0.00474226804123711	12.58	0.63	0.1	-0.01	0.47	-0.09	0.09	0.07	0	0	0	12	0.5	0	39
0.00448659793814433	0.0043298969072165	11.41	0.53	0.09	-0.01	0.43	-0.09	0.08	0.07	0	0	0	11	0.5	0	33
0.00393814432989691	0.00412371134020619	10.07	0.52	0.1	0	0.38	-0.08	0.09	0.06	0	0	0	10	0	0	26
0.00329896907216495	0.00329896907216495	8.42	0.42	0.1	-0.01	0.31	-0.1	0.06	0.04	0	0	0	8	0	0	19
0.00245360824742268	0.0022680412371134	6.37	0.42	0.1	0.01	0.24	-0.1	0.05	0.03	0	0	0	6	0.5	0	9
0.00197113402061856	0.0022680412371134	5.11	0.33	0.09	0	0.2	-0.1	0.03	0.03	0	0	0	5	-0.5	0	3
0.00150103092783505	0.00164948453608247	3.95	0.31	0.09	0	0.16	-0.09	0.02	0.02	0	0	0	4	0	0	-4
0.00129072164948454	0.00206185567010309	3.45	0.32	0.01	0	0.14	-0.08	0.02	0.01	0	0	0	4.5	-0.5	0	-3
0.00205773195876289	0.0022680412371134	5.31	0.32	-0.01	0	0.16	-0.08	0.04	0.02	0	0	0	5.5	0	0	13
0.00261855670103093	0.00288659793814433	6.77	0.42	0	0	0.2	-0.08	0.04	0.02	0	0	0	7.5	0.5	0	22
0.00325360824742268	0.00350515463917526	8.31	0.42	0	0	0.27	-0.09	0.07	0.03	0	0	0	9	0.5	0	29
0.00454845360824742	0.00350515463917526	9.49	-1.54	0.04	0	0.31	-0.09	0.07	0.03	0	0	0	9.5	1	0	35
0.00424742268041237	0.00412371134020619	10.83	0.53	0.09	0	0.37	-0.1	0.07	0.03	0	0	0	11	1	0	40
0.00501443298969072	0.00474226804123711	12.78	0.62	0.11	0	0.45	-0.09	0.09	0.06	0	0	0	12.5	1	0	46
0.00564123711340206	0.00556701030927835	14.32	0.64	0.1	0	0.52	-0.08	0.1	0.09	0	0	0	14.5	1	0	51
0.0064	0.00639175257731959	16.25	0.73	0.11	0	0.58	-0.1	0.12	0.13	0	0	0	16.5	1	0	56
0.00711340206185567	0.0065979381443299	18.1	0.85	0.11	0.01	0.64	-0.09	0.12	0.18	0	0	0	17.5	1.5	0	60
0.00833814432989691	0.00783505154639175	21.18	0.96	0.1	-0.01	0.76	-0.1	0.13	0.24	0	0	0	21	2	0	66
0.00892783505154639	0.00804123711340206	22.64	0.99	0.11	0	0.82	-0.1	0.14	0.28	0	0	0	22	2.5	0	68
0.00945154639175258	0.00865979381443299	23.97	1.05	0.1	0	0.86	-0.09	0.14	0.31	0	0	0	23.5	2.5	0	71
0.00995463917525773	0.00907216494845361	25.23	1.09	0.11	0	0.92	-0.09	0.15	0.34	0	0	0	24.5	2.5	0	73
0.0105773195876289	0.00989690721649484	26.81	1.16	0.16	0	0.97	-0.1	0.16	0.38	0	0	0	27	3	0	75
0.0113979381443299	0.0103092783505155	28.9	1.26	0.21	0	1.04	-0.11	0.16	0.43	0	0	0	28	3	0	79
0.0122721649484536	0.0111340206185567	31.12	1.36	0.22	0.01	1.11	-0.1	0.17	0.5	0	0	0	30.5	3.5	0	82
0.0132948453608247	0.0115463917525773	33.71	1.47	0.22	0.01	1.18	-0.1	0.2	0.55	0	0	0	32.5	4.5	0	87
0.0142474226804124	0.0129896907216495	36.12	1.57	0.22	0.01	1.26	-0.1	0.19	0.6	0	0	0	35.5	4	0	90
0.015459793814433	0.0136082474226804	39.28	1.79	0.21	0	1.37	-0.11	0.22	0.68	0	0	0	37.5	4.5	0	96
0.0163711340206186	0.0144329896907217	41.59	1.89	0.27	0.01	1.44	-0.1	0.23	0.72	0	0	0	40.5	5.5	0	100
0.0164082474226804	0.0144329896907217	41.68	1.89	0.28	0.01	1.42	-0.1	0.24	0.72	0	0	0	39.5	4.5	0	96
0.0160123711340206	0.0142268041237113	40.73	1.9	0.28	0	1.38	-0.09	0.24	0.73	0	0	0	38.5	4	0	88
0.0155340206185567	0.014020618556701	39.57	1.9	0.28	0	1.35	-0.1	0.24	0.72	0	0	0	38	4	0	86
0.014940206185567	0.0134020618556701	38.04	1.81	0.28	0	1.31	-0.1	0.22	0.68	0	0	0	36	3.5	0	81
0.0143876288659794	0.0131958762886598	36.68	1.79	0.28	0	1.28	-0.09	0.21	0.65	0	0	0	35	3	0	75
0.0137979381443299	0.0125773195876289	35.15	1.69	0.27	-0.01	1.24	-0.1	0.2	0.61	0	0	0	33.5	3	0	71
0.013039175257732	0.0117525773195876	33.31	1.69	0.28	0	1.17	-0.11	0.19	0.57	0	0	0	31.5	3	0	65
0.0125319587628866	0.011340206185567	31.98	1.59	0.27	-0.01	1.14	-0.12	0.18	0.54	0	0	0	31	3.5	0	60
0.0115422680412371	0.0103092783505155	29.58	1.59	0.23	0	1.09	-0.1	0.17	0.48	0	0	0	28	3	0	55
0.0107958762886598	0.00969072164948454	27.65	1.47	0.21	0	1	-0.11	0.16	0.43	0	0	0	26	2.5	0	49
0.0100865979381443	0.00927835051546392	25.9	1.44	0.2	0	0.96	-0.1	0.16	0.39	0	0	0	25	2.5	0	45
0.00919175257731959	0.0088659793814433	23.67	1.38	0.22	0	0.86	-0.11	0.14	0.33	0	0	0	23	1.5	0	40
0.00844948453608248	0.00804123711340206	21.76	1.27	0.2	0.01	0.78	-0.11	0.14	0.28	0	0	0	21.5	2	0	35
0.00781030927835052	0.00742268041237113	20.21	1.27	0.2	0	0.72	-0.11	0.15	0.24	0	0	0	19.5	1.5	0	31
0.00690721649484536	0.00701030927835052	17.91	1.16	0.2	-0.01	0.63	-0.11	0.13	0.17	0	0	0	18	1	0	26
0.0060701030927835	0.00618556701030928	15.78	1.06	0.1	-0.01	0.56	-0.11	0.12	0.13	0	0	0	16	1	0	20
0.00519587628865979	0.00515463917525773	13.56	0.96	0.1	-0.01	0.49	-0.1	0.12	0.09	0	0	0	13.5	1	0	15
0.00443298969072165	0.00474226804123711	11.71	0.96	0.1	0	0.43	-0.1	0.12	0.07	0	0	0	12	0.5	0	9
0.00348041237113402	0.00391752577319588	9.29	0.85	0.1	-0.01	0.36	-0.11	0.12	0.05	0	0	0	10	0.5	0	0
0.00324123711340206	0.00391752577319588	8.6	0.74	0.1	0	0.35	-0.1	0.11	0.05	0	0	0	10	0.5	0	-1
0.0037979381443299	0.00412371134020619	10.06	0.85	0.1	0	0.34	-0.1	0.11	0.05	0	0	0	11	1	0	12
0.00451134020618557	0.00474226804123711	11.81	0.87	0.1	0	0.37	-0.09	0.13	0.06	0	0	0	12.5	1	0	22
0.00504329896907217	0.00515463917525773	13.18	0.95	0.1	-0.01	0.42	-0.1	0.12	0.08	0	0	0	13.5	1	0	26
0.00550927835051546	0.00536082474226804	14.32	0.96	0.1	-0.01	0.46	-0.09	0.14	0.1	0	0	0	14.5	1.5	0	30
0.00634639175257732	0.00639175257731959	16.45	1.06	0.1	0	0.52	-0.1	0.15	0.15	0	0	0	17	1.5	0	38
0.0068659793814433	0.0065979381443299	17.71	1.06	0.09	0	0.57	-0.1	0.16	0.18	0	0	0	18	2	0	42
0.00758350515463918	0.00721649484536083	19.55	1.16	0.1	0	0.63	-0.11	0.16	0.21	0	0	0	19.5	2	0	45
0.00845360824742268	0.00762886597938144	21.76	1.26	0.1	0	0.73	-0.11	0.17	0.27	0	0	0	21	2.5	0	51
0.00918350515463917	0.00804123711340206	23.58	1.31	0.1	-0.01	0.79	-0.1	0.18	0.31	0	0	0	22.5	3	0	56
0.00995876288659794	0.00907216494845361	25.52	1.37	0.1	-0.01	0.87	-0.11	0.19	0.35	0	0	0	25	3	0	60
0.0109072164948454	0.00989690721649484	27.93	1.48	0.18	-0.01	0.94	-0.12	0.19	0.41	0	0	0	27.5	3.5	0	66
0.0115422680412371	0.0109278350515464	29.57	1.58	0.2	-0.01	1.01	-0.11	0.21	0.45	0	0	0	29	2.5	0	70
0.0126103092783505	0.0115463917525773	32.17	1.59	0.21	-0.01	1.1	-0.11	0.22	0.51	0	0	0	31.5	3.5	0	76
0.0132742268041237	0.0115463917525773	33.9	1.71	0.2	0	1.14	-0.11	0.22	0.56	0	0	0	32.5	4.5	0	80
0.0144659793814433	0.0129896907216495	36.88	1.8	0.21	0	1.25	-0.12	0.23	0.62	0	0	0	35.5	4	0	88
0.0150969072164948	0.0136082474226804	38.51	1.9	0.2	0	1.3	-0.11	0.24	0.66	0	0	0	37.5	4.5	0	89
0.0162432989690722	0.0144329896907217	41.4	2.01	0.28	0	1.42	-0.11	0.25	0.72	0	0	0	40	5	0	98
0.0167216494845361	0.0150515463917526	42.55	2	0.31	0	1.46	-0.11	0.25	0.74	0	0	0	41.5	5	0	100
0.0178639175257732	0.0160824742268041	45.44	2.12	0.32	-0.01	1.55	-0.11	0.27	0.81	0	0	0	44	5	0	105
0.0191711340206186	0.0169072164948454	48.7	2.21	0.32	-0.01	1.66	-0.11	0.29	0.89	0	0	0	46.5	5.5	0	110
0.0206226804123711	0.0187628865979381	52.45	2.44	0.31	-0.01	1.79	-0.11	0.31	0.98	0	0	0	51	5.5	0	115
0.0215340206185567	0.0191752577319588	54.76	2.54	0.34	-0.01	1.87	-0.1	0.33	1.02	0	0	0	53	6.5	0	120
0.0231958762886598	0.0202061855670103	58.89	2.64	0.41	-0.01	2	-0.1	0.35	1.12	0	0	0	56.5	7.5	0	125
0.024280412371134	0.0212371134020619	61.68	2.8	0.4	-0.01	2.1	-0.12	0.38	1.19	0	0	0	59	7.5	0	130
0.0256824742268041	0.0224742268041237	65.24	2.96	0.4	-0.02	2.21	-0.12	0.4	1.24	0	0	0	62.5	8	0	135
0.0269030927835052	0.0235051546391753	68.31	3.07	0.41	-0.01	2.34	-0.12	0.43	1.32	0	0	0	65.5	8.5	0	142
0.0282639175257732	0.0245360824742268	71.78	3.24	0.48	0	2.46	-0.14	0.44	1.39	0	0	0	68.5	9	0	145
0.0294268041237113	0.025360824742268	74.67	3.31	0.52	-0.01	2.57	-0.14	0.46	1.45	0	0	0	71.5	10	0	149
0.0295711340206186	0.0255670103092784	75.16	3.45	0.56	-0.01	2.58	-0.15	0.48	1.47	0	0	0	71	9	0	145
0.0290762886597938	0.0249484536082474	73.89	3.38	0.51	-0.01	2.54	-0.15	0.47	1.46	0	0	0	69.5	9	0	140
0.0280948453608247	0.0241237113402062	71.5	3.37	0.5	-0.01	2.56	-0.15	0.46	1.42	0	0	0	67	8.5	0	130
0.0270969072164948	0.0235051546391753	68.98	3.27	0.53	0	2.55	-0.16	0.46	1.37	0	0	0	66	9	0	120
0.0263134020618557	0.0224742268041237	66.97	3.16	0.52	-0.01	2.54	-0.16	0.45	1.32	0	0	0	62.5	8	0	115
0.0256329896907216	0.0222680412371134	65.33	3.17	0.51	-0.01	2.51	-0.15	0.44	1.28	0	0	0	62	8	0	109
0.024919587628866	0.0216494845360825	63.5	3.07	0.51	-0.01	2.44	-0.16	0.42	1.24	0	0	0	59.5	7	0	105
0.0244041237113402	0.0208247422680412	62.24	3.06	0.51	0	2.4	-0.17	0.43	1.21	0	0	0	58	7.5	0	100
0.023579381443299	0.0206185567010309	60.14	2.96	0.52	-0.01	2.33	-0.17	0.41	1.18	0	0	0	56.5	6.5	0	94
0.0230226804123711	0.02	58.79	2.96	0.52	-0.01	2.28	-0.16	0.41	1.14	0	0	0	55.5	7	0	90
0.0221113402061856	0.0193814432989691	56.49	2.87	0.41	-0.01	2.21	-0.17	0.4	1.09	0	0	0	53.5	6.5	0	84
0.0214845360824742	0.0187628865979381	54.95	2.85	0.4	-0.01	2.14	-0.17	0.39	1.05	0	0	0	52	6.5	0	80
0.0208123711340206	0.0183505154639175	53.22	2.75	0.41	-0.01	2.08	-0.18	0.38	1.01	0	0	0	50.5	6	0	76
0.0199422680412371	0.0177319587628866	51	2.64	0.42	0	1.97	-0.17	0.37	0.95	0	0	0	48.5	5.5	0	71
0.0183257731958763	0.0164948453608247	46.97	2.53	0.42	-0.02	1.79	-0.18	0.34	0.87	0	0	0	45	5	0	60
0.0165484536082474	0.014639175257732	42.46	2.33	0.31	0	1.58	-0.18	0.32	0.76	0	0	0	40.5	5	0	50
0.0154350515463918	0.0136082474226804	39.66	2.23	0.31	-0.01	1.44	-0.18	0.31	0.7	0	0	0	38	5	0	46
0.0145690721649485	0.0129896907216495	37.55	2.22	0.32	0	1.33	-0.18	0.29	0.65	0	0	0	35.5	4	0	42
0.0135752577319588	0.0123711340206186	35.04	2.12	0.31	-0.01	1.22	-0.16	0.28	0.58	0	0	0	34	4	0	35
0.0123092783505155	0.0111340206185567	31.87	2.02	0.21	0	1.07	-0.15	0.26	0.51	0	0	0	30.5	3.5	0	30
0.0114103092783505	0.0103092783505155	29.58	1.91	0.21	0	0.96	-0.14	0.25	0.46	0	0	0	28	3	0	26
0.0104948453608247	0.00948453608247423	27.25	1.8	0.19	-0.01	0.85	-0.13	0.25	0.4	0	0	0	26	3	0	21
0.00934432989690722	0.00865979381443299	24.36	1.7	0.19	-0.02	0.73	-0.11	0.23	0.32	0	0	0	23.5	2.5	0	14
0.00843711340206186	0.00783505154639175	22.05	1.59	0.1	-0.01	0.65	-0.09	0.22	0.27	0	0	0	21	2	0	11
0.00792164948453608	0.00762886597938144	20.69	1.48	0.11	0	0.6	-0.08	0.2	0.23	0	0	0	20	1.5	0	7
0.00696907216494845	0.00680412371134021	18.29	1.39	0.09	-0.02	0.54	-0.05	0.21	0.18	0	0	0	18	1.5	0	0
0.00677113402061856	0.00680412371134021	17.8	1.38	0.11	-0.01	0.52	-0.03	0.2	0.17	0	0	0	18	1.5	0	4
0.00757938144329897	0.00721649484536083	19.82	1.44	0.09	-0.01	0.54	-0.04	0.22	0.2	0	0	0	20	2.5	0	18
0.00819381443298969	0.00783505154639175	21.36	1.49	0.09	0	0.58	-0.05	0.23	0.24	0	0	0	21.5	2.5	0	21
0.00875463917525773	0.00804123711340206	22.82	1.59	0.09	-0.01	0.63	-0.06	0.23	0.28	0	0	0	22.5	3	0	26
0.00954639175257732	0.0088659793814433	24.74	1.59	0.1	0.01	0.69	-0.07	0.26	0.32	0	0	0	24.5	3	0	30
0.010659793814433	0.00969072164948454	27.55	1.7	0.08	-0.01	0.79	-0.09	0.27	0.38	0	0	0	27	3.5	0	36
0.0115752577319588	0.0105154639175258	29.86	1.79	0.1	-0.01	0.88	-0.11	0.29	0.44	0	0	0	29	3.5	0	43
0.0126309278350515	0.011340206185567	32.54	1.91	0.12	0	0.98	-0.12	0.31	0.5	0	0	0	31	3.5	0	49
0.0137484536082474	0.0121649484536082	35.33	1.99	0.2	-0.01	1.1	-0.13	0.32	0.57	0	0	0	34	4.5	0	57
0.0147216494845361	0.0129896907216495	37.83	2.13	0.2	-0.01	1.18	-0.13	0.34	0.62	0	0	0	36	4.5	0	60
0.0158061855670103	0.0144329896907217	40.53	2.2	0.2	-0.01	1.28	-0.16	0.34	0.68	0	0	0	39.5	4.5	0	67
0.0164329896907216	0.014639175257732	42.17	2.32	0.2	0	1.34	-0.16	0.35	0.73	0	0	0	40.5	5	0	70
0.0172536082474227	0.0152577319587629	44.27	2.43	0.2	-0.01	1.43	-0.16	0.36	0.77	0	0	0	42.5	5.5	0	76
0.0181773195876289	0.0164948453608247	46.51	2.43	0.31	-0.01	1.52	-0.16	0.38	0.82	0	0	0	45	5	0	80
0.0191958762886598	0.0169072164948454	49.09	2.54	0.3	0	1.61	-0.16	0.4	0.89	0	0	0	47	6	0	86
0.0200659793814433	0.0177319587628866	51.31	2.65	0.31	-0.02	1.7	-0.15	0.4	0.94	0	0	0	49	6	0	90
0.0207257731958763	0.0181443298969072	53.01	2.75	0.32	-0.01	1.76	-0.15	0.4	0.97	0	0	0	50.5	6.5	0	94
0.021480412371134	0.0189690721649485	54.84	2.75	0.31	-0.02	1.82	-0.16	0.42	1.02	0	0	0	52	6	0	98
0.0226309278350515	0.0195876288659794	57.74	2.86	0.35	0	1.94	-0.17	0.44	1.08	0	0	0	55	7.5	0	106
0.0235340206185567	0.0208247422680412	60.03	2.96	0.41	-0.01	2.02	-0.16	0.44	1.13	0	0	0	57.5	7	0	111
0.0248494845360825	0.0216494845360825	63.31	3.05	0.43	0.01	2.14	-0.16	0.45	1.19	0	0	0	60.5	8	0	119
0.0259546391752577	0.0228865979381443	66.1	3.16	0.41	-0.01	2.24	-0.16	0.47	1.27	0	0	0	63.5	8	0	123
0.026940206185567	0.0235051546391753	68.6	3.27	0.41	-0.01	2.33	-0.16	0.47	1.33	0	0	0	65	8	0	132
0.0278845360824742	0.0241237113402062	71	3.38	0.41	0	2.41	-0.16	0.48	1.37	0	0	0	68	9.5	0	136
0.0284783505154639	0.0247422680412371	72.44	3.38	0.5	0	2.47	-0.16	0.49	1.41	0	0	0	69	9	0	140
0.0305855670103093	0.025979381443299	77.75	3.58	0.52	-0.01	2.66	-0.16	0.5	1.52	0	0	0	74	11	0	153
0.0316577319587629	0.0270103092783505	80.47	3.7	0.51	-0.01	2.78	-0.16	0.51	1.6	0	0	0	76.5	11	0	156
0.0328041237113402	0.0280412371134021	83.36	3.81	0.51	-0.01	2.89	-0.15	0.53	1.66	0	0	0	79	11	0	160
0.0338020618556701	0.0292783505154639	85.88	3.91	0.51	-0.01	3	-0.15	0.54	1.71	0	0	0	82.5	11.5	0	165
0.0351092783505155	0.0301030927835052	89.16	4.02	0.61	-0.01	3.1	-0.16	0.55	1.78	0	0	0	85	12	0	170
0.0367422680412371	0.0311340206185567	93.33	4.23	0.62	-0.01	3.32	-0.17	0.56	1.87	0	0	0	88.5	13	0	176
0.0381319587628866	0.0321649484536082	96.8	4.33	0.62	0	3.5	-0.18	0.58	1.95	0	0	0	91.5	13.5	0	183
0.0396948453608247	0.0336082474226804	100.8	4.54	0.62	-0.01	3.7	-0.18	0.59	2.03	0	0	0	95.5	14	0	186
0.0408453608247423	0.0348453608247423	103.7	4.65	0.62	0	3.91	-0.2	0.61	2.11	0	0	0	98.5	14	0	192
0.0424453608247423	0.0356701030927835	107.72	4.79	0.72	0	4.19	-0.21	0.62	2.2	0	0	0	101.5	15	0	196
0.0435752577319588	0.0369072164948454	110.63	4.96	0.72	-0.01	4.48	-0.23	0.64	2.27	0	0	0	104	14.5	0	201
0.0463134020618557	0.0387628865979381	117.49	5.18	0.72	-0.02	4.83	-0.29	0.66	2.39	0	0	0	110.5	16.5	0	208
0.0467546391752577	0.0395876288659794	118.66	5.28	0.72	0.01	4.89	-0.29	0.67	2.43	0	0	0	112	16	0	210
0.0479257731958763	0.0404123711340206	121.61	5.39	0.72	-0.01	5.02	-0.3	0.67	2.5	0	0	0	114.5	16.5	0	215
0.0494268041237113	0.0418556701030928	125.48	5.62	0.72	-0.01	5.19	-0.33	0.69	2.59	0	0	0	118.5	17	0	217
0.0501030927835052	0.0420618556701031	127.22	5.72	0.79	-0.01	5.29	-0.33	0.69	2.61	0	0	0	119.5	17.5	0	220
0.0518969072164948	0.0437113402061856	131.75	5.9	0.82	0	5.48	-0.35	0.71	2.71	0	0	0	123.5	17.5	0	224
0.0533979381443299	0.045360824742268	135.62	6.13	0.82	-0.01	5.64	-0.38	0.71	2.79	0	0	0	128	18	0	231
0.0553567010309278	0.0463917525773196	140.56	6.32	0.83	-0.01	5.86	-0.4	0.73	2.92	0	0	0	132	19.5	0	234
0.0557237113402062	0.0465979381443299	141.55	6.42	0.82	0	5.9	-0.41	0.73	2.93	0	0	0	132.5	19.5	0	236
0.0556742268041237	0.0465979381443299	141.55	6.54	0.83	0.01	5.89	-0.45	0.73	2.93	0	0	0	132	19	0	228
0.0556907216494845	0.0465979381443299	141.59	6.54	0.66	-0.01	5.9	-0.46	0.72	2.94	0	0	0	132	19	0	227
0.0561072164948454	0.0474226804123711	142.61	6.55	0.82	-0.01	5.91	-0.46	0.73	2.95	0	0	0	133.5	18.5	0	232
0.0570556701030928	0.0482474226804124	145.01	6.65	0.83	0	6.04	-0.46	0.72	3	0	0	0	136	19	0	236
0.0576824742268041	0.0488659793814433	146.64	6.76	0.82	-0.01	6.15	-0.46	0.73	3.03	0	0	0	137.5	19	0	240
0.0590020618556701	0.0494845360824742	149.94	6.86	0.82	-0.01	6.3	-0.45	0.76	3.11	0	0	0	139.5	19.5	0	244
0.0605237113402062	0.0507216494845361	153.85	7.08	0.93	-0.01	6.5	-0.45	0.78	3.19	0	0	0	143	20	0	253
0.0637319587628866	0.0529896907216495	162.04	7.49	0.93	0.01	6.83	-0.49	0.79	3.37	0	0	0	150	21.5	0	259
0.0663422680412371	0.0552577319587629	168.69	7.81	0.94	0	7.13	-0.53	0.79	3.5	0	0	0	156.5	22.5	0	264
0.0682886597938144	0.0569072164948454	173.71	8.11	0.93	0	7.36	-0.56	0.81	3.61	0	0	0	161	23	0	271
0.0699422680412371	0.0575257731958763	177.95	8.34	1.03	0	7.55	-0.58	0.81	3.71	0	0	0	163.5	24	0	275
0.0717360824742268	0.0593814432989691	182.6	8.64	1.04	-0.01	7.74	-0.6	0.81	3.8	0	0	0	168.5	24.5	0	279
0.072140206185567	0.0597938144329897	183.57	8.63	1.03	0.01	7.76	-0.6	0.81	3.83	0	0	0	169	24	0	280
0.0720865979381443	0.0593814432989691	183.66	8.85	1.02	-0.03	7.66	-0.68	0.76	3.83	0	0	0	168.5	24.5	0	266
0.0716865979381443	0.0593814432989691	182.69	8.85	1.03	-0.02	7.63	-0.68	0.75	3.83	0	0	0	168	24	0	255
0.0712824742268041	0.0585567010309278	181.63	8.77	1.03	-0.03	7.63	-0.69	0.76	3.81	0	0	0	166	24	0	252
0.0708329896907217	0.0583505154639175	180.53	8.76	1.03	-0.01	7.6	-0.67	0.76	3.78	0	0	0	165.5	24	0	247
0.0702927835051546	0.0579381443298969	179.13	8.67	1.03	-0.01	7.56	-0.68	0.76	3.75	0	0	0	164	23.5	0	242
0.0697773195876289	0.0577319587628866	177.87	8.66	1.04	-0.01	7.52	-0.68	0.76	3.73	0	0	0	163	23	0	237
0.0692123711340206	0.0577319587628866	176.49	8.65	1.03	-0.01	7.48	-0.68	0.75	3.69	0	0	0	162.5	22.5	0	232
0.0687010309278351	0.0567010309278351	175.15	8.55	1.03	-0.01	7.43	-0.68	0.76	3.67	0	0	0	161	23.5	0	229
0.0679463917525773	0.0564948453608247	173.32	8.55	1.03	-0.01	7.36	-0.68	0.75	3.63	0	0	0	159.5	22.5	0	221
0.0671917525773196	0.0558762886597938	171.39	8.45	1.03	-0.01	7.28	-0.67	0.76	3.58	0	0	0	157.5	22	0	218
0.066639175257732	0.0554639175257732	170.03	8.43	1.04	-0.01	7.23	-0.68	0.75	3.55	0	0	0	156.5	22	0	212
0.0657979381443299	0.0548453608247423	167.9	8.34	1.04	-0.01	7.19	-0.68	0.77	3.5	0	0	0	155	22	0	199
0.0650886597938144	0.054020618556701	166.08	8.24	1.04	-0.01	7.15	-0.68	0.77	3.45	0	0	0	153	22	0	190
0.064020618556701	0.0531958762886598	163.48	8.23	1.04	-0.01	7.05	-0.68	0.77	3.39	0	0	0	150.5	21.5	0	181
0.0631917525773196	0.0527835051546392	161.36	8.12	1.05	0	6.95	-0.69	0.76	3.34	0	0	0	149	21	0	173
0.0627917525773196	0.0521649484536083	160.4	8.13	1.04	0	6.9	-0.69	0.77	3.32	0	0	0	148	21.5	0	171
0.0613731958762887	0.051340206185567	156.84	8.01	0.93	0	6.73	-0.68	0.76	3.24	0	0	0	145	20.5	0	164
0.0604164948453608	0.0507216494845361	154.43	7.92	0.94	0	6.62	-0.68	0.76	3.19	0	0	0	143	20	0	159
0.0592989690721649	0.0498969072164948	151.6	7.8	0.95	0	6.46	-0.68	0.76	3.12	0	0	0	140.5	19.5	0	152
0.0569773195876289	0.0478350515463918	145.78	7.61	0.92	-0.01	6.05	-0.69	0.74	3	0	0	0	135	19	0	145
0.0548865979381443	0.0463917525773196	140.5	7.4	0.83	-0.01	5.8	-0.68	0.73	2.88	0	0	0	130.5	18	0	133
0.0531587628865979	0.0449484536082474	136.08	7.17	0.83	-0.01	5.56	-0.68	0.73	2.78	0	0	0	127	18	0	122
0.0521278350515464	0.0441237113402062	133.48	7.07	0.82	-0.01	5.44	-0.66	0.73	2.73	0	0	0	124.5	17.5	0	116
0.0509773195876289	0.0430927835051546	130.59	6.97	0.8	0	5.3	-0.67	0.73	2.66	0	0	0	121.5	17	0	108
0.0503546391752577	0.042680412371134	128.96	6.85	0.72	0	5.2	-0.65	0.74	2.62	0	0	0	120	16.5	0	105
0.0493773195876289	0.0414432989690722	126.49	6.75	0.72	-0.01	5.07	-0.65	0.73	2.56	0	0	0	117	16.5	0	100
0.0486350515463917	0.0410309278350515	124.73	6.79	0.73	0	4.99	-0.64	0.73	2.53	0	0	0	115.5	16	0	95
0.0478886597938144	0.0406185567010309	122.8	6.67	0.73	-0.01	4.9	-0.63	0.73	2.49	0	0	0	114	15.5	0	90
0.0473030927835052	0.0397938144329897	121.27	6.56	0.72	-0.01	4.8	-0.65	0.72	2.45	0	0	0	112.5	16	0	87
0.0463422680412371	0.0389690721649485	118.83	6.45	0.65	-0.01	4.69	-0.62	0.73	2.4	0	0	0	110.5	16	0	80
0.0452453608247423	0.0383505154639175	116.06	6.34	0.62	-0.01	4.54	-0.6	0.71	2.33	0	0	0	107.5	14.5	0	81
0.0441731958762887	0.037319587628866	113.35	6.23	0.63	-0.01	4.41	-0.59	0.72	2.27	0	0	0	105.5	15	0	76
0.0431051546391753	0.0364948453608247	110.65	6.12	0.62	-0.01	4.23	-0.58	0.7	2.21	0	0	0	103	14.5	0	71
0.0421072164948454	0.0356701030927835	108.13	6.02	0.63	0	4.11	-0.56	0.7	2.16	0	0	0	101	14.5	0	66
0.0409237113402062	0.034639175257732	105.15	5.91	0.52	-0.01	3.97	-0.52	0.7	2.1	0	0	0	98	14	0	60
0.0394886597938144	0.0334020618556701	101.47	5.71	0.51	-0.01	3.79	-0.47	0.7	2	0	0	0	94.5	13.5	0	50
0.0375340206185567	0.0319587628865979	96.51	5.49	0.41	0	3.53	-0.41	0.69	1.89	0	0	0	90	12.5	0	40
0.0360618556701031	0.0307216494845361	92.73	5.28	0.41	-0.01	3.34	-0.36	0.69	1.81	0	0	0	86.5	12	0	35
0.0353030927835052	0.0298969072164948	90.78	5.17	0.41	0	3.25	-0.34	0.7	1.77	0	0	0	84.5	12	0	32
0.0336577319587629	0.028659793814433	86.58	4.96	0.31	0	3.06	-0.26	0.69	1.68	0	0	0	80.5	11	0	25
0.0321814432989691	0.0272164948453608	82.79	4.75	0.31	-0.01	2.85	-0.19	0.67	1.57	0	0	0	77	11	0	20
0.0286969072164948	0.0247422680412371	73.92	4.33	0.19	-0.01	2.43	0	0.64	1.38	0	0	0	69.5	9.5	0	11
0.0275257731958763	0.0237113402061856	70.88	4.13	0.19	-0.02	2.29	0.08	0.62	1.31	0	0	0	66.5	9	0	4
0.0265731958762887	0.0228865979381443	68.33	3.89	0.19	0	2.19	0.18	0.61	1.26	0	0	0	64	8.5	0	-1
