0.00057319587628866	12	0.00103092783505155	13
0.000903092783505155	28	0.000824742268041237	40
0.0010680412371134	34	0.00103092783505155	58
0.00119175257731959	40	0.00164948453608247	65
0.00189278350515464	51	0.00164948453608247	93
0.00201649484536082	59	0.00164948453608247	105
0.00304329896907217	70	0.00268041237113402	113
0.0033319587628866	71	0.00329896907216495	113
0.0033319587628866	74	0.00268041237113402	90
0.00399175257731959	81	0.00391752577319588	120
0.00489484536082474	92	0.00474226804123711	123
0.00588453608247423	101	0.00556701030927835	145
0.00654020618556701	104	0.00597938144329897	135
0.00703505154639175	107	0.0065979381443299	143
0.00744742268041237	118	0.00721649484536083	165
0.00785979381443299	128	0.00762886597938144	188
0.0080659793814433	129	0.00783505154639175	188
0.00847422680412371	135	0.00783505154639175	203
0.00868041237113402	138	0.00824742268041237	218
0.00917525773195876	147	0.00845360824742268	230
0.00950515463917526	152	0.0088659793814433	233
0.00991752577319588	159	0.00927835051546392	245
0.0103711340206186	166	0.00948453608247423	260
0.0115628865979381	177	0.0101030927835052	293
0.0119298969072165	186	0.0103092783505155	313
0.0123422680412371	196	0.0111340206185567	338
0.0127917525773196	204	0.0109278350515464	355
0.0132082474226804	213	0.0115463917525773	380
0.013579381443299	220	0.0119587628865979	395
0.0139876288659794	229	0.0119587628865979	415
0.0144412371134021	237	0.0123711340206186	435
0.0148123711340206	238	0.0129896907216495	450
0.0149773195876289	242	0.0129896907216495	458
0.015220618556701	245	0.0129896907216495	463
0.0170886597938144	260	0.0156701030927835	523
0.018119587628866	281	0.0167010309278351	578
0.0190226804123711	300	0.0175257731958763	625
0.0198432989690722	305	0.0175257731958763	655
0.0205030927835052	321	0.0187628865979381	698
0.0214103092783505	341	0.0195876288659794	738
0.0219835051546392	350	0.0197938144329897	758
0.0241649484536082	360	0.0218556701030928	768
