0.00057319587628866	12
0.000903092783505155	28
0.0010680412371134	34
0.00119175257731959	40
0.00189278350515464	51
0.00201649484536082	59
0.00304329896907217	70
0.0033319587628866	71
0.0033319587628866	74
0.00399175257731959	81
0.00489484536082474	92
0.00588453608247423	101
0.00654020618556701	104
0.00703505154639175	107
0.00744742268041237	118
0.00785979381443299	128
0.0080659793814433	129
0.00847422680412371	135
0.00868041237113402	138
0.00917525773195876	147
0.00950515463917526	152
0.00991752577319588	159
0.0103711340206186	166
0.0115628865979381	177
0.0119298969072165	186
0.0123422680412371	196
0.0127917525773196	204
0.0132082474226804	213
0.013579381443299	220
0.0139876288659794	229
0.0144412371134021	237
0.0148123711340206	238
0.0149773195876289	242
0.015220618556701	245
0.0170886597938144	260
0.018119587628866	281
0.0190226804123711	300
0.0198432989690722	305
0.0205030927835052	321
0.0214103092783505	341
0.0219835051546392	350
0.0241649484536082	360
