## NFILE T1 T2 CB1 CB2 P1 P2 RWALL1 RWALL2 XMAX1 XMAX2 GMAX1 GMAX2 YMAX1 YMAX2 CEMAX1 CEMAX2
 1    0.11391E+01    0.49029E+00    0.50000E-01    0.78013E-01    0.17682E+01    0.11949E+01    0.97022E+01    0.65564E+01    0.20008E+03    0.66449E+02    0.72757E+00    0.26579E+00    0.25018E+03    0.14564E+03    0.78024E+02    0.23329E+02
 2    0.80937E+00    0.35037E+00    0.10000E+00    0.15129E+00    0.35365E+01    0.23173E+01    0.19404E+02    0.12715E+02    0.30920E+02    0.20003E+03    0.11244E+00    0.80012E+00    0.79558E+02    0.26230E+03    0.19126E+03    0.38987E+02
 3    0.66305E+00    0.28810E+00    0.15000E+00    0.22229E+00    0.53047E+01    0.34047E+01    0.29107E+02    0.18682E+02    0.15253E+02    0.20004E+03    0.55466E-01    0.80017E+00    0.82919E+02    0.21731E+03    0.27656E+03    0.73229E+02
 4    0.57571E+00    0.25083E+00    0.20000E+00    0.29173E+00    0.70729E+01    0.44683E+01    0.38809E+02    0.24517E+02    0.14221E+02    0.76227E+01    0.51714E-01    0.30491E-01    0.82411E+02    0.39366E+02    0.37799E+03    0.11355E+03
 5    0.47193E+00    0.20643E+00    0.30000E+00    0.42733E+00    0.10609E+02    0.65452E+01    0.58213E+02    0.35913E+02    0.12454E+02    0.84454E+01    0.45287E-01    0.33782E-01    0.91418E+02    0.43446E+02    0.49176E+03    0.15872E+03
 6    0.40987E+00    0.17977E+00    0.40000E+00    0.56030E+00    0.14146E+02    0.85819E+01    0.77618E+02    0.47089E+02    0.19814E+02    0.79429E+01    0.72050E-01    0.31771E-01    0.10194E+03    0.39178E+02    0.63121E+03    0.16208E+03
 7    0.36751E+00    0.16155E+00    0.50000E+00    0.69034E+00    0.17682E+02    0.10574E+02    0.97022E+02    0.58017E+02    0.15157E+02    0.23932E+02    0.55116E-01    0.95727E-01    0.88573E+02    0.79436E+02    0.61737E+03    0.20606E+03
 8    0.33620E+00    0.14805E+00    0.60000E+00    0.81851E+00    0.21219E+02    0.12537E+02    0.11643E+03    0.68789E+02    0.24072E+02    0.11285E+02    0.87536E-01    0.45141E-01    0.82525E+02    0.36831E+02    0.57300E+03    0.17283E+03
 9    0.31182E+00    0.13752E+00    0.70000E+00    0.94516E+00    0.24755E+02    0.14477E+02    0.13583E+03    0.79433E+02    0.10231E+02    0.13233E+02    0.37205E-01    0.52933E-01    0.86081E+02    0.71490E+02    0.55082E+03    0.25426E+03
10    0.29215E+00    0.12901E+00    0.80000E+00    0.10705E+01    0.28292E+02    0.16397E+02    0.15524E+03    0.89970E+02    0.20343E+02    0.98467E+01    0.73975E-01    0.39387E-01    0.73921E+02    0.34039E+02    0.59769E+03    0.18673E+03
11    0.27584E+00    0.12194E+00    0.90000E+00    0.11948E+01    0.31828E+02    0.18301E+02    0.17464E+03    0.10042E+03    0.20611E+02    0.19795E+01    0.74950E-01    0.79181E-02    0.72015E+02    0.26258E+02    0.69620E+03    0.38208E+02
12    0.26202E+00    0.11595E+00    0.10000E+01    0.13182E+01    0.35365E+02    0.20190E+02    0.19404E+03    0.11078E+03    0.79185E+01    0.17218E+01    0.28795E-01    0.68872E-02    0.47673E+02    0.32298E+02    0.50234E+03    0.64387E+02
