## NFILE T1 T2 CB1 CB2 P1 P2 RWALL1 RWALL2 XMAX1 XMAX2 GMAX1 GMAX2 YMAX1 YMAX2 CEMAX1 CEMAX2
 1    0.11460E+01    0.55288E+00    0.50000E-01    0.48929E-01    0.14185E+01    0.53652E+00    0.77833E+01    0.29439E+01    0.12487E+03    0.20015E+03    0.45408E+00    0.80061E+00    0.19446E+03    0.38308E+03    0.72298E+02    0.10393E+02
 2    0.81668E+00    0.39431E+00    0.10000E+00    0.94703E-01    0.28370E+01    0.10384E+01    0.15567E+02    0.56979E+01    0.35909E+02    0.20004E+03    0.13058E+00    0.80015E+00    0.81383E+02    0.29322E+03    0.14484E+03    0.32082E+02
 3    0.67041E+00    0.32378E+00    0.15000E+00    0.13896E+00    0.42555E+01    0.15237E+01    0.23350E+02    0.83605E+01    0.11342E+02    0.20002E+03    0.41245E-01    0.80009E+00    0.82151E+02    0.23113E+03    0.22974E+03    0.52513E+02
 4    0.58302E+00    0.28159E+00    0.20000E+00    0.18218E+00    0.56740E+01    0.19977E+01    0.31133E+02    0.10961E+02    0.10711E+02    0.20001E+03    0.38950E-01    0.80006E+00    0.76957E+02    0.22975E+03    0.26866E+03    0.76730E+02
 5    0.47908E+00    0.23136E+00    0.30000E+00    0.26645E+00    0.85110E+01    0.29217E+01    0.46700E+02    0.16031E+02    0.10219E+02    0.20004E+03    0.37161E-01    0.80015E+00    0.73805E+02    0.18040E+03    0.32435E+03    0.13643E+03
 6    0.41691E+00    0.20129E+00    0.40000E+00    0.34863E+00    0.11348E+02    0.38228E+01    0.62266E+02    0.20975E+02    0.98990E+01    0.16605E+02    0.35996E-01    0.66418E-01    0.66220E+02    0.95268E+02    0.33973E+03    0.21068E+03
 7    0.37424E+00    0.18064E+00    0.50000E+00    0.42980E+00    0.14185E+02    0.47128E+01    0.77833E+02    0.25859E+02    0.92086E+01    0.28271E+02    0.33486E-01    0.11308E+00    0.58057E+02    0.10882E+03    0.32707E+03    0.29148E+03
 8    0.34280E+00    0.16541E+00    0.60000E+00    0.50909E+00    0.17022E+02    0.55822E+01    0.93400E+02    0.30629E+02    0.83191E+01    0.24253E+02    0.30251E-01    0.97011E-01    0.46749E+02    0.10274E+03    0.30188E+03    0.32457E+03
 9    0.31831E+00    0.15354E+00    0.70000E+00    0.58734E+00    0.19859E+02    0.64403E+01    0.10897E+03    0.35338E+02    0.14347E+02    0.12935E+02    0.52172E-01    0.51739E-01    0.59381E+02    0.52903E+02    0.34893E+03    0.25275E+03
10    0.29847E+00    0.14393E+00    0.80000E+00    0.66523E+00    0.22696E+02    0.72944E+01    0.12453E+03    0.40024E+02    0.10833E+02    0.21203E+02    0.39394E-01    0.84814E-01    0.53111E+02    0.57922E+02    0.30500E+03    0.26123E+03
11    0.28211E+00    0.13599E+00    0.90000E+00    0.74138E+00    0.25533E+02    0.81293E+01    0.14010E+03    0.44605E+02    0.22075E+01    0.10946E+02    0.80274E-02    0.43785E-01    0.22613E+02    0.81513E+02    0.99375E+02    0.30440E+03
12    0.26820E+00    0.12924E+00    0.10000E+01    0.81738E+00    0.28370E+02    0.89627E+01    0.15567E+03    0.49178E+02    0.19412E+01    0.19610E+02    0.70588E-02    0.78439E-01    0.21190E+02    0.73831E+02    0.86641E+02    0.27770E+03
