#NFILE T1 T2 CB1 CB2 P1 P2 RWALL1 RWALL2 XMAX1 XMAX2 GMAX1 GMAX2 YMAX1 YMAX2 CEMAX1 CEMAX2
 1    0.11705E+01    0.53141E+00    0.50000E-01    0.46909E-01    0.17682E+01    0.71849E+00    0.97022E+01    0.39423E+01    0.11530E+03    0.20015E+03    0.41926E+00    0.80059E+00    0.22716E+03    0.38677E+03    0.87934E+02    0.14722E+02
 2    0.83384E+00    0.37864E+00    0.10000E+00    0.91038E-01    0.35365E+01    0.13944E+01    0.19404E+02    0.76511E+01    0.49415E+02    0.20007E+03    0.17969E+00    0.80026E+00    0.80037E+02    0.30822E+03    0.12778E+03    0.14090E+02
 3    0.68431E+00    0.31071E+00    0.15000E+00    0.13382E+00    0.53047E+01    0.20497E+01    0.29107E+02    0.11247E+02    0.15934E+02    0.20004E+03    0.57941E-01    0.80016E+00    0.80268E+02    0.25291E+03    0.27763E+03    0.67966E+02
 4    0.59497E+00    0.27011E+00    0.20000E+00    0.17569E+00    0.70729E+01    0.26910E+01    0.38809E+02    0.14765E+02    0.10092E+02    0.20002E+03    0.36698E-01    0.80008E+00    0.73190E+02    0.23322E+03    0.31397E+03    0.10341E+03
 5    0.48872E+00    0.22178E+00    0.30000E+00    0.25749E+00    0.10609E+02    0.39439E+01    0.58213E+02    0.21640E+02    0.92355E+01    0.20008E+03    0.33584E-01    0.80032E+00    0.69081E+02    0.20227E+03    0.36380E+03    0.18146E+03
 6    0.42517E+00    0.19286E+00    0.40000E+00    0.33742E+00    0.14146E+02    0.51681E+01    0.77618E+02    0.28357E+02    0.91061E+01    0.20005E+03    0.33113E-01    0.80021E+00    0.65650E+02    0.16608E+03    0.37849E+03    0.27699E+03
 7    0.38157E+00    0.17301E+00    0.50000E+00    0.41645E+00    0.17682E+02    0.63787E+01    0.97022E+02    0.34999E+02    0.86002E+01    0.29196E+02    0.31274E-01    0.11678E+00    0.53448E+02    0.11021E+03    0.35694E+03    0.39782E+03
 8    0.34944E+00    0.15838E+00    0.60000E+00    0.49382E+00    0.21219E+02    0.75636E+01    0.11643E+03    0.41501E+02    0.14050E+02    0.18504E+02    0.51092E-01    0.74018E-01    0.61487E+02    0.75770E+02    0.40055E+03    0.37611E+03
 9    0.32441E+00    0.14697E+00    0.70000E+00    0.57026E+00    0.24755E+02    0.87344E+01    0.13583E+03    0.47926E+02    0.13890E+02    0.13721E+02    0.50511E-01    0.54883E-01    0.57570E+02    0.56359E+02    0.40890E+03    0.34965E+03
10    0.30420E+00    0.13776E+00    0.80000E+00    0.64593E+00    0.28292E+02    0.98934E+01    0.15524E+03    0.54285E+02    0.10156E+02    0.21520E+02    0.36932E-01    0.86080E-01    0.51002E+02    0.59125E+02    0.34944E+03    0.35587E+03
11    0.28742E+00    0.13012E+00    0.90000E+00    0.72093E+00    0.31828E+02    0.11042E+02    0.17464E+03    0.60588E+02    0.21938E+01    0.23888E+02    0.79776E-02    0.95550E-01    0.21540E+02    0.86226E+02    0.10908E+03    0.39433E+03
12    0.27320E+00    0.12364E+00    0.10000E+01    0.79535E+00    0.35365E+02    0.12182E+02    0.19404E+03    0.66843E+02    0.19425E+01    0.20072E+02    0.70637E-02    0.80286E-01    0.19698E+02    0.75488E+02    0.10244E+03    0.37891E+03
