#変形角	gamma	gamma2	変位計1	変位計2	変位計3	変位計4	変位計5	変位計6	変位計7	変位計8	変位計9	変位計10	変位計11	変位計12	変位計13	荷重14	荷重0
8.24742268041237e-06	2.06185567010309e-05	0	-0.02	-0.02	-0.01	-0.01	-0.01	0	0	0	0	0	0	-0.05	3	0
0.000280412371134021	6.18556701030928e-05	0.68	0	0.02	0	0	-0.01	0	0	0.04	0.06	0.6	0.15	0	18	13
0.00100618556701031	0.000123711340206186	2.44	0	-0.01	-0.01	0.12	0.02	0.08	0	0.32	0.04	0.74	0.3	0	85	56
0.00152989690721649	0.000164948453608247	3.8	0.09	-0.02	-0.02	0.2	0.04	0.13	0	0.46	0.1	0.7	0.45	0.05	143	92
0.00181855670103093	0.000144329896907216	4.49	0.08	-0.01	-0.01	0.27	0.01	0.13	0	0.62	0.14	0.74	0.4	0.05	183	115
0.00197113402061856	0.000164948453608247	4.88	0.1	-0.01	-0.01	0.28	0.03	0.15	-0.01	0.66	0.16	0.76	0.3	-0.1	178	117
0.00223505154639175	0.000247422680412371	5.56	0.14	0.01	-0.02	0.29	0.04	0.17	-0.03	0.78	0.2	0.74	0.55	-0.05	253	152
0.00265567010309278	0.000247422680412371	6.55	0.11	-0.01	0.06	0.41	0.02	0.2	-0.02	0.92	0.26	0.78	0.5	-0.1	303	183
0.0029319587628866	0.000309278350515464	7.21	0.1	-0.01	0.06	0.49	0.01	0.21	-0.02	1.04	0.32	0.82	0.7	-0.05	343	208
0.00314639175257732	0.000329896907216495	7.8	0.17	-0.01	0.05	0.5	0.01	0.22	-0.02	1.1	0.4	0.86	0.75	-0.05	325	206
0.00336907216494845	0.000371134020618557	8.36	0.19	-0.02	0.04	0.51	0	0.23	-0.03	1.14	0.36	0.86	0.85	-0.05	393	240
0.00385567010309278	0.000391752577319588	9.55	0.2	-0.01	0.05	0.65	-0.01	0.26	-0.04	1.42	0.5	0.88	0.95	0	453	280
0.00442061855670103	0.000412371134020619	10.91	0.19	-0.02	0.05	0.7	-0.04	0.29	-0.04	1.64	0.66	0.94	1	0	510	317
0.0045360824742268	0.00043298969072165	11.2	0.2	-0.01	0.06	0.76	-0.04	0.29	-0.03	1.72	0.72	0.94	1	-0.05	465	292
0.00489896907216495	0.000474226804123711	12.07	0.19	-0.03	0.06	0.79	-0.04	0.31	-0.04	1.84	0.8	0.96	1.1	-0.05	558	343
0.00552989690721649	0.000536082474226804	13.6	0.19	-0.01	0.06	0.88	-0.04	0.33	-0.03	2.16	1.02	0.96	1.3	0	620	386
0.00607835051546392	0.000536082474226804	14.98	0.24	-0.01	0.07	0.96	-0.05	0.35	-0.04	2.4	1.24	0.98	1.35	0.05	665	413
0.00663505154639175	0.000639175257731959	16.39	0.3	-0.04	0.06	1.03	-0.06	0.36	-0.04	2.74	1.5	1.02	1.55	0	710	444
0.00720824742268041	0.000701030927835052	17.78	0.3	-0.09	0.05	1.1	-0.07	0.38	-0.04	3.04	1.8	1	1.7	0	753	471
0.00777731958762887	0.000721649484536082	19.16	0.3	-0.12	0.05	1.17	-0.07	0.39	-0.04	3.32	2.12	1.08	1.8	0.05	795	494
0.00829278350515464	0.000721649484536082	20.52	0.41	-0.11	0.05	1.24	-0.1	0.42	-0.02	3.64	2.6	1.1	1.95	0.2	735	468
0.00856494845360825	0.000742268041237113	21.19	0.42	-0.1	0.06	1.25	-0.1	0.42	-0.01	3.76	2.64	1.1	2	0.2	820	513
0.00916288659793814	0.000845360824742268	22.64	0.42	-0.11	0.06	1.37	-0.11	0.44	-0.01	4.1	2.9	1.12	2.1	0.05	890	555
0.00975670103092783	0.000865979381443299	24.07	0.41	-0.11	0.06	1.45	-0.11	0.45	0.01	4.42	3.24	1.12	2.3	0.2	905	574
0.0102350515463918	0.00088659793814433	25.33	0.51	-0.11	0.05	1.53	-0.11	0.47	0.02	4.74	3.54	1.14	2.4	0.25	933	595
0.0107587628865979	0.000969072164948453	26.58	0.49	-0.11	0.05	1.61	-0.12	0.48	0.03	5.06	3.78	1.16	2.55	0.2	958	610
0.0114721649484536	0.00101030927835052	28.33	0.51	-0.22	0.06	1.69	-0.13	0.49	0.08	5.48	4.16	1.18	2.7	0.25	993	633
0.0120247422680412	0.00103092783505155	29.77	0.61	-0.23	0.07	1.69	-0.14	0.49	0.09	5.82	4.42	1.2	2.8	0.3	1020	651
0.0126185567010309	0.00107216494845361	31.21	0.61	-0.22	0.08	1.78	-0.15	0.5	0.11	6.18	4.74	1.24	2.9	0.3	1045	667
0.0132659793814433	0.00111340206185567	32.78	0.61	-0.23	0.07	1.86	-0.16	0.51	0.14	6.58	5.06	1.28	3.05	0.35	1078	689
0.0138762886597938	0.00117525773195876	34.35	0.7	-0.24	0.07	1.94	-0.16	0.55	0.17	6.96	5.34	1.32	3.25	0.4	1110	701
0.0145319587628866	0.00121649484536082	35.93	0.69	-0.33	0.09	1.96	-0.18	0.57	0.25	7.42	5.58	1.42	3.35	0.4	1135	715
0.0150020618556701	0.00125773195876289	37.19	0.81	-0.34	0.07	2.08	-0.19	0.57	0.28	7.78	5.78	1.46	3.45	0.4	1163	740
0.0154350515463918	0.00129896907216495	38.35	0.92	-0.41	0.07	2.07	-0.23	0.56	0.3	8.04	6.08	1.56	3.55	0.4	1105	707
0.0155917525773196	0.00134020618556701	38.73	0.92	-0.41	0.06	2.08	-0.22	0.56	0.31	8.1	6.14	1.54	3.65	0.4	1163	731
0.0160618556701031	0.0014020618556701	39.89	0.94	-0.42	0.05	2.19	-0.21	0.57	0.32	8.34	6.34	1.54	3.75	0.35	1230	778
0.0166103092783505	0.00142268041237113	41.33	1.05	-0.52	0.06	2.2	-0.22	0.57	0.33	8.62	6.6	1.62	3.85	0.4	1260	802
0.0171257731958763	0.00150515463917526	42.58	1.05	-0.62	0.05	2.32	-0.23	0.58	0.34	8.9	6.88	1.58	4	0.35	1293	819
0.0176412371134021	0.0014639175257732	43.92	1.14	-0.62	0.06	2.32	-0.22	0.58	0.35	9.18	7.12	1.64	4	0.45	1320	837
0.0180783505154639	0.00154639175257732	45.1	1.26	-0.73	0.06	2.41	-0.23	0.6	0.36	9.44	7.34	1.66	4.25	0.5	1348	851
0.0186309278350515	0.00158762886597938	46.42	1.24	-0.83	0.06	2.41	-0.23	0.6	0.37	9.72	7.58	1.7	4.35	0.5	1375	871
0.019059793814433	0.00160824742268041	47.6	1.38	-0.92	0.06	2.48	-0.27	0.6	0.38	9.92	7.78	1.72	4.4	0.5	1400	884
0.0195010309278351	0.00162886597938144	48.65	1.36	-0.93	0.06	2.49	-0.24	0.61	0.39	10.18	8	1.76	4.55	0.6	1420	900
0.0199463917525773	0.00167010309278351	49.84	1.47	-1	0.08	2.53	-0.24	0.61	0.39	10.46	8.24	1.76	4.7	0.65	1445	913
0.0203587628865979	0.00171134020618557	50.85	1.48	-1.13	0.06	2.54	-0.23	0.63	0.41	10.7	8.44	1.8	4.75	0.6	1463	925
0.0208371134020619	0.00175257731958763	52.11	1.58	-1.13	0.06	2.53	-0.22	0.62	0.42	10.98	8.72	1.82	4.85	0.6	1485	939
0.0213030927835052	0.00181443298969072	53.34	1.68	-1.24	0.06	2.61	-0.23	0.62	0.41	11.24	9	1.84	5	0.6	1503	948
0.0217773195876289	0.00183505154639175	54.49	1.68	-1.34	0.06	2.74	-0.23	0.64	0.43	11.52	9.24	1.86	5.1	0.65	1523	961
0.0222474226804124	0.00185567010309278	55.72	1.77	-1.34	0.06	2.74	-0.23	0.64	0.43	11.76	9.5	1.86	5.1	0.6	1540	972
0.0226432989690722	0.00191752577319588	56.69	1.78	-1.44	0.06	2.73	-0.26	0.62	0.45	12.18	9.72	1.96	5.3	0.65	1548	977
0.0230969072164948	0.00193814432989691	57.86	1.85	-1.45	0.05	2.8	-0.23	0.64	0.45	12.42	9.92	1.96	5.4	0.7	1563	988
0.0235917525773196	0.00202061855670103	59.12	1.91	-1.53	0.06	2.81	-0.23	0.66	0.49	13.34	9.98	2.04	5.6	0.7	1508	955
0.0240742268041237	0.00204123711340206	60.27	1.89	-1.53	0.07	2.86	-0.23	0.66	0.49	13.88	10.06	2.06	5.7	0.75	1535	974
0.0245443298969072	0.00214432989690722	61.52	2	-1.54	0.07	2.91	-0.23	0.67	0.5	14.42	10.18	2.1	5.8	0.6	1553	987
0.0249814432989691	0.00210309278350515	62.57	1.99	-1.63	0.08	2.91	-0.25	0.66	0.5	14.9	10.32	2.08	5.85	0.75	1563	994
0.0254680412371134	0.00212371134020619	63.74	1.98	-1.64	0.08	3.01	-0.22	0.68	0.51	15.4	10.44	2.08	5.95	0.8	1568	998
0.025839175257732	0.00216494845360825	64.75	2.09	-1.75	0.07	2.99	-0.24	0.68	0.56	17.04	10.34	2.16	6.05	0.8	1288	976
0.0262886597938144	0.00218556701030928	65.94	2.19	-1.77	0.08	3.02	-0.25	0.68	0.59	18.06	10.28	2.2	6.15	0.85	1248	810
0.0267216494845361	0.0022680412371134	67.09	2.29	-1.76	0.05	3.04	-0.25	0.68	0.6	18.82	10.26	2.18	6.3	0.8	1245	811
0.0270268041237113	0.00228865979381443	67.95	2.41	-1.86	0.05	3.08	-0.28	0.69	0.68	19.94	10.12	2.3	6.35	0.8	1100	713
0.0271835051546392	0.00230927835051546	68.34	2.42	-1.85	0.03	3.08	-0.29	0.69	0.67	20.04	10.14	2.32	6.4	0.8	1160	746
0.0276577319587629	0.00241237113402062	69.5	2.43	-1.85	0.05	3.1	-0.28	0.69	0.67	20.56	10.2	2.34	6.55	0.7	1220	797
0.0282103092783505	0.00239175257731959	70.85	2.44	-1.85	0.05	3.16	-0.28	0.71	0.67	21.4	10.2	2.32	6.7	0.9	1213	798
0.0289278350515464	0.00245360824742268	72.56	2.41	-1.86	0.08	3.23	-0.28	0.71	0.7	22.6	10.2	2.3	6.85	0.9	1190	787
0.0295381443298969	0.00247422680412371	74.1	2.47	-1.87	0.06	3.27	-0.28	0.72	0.71	23.58	10.2	2.34	6.9	0.9	1178	783
0.0301649484536082	0.0025360824742268	75.67	2.52	-1.86	0.06	3.37	-0.27	0.71	0.73	24.68	10.18	2.36	7.1	0.95	1155	775
0.0307628865979381	0.0025979381443299	77.13	2.53	-1.85	0.06	3.43	-0.28	0.72	0.75	25.64	10.16	2.36	7.25	0.95	1138	767
0.031439175257732	0.00265979381443299	78.86	2.62	-1.86	0.06	3.46	-0.28	0.73	0.77	26.78	10.12	2.38	7.45	1	1113	758
0.0319876288659794	0.00270103092783505	80.19	2.62	-1.86	0.06	3.49	-0.28	0.73	0.8	27.88	10.06	2.4	7.55	1	1063	728
0.0329443298969072	0.00276288659793814	82.6	2.71	-1.85	0.06	3.59	-0.29	0.74	0.84	29.62	10	2.48	7.75	1.05	1003	700
0.0337649484536082	0.00282474226804124	84.64	2.76	-1.95	0.06	3.57	-0.3	0.74	0.88	31.1	9.9	2.5	7.95	1.1	948	678
0.0349773195876289	0.00290721649484536	87.64	2.82	-1.97	0.06	3.64	-0.31	0.73	0.96	33.24	9.82	2.54	8.2	1.15	890	644
0.0359711340206186	0.00301030927835052	90.16	2.93	-1.96	0.05	3.75	-0.32	0.74	1	35.04	9.72	2.6	8.5	1.2	838	617
0.0369649484536082	0.00307216494845361	92.69	3.05	-1.96	0.06	3.84	-0.34	0.75	1.05	36.84	9.66	2.68	8.65	1.2	783	584
0.037839175257732	0.0031340206185567	94.82	3.06	-1.94	0.07	3.92	-0.34	0.76	1.09	38.3	9.6	2.72	8.85	1.25	748	568
0.0389649484536082	0.00325773195876289	97.63	3.14	-2.06	0.05	4.03	-0.38	0.76	1.15	40.24	9.52	2.78	9.15	1.25	703	543
0.0399587628865979	0.00331958762886598	100.15	3.25	-2.07	0.04	4.12	-0.39	0.77	1.19	41.86	9.48	2.8	9.4	1.35	680	535
0.0410020618556701	0.00342268041237113	102.69	3.26	-2.05	0.06	4.21	-0.4	0.78	1.26	43.56	9.44	2.86	9.65	1.35	660	527
0.0419835051546392	0.00350515463917526	105.15	3.34	-2.06	0.06	4.27	-0.4	0.79	1.31	45.14	9.42	2.9	9.85	1.35	640	519
0.0430185567010309	0.00354639175257732	107.67	3.35	-2.07	0.06	4.36	-0.42	0.8	1.35	46.8	9.38	2.94	10.05	1.45	615	506
0.044020618556701	0.00362886597938144	110.1	3.35	-2.07	0.07	4.44	-0.43	0.81	1.41	48.42	9.34	3.02	10.3	1.5	593	499
0.0451340206185567	0.00371134020618557	112.91	3.46	-2.07	0.06	4.55	-0.47	0.82	1.47	50.3	9.3	3.08	10.45	1.45	568	488
0.0460618556701031	0.00379381443298969	115.18	3.48	-2.05	0.06	4.63	-0.51	0.82	1.51	51.76	9.26	3.12	10.7	1.5	558	483
0.0470556701030928	0.00389690721649484	117.65	3.54	-2.05	0.05	4.73	-0.53	0.82	1.56	53.42	9.2	3.14	11	1.55	535	474
0.0480783505154639	0.004	120.18	3.59	-2.05	0.03	4.8	-0.53	0.85	1.64	55.06	9.16	3.18	11.15	1.45	515	467
0.0491381443298969	0.00402061855670103	122.74	3.58	-2.07	0.07	4.88	-0.59	0.91	1.67	56.7	9.12	3.22	11.4	1.65	498	458
0.0500577319587629	0.00410309278350515	125.1	3.71	-2.05	0.06	4.97	-0.61	0.92	1.71	58.22	9.06	3.26	11.65	1.7	475	449
0.0511587628865979	0.00424742268041237	127.74	3.68	-2.06	0.06	5.09	-0.64	0.95	1.78	59.88	9.02	3.34	12	1.7	458	441
0.0520824742268041	0.0042680412371134	130.1	3.8	-2.06	0.07	5.2	-0.66	0.95	1.83	61.34	8.98	3.36	12.1	1.75	450	435
0.053179381443299	0.0043298969072165	132.75	3.79	-2.06	0.07	5.28	-0.66	0.97	1.89	63.42	9.2	3.04	12.3	1.8	435	425
0.054119587628866	0.00443298969072165	135.13	3.89	-2.05	0.05	5.41	-0.7	0.97	2.01	65.02	9.18	3.04	12.55	1.8	408	414
0.0543175257731959	0.00449484536082474	135.62	3.9	-2.04	0.06	5.43	-0.76	1	2.04	65.56	9.02	3.06	12.65	1.75	358	369
0.0548907216494845	0.0045360824742268	137.11	4	-2.06	0.04	5.44	-0.77	1	2.05	66.42	9	3.04	12.8	1.8	388	396
0.0561567010309278	0.00461855670103093	140.19	4.01	-2.06	0.05	5.6	-0.77	1.01	2.11	68.38	9.02	3.06	13.05	1.85	375	395
0.0571752577319588	0.00470103092783505	142.66	4.01	-2.11	0.06	5.67	-0.78	1.02	2.17	69.94	9	3.08	13.25	1.85	358	392
0.058160824742268	0.00478350515463918	145.15	4.11	-2.03	0.07	5.81	-0.79	1.04	2.22	71.54	8.98	3.12	13.55	1.95	348	387
0.0591422680412371	0.00484536082474227	147.53	4.11	-1.78	0.06	5.85	-0.8	1.03	2.27	73.08	8.94	3.18	13.75	2	333	379
0.0602103092783505	0.00492783505154639	150.12	4.11	-2.13	0.06	6.01	-0.83	1.04	2.33	74.8	8.9	3.16	13.95	2	305	371
0.0611092783505155	0.00501030927835051	152.41	4.22	-2.16	0.06	6.07	-0.83	1.05	2.39	76.32	8.84	3.18	14.2	2.05	285	362
0.062259793814433	0.00511340206185567	155.2	4.22	-2.17	0.06	6.15	-0.88	1.06	2.45	78.18	8.8	3.2	14.45	2.05	268	353
0.0623876288659794	0.00509278350515464	155.51	4.22	-2.16	0.07	6.15	-0.89	1.07	2.45	78.36	8.8	3.24	14.4	2.05	263	343
0.0623422680412371	0.0051340206185567	155.51	4.33	-2.16	0.06	6.15	-0.94	1.08	2.46	78.48	8.68	3.22	14.45	2	250	329
0.0623546391752577	0.00509278350515464	155.54	4.33	-2.14	0.09	6.16	-0.99	1.07	2.46	78.54	8.64	3.26	14.35	2	243	324
0.0625979381443299	0.00511340206185567	156.13	4.33	-2.15	0.08	6.17	-0.98	1.09	2.47	79.04	8.64	3.3	14.45	2.05	255	330
0.0640989690721649	0.00523711340206186	159.88	4.44	-2.16	0.07	6.28	-0.99	1.08	2.55	81.38	8.62	3.3	14.8	2.1	240	339
0.0652824742268041	0.00536082474226804	162.75	4.44	-2.15	0.07	6.42	-0.99	1.09	2.62	83.18	8.6	3.34	15.15	2.15	233	332
0.0669773195876289	0.00548453608247423	166.85	4.43	-2.16	0.07	6.54	-1.04	1.16	2.71	85.64	8.62	3.34	15.5	2.2	210	328
0.0680164948453608	0.00556701030927835	169.48	4.54	-2.16	0.06	6.62	-1.05	1.17	2.77	87.34	8.6	3.36	15.75	2.25	190	321
0.0690144329896907	0.00564948453608247	171.91	4.55	-2.16	0.07	6.73	-1.07	1.18	2.84	88.72	8.56	3.42	16	2.3	188	318
0.0710185567010309	0.00585567010309278	176.87	4.65	-2.16	0.06	6.89	-1.12	1.19	2.93	91.6	8.52	3.54	16.4	2.2	165	309
0.0730061855670103	0.00604123711340206	181.78	4.74	-2.15	0.06	7.05	-1.17	1.21	3.04	94.68	8.42	3.64	16.9	2.25	145	303
0.0750721649484536	0.00618556701030928	186.91	4.86	-2.16	0.04	7.23	-1.22	1.22	3.15	97.82	8.36	3.72	17.35	2.35	133	298
0.0771175257731959	0.00637113402061856	191.88	4.87	-2.16	0.04	7.39	-1.27	1.22	3.25	100.92	8.3	3.78	17.85	2.4	115	295
0.0791628865979381	0.0065360824742268	196.94	4.97	-2.15	0.06	7.53	-1.33	1.21	3.36	104.12	8.24	3.86	18.35	2.5	93	289
0.0811917525773196	0.00668041237113402	201.95	5.06	-2.16	0.06	7.69	-1.35	1.23	3.46	105.66	8.18	3.96	18.75	2.55	80	282
0.0832123711340206	0.00684536082474227	206.96	5.17	-2.16	0.05	7.85	-1.39	1.31	3.57	105.64	8.14	4.02	19.35	2.75	68	282
0.0852288659793815	0.00696907216494845	211.96	5.28	-2.15	0.07	8.04	-1.46	1.32	3.67	105.68	8.16	4.08	19.75	2.85	58	281
0.0872494845360825	0.0071340206185567	216.98	5.4	-2.16	0.07	8.27	-1.49	1.32	3.78	105.64	8.1	4.1	20.2	2.9	48	279
0.0892701030927835	0.00727835051546392	221.98	5.5	-2.16	0.05	8.49	-1.53	1.33	3.89	105.62	8.06	4.16	20.65	3	35	277
0.0907587628865979	0.0074020618556701	225.7	5.61	-2.26	0.05	11.25	-1.57	1.32	4	105.66	8.3	1.6	21	3.05	-5	251
0.092239175257732	0.00748453608247423	229.31	5.63	-2.27	0.05	11.28	-1.6	1.31	4.07	105.64	8.28	1.62	21.3	3.15	-5	259
0.0933731958762887	0.00756701030927835	232.15	5.72	-2.28	0.04	11.37	-1.62	1.3	4.13	105.7	8.28	1.68	21.55	3.2	-8	265
0.0939670103092784	0.00762886597938144	233.69	5.82	-2.27	0.05	11.42	-1.69	1.27	4.16	105.62	8.16	1.74	21.5	3	0	252
0.0952329896907217	0.00775257731958763	236.87	5.93	-2.25	0.04	11.5	-1.7	1.26	4.22	105.64	8.14	1.8	22	3.2	-5	258
0.0973030927835051	0.00791752577319588	241.89	5.93	-2.26	0.03	11.77	-1.71	1.26	4.32	105.62	7.68	8.34	22.3	3.1	-5	267
0.101459793814433	0.00822680412371134	252.15	6.11	-2.27	0.04	12.2	-1.75	1.26	4.53	105.66	7.66	8.12	23.35	3.4	-10	279
0.10340618556701	0.00835051546391753	256.9	6.14	-2.26	0.05	12.41	-1.77	1.25	4.62	105.66	7.64	8.12	23.7	3.45	-10	285
0.105443298969072	0.00851546391752577	261.95	6.25	-2.26	0.06	12.62	-1.79	1.23	4.73	105.68	7.62	8.12	24.15	3.5	-10	288
0.107451546391753	0.00874226804123711	266.91	6.34	-2.26	0.02	12.82	-1.81	1.24	4.83	105.7	7.62	8.1	24.8	3.6	-10	293
0.109542268041237	0.00890721649484536	272.08	6.44	-2.26	0.02	13.04	-1.83	1.22	4.93	105.66	7.58	8.1	25.25	3.65	-13	297
0.110424742268041	0.00898969072164948	274.23	6.45	-2.26	0.02	13.11	-1.84	1.21	4.99	105.66	7.6	8.1	25.5	3.7	-13	298
0.110659793814433	0.00903092783505155	274.9	6.55	-2.26	0.05	13.14	-1.85	1.21	4.99	105.64	7.58	8.08	25.55	3.65	-10	298
0.110655670103093	0.00898969072164948	275	6.66	-2.27	0.03	13.13	-1.86	1.14	4.99	0	7.9	0.68	25.45	3.65	-18	286
0.110494845360825	0.00896907216494845	274.61	6.66	-2.26	0.02	13.05	-1.86	1.12	4.99	0	7.9	0.64	25.4	3.65	-18	270
0.109892783505155	0.00894845360824742	273.15	6.66	-2.26	0.02	13.13	-1.87	1.13	4.99	0	7.9	0.66	25.35	3.65	-15	260
0.108725773195876	0.00884536082474227	270.32	6.66	-2.26	0.05	13.03	-1.87	1.13	4.98	0	7.9	0.66	25.05	3.6	-18	250
0.10719587628866	0.00870103092783505	266.51	6.56	-2.27	0.03	12.86	-1.88	1.11	4.94	0	7.9	0.66	24.7	3.6	-15	239
0.104230927835052	0.00845360824742268	259.32	6.56	-2.27	0.04	12.51	-1.88	1.09	4.81	0	7.88	0.72	23.95	3.45	-15	220
0.102412371134021	0.00837113402061856	254.87	6.52	-2.27	0.03	11.89	-1.87	1.06	4.64	0	7.86	0.66	23.7	3.4	-15	193
0.0992824742268041	0.00810309278350515	247.21	6.45	-2.26	0.04	11.44	-1.86	1.06	4.4	0	7.84	0.68	22.95	3.3	-13	170
0.0943092783505155	0.00775257731958763	235.05	6.35	-2.27	0.02	10.85	-1.86	1.05	4.12	0	7.8	0.7	21.95	3.15	-13	150
0.0895422680412371	0.00734020618556701	223.38	6.24	-2.17	0.03	10.28	-1.86	1.05	3.85	0	7.78	0.74	20.8	3	-13	129
0.0853896907216495	0.00703092783505155	213.2	6.13	-2.16	0.03	9.77	-1.87	1.05	3.62	0	7.76	0.78	19.9	2.85	-10	114
0.0811587628865979	0.00665979381443299	202.73	5.92	-2.16	0.01	9.13	-1.88	1.04	3.41	0	7.7	0.84	18.85	2.7	-10	99
0.0761525773195876	0.00628865979381443	190.49	5.82	-2.06	0.03	8.56	-1.88	1.04	3.13	0	7.68	0.86	17.8	2.55	-10	82
0.0710927835051546	0.00585567010309278	178.02	5.62	-2.06	0.03	7.84	-1.86	1.03	2.87	0	7.66	0.84	16.6	2.4	-10	61
0.0649360824742268	0.00534020618556701	162.85	5.38	-1.96	0.02	7.12	-1.82	1.02	2.56	0	7.64	0.82	15.15	2.2	-15	41
0.0606350515463917	0.00501030927835051	152.22	5.18	-1.85	0.03	6.56	-1.77	1	2.36	0	7.64	0.7	14.2	2.05	-8	30
0.0569567010309278	0.00470103092783505	143.09	4.97	-1.84	0.03	6.1	-1.74	0.98	2.18	0	7.64	0.64	13.35	1.95	-10	19
0.0537773195876289	0.00443298969072165	135.28	4.87	-1.75	0.03	5.72	-1.7	0.97	2.06	0	7.66	0.62	12.6	1.85	-10	10
0.0474474226804124	0.00391752577319588	119.52	4.46	-1.65	0.03	4.87	-1.6	0.91	1.86	0	7.64	0.82	11.15	1.65	-8	-4
