0.000280412371134021	13	6.18556701030928e-05	18
0.00100618556701031	56	0.000123711340206186	85
0.00152989690721649	92	0.000164948453608247	143
0.00181855670103093	115	0.000144329896907216	183
0.00197113402061856	117	0.000164948453608247	178
0.00223505154639175	152	0.000247422680412371	253
0.00265567010309278	183	0.000247422680412371	303
0.0029319587628866	208	0.000309278350515464	343
0.00336907216494845	240	0.000371134020618557	393
0.00385567010309278	280	0.000391752577319588	453
0.00442061855670103	317	0.000412371134020619	510
0.00489896907216495	343	0.000474226804123711	558
0.00552989690721649	386	0.000536082474226804	620
0.00607835051546392	413	0.000536082474226804	665
0.00663505154639175	444	0.000639175257731959	710
0.00720824742268041	471	0.000701030927835052	753
0.00777731958762887	494	0.000721649484536082	795
0.00856494845360825	513	0.000742268041237113	820
0.00916288659793814	555	0.000845360824742268	890
0.00975670103092783	574	0.000865979381443299	905
0.0102350515463918	595	0.00088659793814433	933
0.0107587628865979	610	0.000969072164948453	958
0.0114721649484536	633	0.00101030927835052	993
0.0120247422680412	651	0.00103092783505155	1020
0.0126185567010309	667	0.00107216494845361	1045
0.0132659793814433	689	0.00111340206185567	1078
0.0138762886597938	701	0.00117525773195876	1110
0.0145319587628866	715	0.00121649484536082	1135
0.0150020618556701	740	0.00125773195876289	1163
0.0160618556701031	778	0.0014020618556701	1230
0.0166103092783505	802	0.00142268041237113	1260
0.0171257731958763	819	0.00150515463917526	1293
0.0176412371134021	837	0.0014639175257732	1320
0.0180783505154639	851	0.00154639175257732	1348
0.0186309278350515	871	0.00158762886597938	1375
0.019059793814433	884	0.00160824742268041	1400
0.0195010309278351	900	0.00162886597938144	1420
0.0199463917525773	913	0.00167010309278351	1445
0.0203587628865979	925	0.00171134020618557	1463
0.0208371134020619	939	0.00175257731958763	1485
0.0213030927835052	948	0.00181443298969072	1503
0.0217773195876289	961	0.00183505154639175	1523
0.0222474226804124	972	0.00185567010309278	1540
0.0226432989690722	977	0.00191752577319588	1548
0.0230969072164948	988	0.00193814432989691	1563
0.0249814432989691	994	0.00210309278350515	1563
0.0254680412371134	998	0.00212371134020619	1568
