0.000280412371134021	13
0.00100618556701031	56
0.00152989690721649	92
0.00181855670103093	115
0.00197113402061856	117
0.00223505154639175	152
0.00265567010309278	183
0.0029319587628866	208
0.00336907216494845	240
0.00385567010309278	280
0.00442061855670103	317
0.00489896907216495	343
0.00552989690721649	386
0.00607835051546392	413
0.00663505154639175	444
0.00720824742268041	471
0.00777731958762887	494
0.00856494845360825	513
0.00916288659793814	555
0.00975670103092783	574
0.0102350515463918	595
0.0107587628865979	610
0.0114721649484536	633
0.0120247422680412	651
0.0126185567010309	667
0.0132659793814433	689
0.0138762886597938	701
0.0145319587628866	715
0.0150020618556701	740
0.0160618556701031	778
0.0166103092783505	802
0.0171257731958763	819
0.0176412371134021	837
0.0180783505154639	851
0.0186309278350515	871
0.019059793814433	884
0.0195010309278351	900
0.0199463917525773	913
0.0203587628865979	925
0.0208371134020619	939
0.0213030927835052	948
0.0217773195876289	961
0.0222474226804124	972
0.0226432989690722	977
0.0230969072164948	988
0.0249814432989691	994
0.0254680412371134	998
