## NFILE T1 T2 CB1 CB2 P1 P2 RWALL1 RWALL2 XMAX1 XMAX2 GMAX1 GMAX2 YMAX1 YMAX2 CEMAX1 CEMAX2
 1    0.10596E+01    0.45658E+00    0.50000E-01    0.77545E-01    0.17682E+01    0.11877E+01    0.97022E+01    0.65171E+01    0.20004E+03    0.95334E+02    0.72741E+00    0.38134E+00    0.22474E+03    0.20888E+03    0.68810E+02    0.16379E+02
 2    0.75304E+00    0.32641E+00    0.10000E+00    0.15020E+00    0.35365E+01    0.23005E+01    0.19404E+02    0.12623E+02    0.20003E+03    0.31973E+02    0.72740E+00    0.12789E+00    0.20842E+03    0.57725E+02    0.12835E+03    0.45621E+02
 3    0.61699E+00    0.26845E+00    0.15000E+00    0.22053E+00    0.53047E+01    0.33777E+01    0.29107E+02    0.18534E+02    0.20001E+03    0.74411E+01    0.72730E+00    0.29765E-01    0.14117E+03    0.27895E+02    0.26739E+03    0.70968E+02
 4    0.53576E+00    0.23376E+00    0.20000E+00    0.28929E+00    0.70729E+01    0.44309E+01    0.38809E+02    0.24312E+02    0.17130E+02    0.52661E+01    0.62292E-01    0.21064E-01    0.64108E+02    0.25704E+02    0.33884E+03    0.76227E+02
 5    0.43915E+00    0.19234E+00    0.30000E+00    0.42400E+00    0.10609E+02    0.64942E+01    0.58213E+02    0.35633E+02    0.99956E+01    0.85886E+01    0.36347E-01    0.34355E-01    0.44186E+02    0.37432E+02    0.37134E+03    0.93096E+02
 6    0.38152E+00    0.16758E+00    0.40000E+00    0.55503E+00    0.14146E+02    0.85012E+01    0.77618E+02    0.46646E+02    0.15499E+02    0.58493E+01    0.56361E-01    0.23397E-01    0.44691E+02    0.47550E+02    0.36597E+03    0.87549E+02
 7    0.34211E+00    0.15060E+00    0.50000E+00    0.68371E+00    0.17682E+02    0.10472E+02    0.97022E+02    0.57460E+02    0.43665E+01    0.72514E+01    0.15878E-01    0.29006E-01    0.42578E+02    0.42043E+02    0.31803E+03    0.99909E+02
 8    0.31297E+00    0.13802E+00    0.60000E+00    0.81055E+00    0.21219E+02    0.12415E+02    0.11643E+03    0.68120E+02    0.33596E+01    0.62035E+01    0.12217E-01    0.24814E-01    0.48190E+02    0.38918E+02    0.21818E+03    0.11553E+03
 9    0.29029E+00    0.12821E+00    0.70000E+00    0.93590E+00    0.24755E+02    0.14335E+02    0.13583E+03    0.78655E+02    0.20793E+01    0.21748E+01    0.75612E-02    0.86993E-02    0.33093E+02    0.30496E+02    0.13053E+03    0.83478E+02
10    0.27199E+00    0.12028E+00    0.80000E+00    0.10600E+01    0.28292E+02    0.16236E+02    0.15524E+03    0.89084E+02    0.18774E+01    0.19452E+01    0.68271E-02    0.77808E-02    0.31906E+02    0.28805E+02    0.12184E+03    0.66067E+02
11    0.25680E+00    0.11368E+00    0.90000E+00    0.11830E+01    0.31828E+02    0.18120E+02    0.17464E+03    0.99424E+02    0.16730E+01    0.17527E+01    0.60837E-02    0.70107E-02    0.30964E+02    0.27803E+02    0.11979E+03    0.66576E+02
12    0.24394E+00    0.10809E+00    0.10000E+01    0.13051E+01    0.35365E+02    0.19990E+02    0.19404E+03    0.10969E+03    0.15161E+01    0.15803E+01    0.55133E-02    0.63212E-02    0.29888E+02    0.26360E+02    0.11821E+03    0.66246E+02
