## NFILE T1 T2 CB1 CB2 P1 P2 RWALL1 RWALL2 XMAX1 XMAX2 GMAX1 GMAX2 YMAX1 YMAX2 CEMAX1 CEMAX2
 1    0.10851E+01    0.42940E+00    0.50000E-01    0.73007E-01    0.27518E+01    0.20289E+01    0.15099E+02    0.11133E+02    0.20003E+03    0.16083E+03    0.72736E+00    0.64332E+00    0.25119E+03    0.29769E+03    0.15011E+03    0.51647E+02
 2    0.77097E+00    0.30642E+00    0.10000E+00    0.14199E+00    0.55037E+01    0.39461E+01    0.30199E+02    0.21652E+02    0.13068E+02    0.89967E+01    0.47522E-01    0.35987E-01    0.80099E+02    0.48666E+02    0.30613E+03    0.12949E+03
 3    0.63156E+00    0.25171E+00    0.15000E+00    0.20905E+00    0.82555E+01    0.58098E+01    0.45298E+02    0.31878E+02    0.11922E+02    0.97163E+01    0.43351E-01    0.38865E-01    0.85341E+02    0.52829E+02    0.44806E+03    0.22084E+03
 4    0.54834E+00    0.21898E+00    0.20000E+00    0.27482E+00    0.11007E+02    0.76374E+01    0.60397E+02    0.41906E+02    0.12504E+02    0.87748E+01    0.45468E-01    0.35099E-01    0.80693E+02    0.56907E+02    0.56624E+03    0.26949E+03
 5    0.44936E+00    0.17995E+00    0.30000E+00    0.40399E+00    0.16511E+02    0.11227E+02    0.90596E+02    0.61604E+02    0.11717E+02    0.11079E+02    0.42609E-01    0.44316E-01    0.96625E+02    0.68650E+02    0.77094E+03    0.38621E+03
 6    0.39030E+00    0.15663E+00    0.40000E+00    0.53013E+00    0.22015E+02    0.14733E+02    0.12079E+03    0.80838E+02    0.10796E+02    0.11851E+02    0.39259E-01    0.47404E-01    0.78053E+02    0.89938E+02    0.77624E+03    0.49076E+03
 7    0.34992E+00    0.14065E+00    0.50000E+00    0.65430E+00    0.27518E+02    0.18183E+02    0.15099E+03    0.99772E+02    0.10342E+02    0.15347E+02    0.37607E-01    0.61389E-01    0.64596E+02    0.69692E+02    0.80549E+03    0.48406E+03
 8    0.32007E+00    0.12882E+00    0.60000E+00    0.77693E+00    0.33022E+02    0.21592E+02    0.18119E+03    0.11847E+03    0.80292E+01    0.13557E+02    0.29197E-01    0.54227E-01    0.50719E+02    0.66753E+02    0.71573E+03    0.55207E+03
 9    0.29683E+00    0.11960E+00    0.70000E+00    0.89832E+00    0.38526E+02    0.24965E+02    0.21139E+03    0.13698E+03    0.13111E+02    0.49619E+01    0.47675E-01    0.19848E-01    0.69676E+02    0.43371E+02    0.10048E+04    0.27092E+03
10    0.27808E+00    0.11214E+00    0.80000E+00    0.10187E+01    0.44030E+02    0.28310E+02    0.24159E+03    0.15533E+03    0.10346E+02    0.78515E+01    0.37621E-01    0.31406E-01    0.51986E+02    0.42007E+02    0.95508E+03    0.30250E+03
11    0.26252E+00    0.10595E+00    0.90000E+00    0.11381E+01    0.49533E+02    0.31629E+02    0.27179E+03    0.17355E+03    0.96403E+01    0.19309E+01    0.35056E-01    0.77235E-02    0.61628E+02    0.27065E+02    0.96524E+03    0.16914E+03
12    0.24935E+00    0.10071E+00    0.10000E+01    0.12568E+01    0.55037E+02    0.34927E+02    0.30199E+03    0.19165E+03    0.50268E+01    0.17040E+01    0.18279E-01    0.68160E-02    0.42516E+02    0.22159E+02    0.63335E+03    0.14110E+03
