## NFILE T1 T2 CB1 CB2 P1 P2 RWALL1 RWALL2 XMAX1 XMAX2 GMAX1 GMAX2 YMAX1 YMAX2 CEMAX1 CEMAX2
 1    0.10429E+01    0.47256E+00    0.50000E-01    0.80865E-01    0.14185E+01    0.88670E+00    0.77833E+01    0.48653E+01    0.20006E+03    0.60426E+02    0.72749E+00    0.24170E+00    0.24475E+03    0.13488E+03    0.78915E+02    0.21254E+02
 2    0.74123E+00    0.33829E+00    0.10000E+00    0.15619E+00    0.28370E+01    0.17126E+01    0.15567E+02    0.93973E+01    0.13690E+02    0.81709E+01    0.49782E-01    0.32684E-01    0.84459E+02    0.41707E+02    0.18623E+03    0.48393E+02
 3    0.60735E+00    0.27847E+00    0.15000E+00    0.22889E+00    0.42555E+01    0.25098E+01    0.23350E+02    0.13771E+02    0.12730E+02    0.89804E+01    0.46289E-01    0.35922E-01    0.89445E+02    0.47505E+02    0.27281E+03    0.82202E+02
 4    0.52742E+00    0.24264E+00    0.20000E+00    0.29983E+00    0.56740E+01    0.32876E+01    0.31133E+02    0.18039E+02    0.13395E+02    0.81606E+01    0.48708E-01    0.32642E-01    0.86827E+02    0.54781E+02    0.33699E+03    0.10392E+03
 5    0.43236E+00    0.19984E+00    0.30000E+00    0.43853E+00    0.85110E+01    0.48086E+01    0.46700E+02    0.26384E+02    0.12934E+02    0.99137E+01    0.47034E-01    0.39655E-01    0.10322E+03    0.58835E+02    0.45831E+03    0.14653E+03
 6    0.37565E+00    0.17424E+00    0.40000E+00    0.57311E+00    0.11348E+02    0.62842E+01    0.62266E+02    0.34481E+02    0.16863E+02    0.89103E+01    0.61321E-01    0.35641E-01    0.10451E+03    0.52237E+02    0.55650E+03    0.14729E+03
 7    0.33687E+00    0.15668E+00    0.50000E+00    0.70504E+00    0.14185E+02    0.77309E+01    0.77833E+02    0.42419E+02    0.11168E+02    0.13882E+02    0.40611E-01    0.55528E-01    0.64370E+02    0.63390E+02    0.46151E+03    0.19351E+03
 8    0.30821E+00    0.14366E+00    0.60000E+00    0.83491E+00    0.17022E+02    0.91549E+01    0.93400E+02    0.50233E+02    0.14877E+02    0.85965E+01    0.54098E-01    0.34386E-01    0.67644E+02    0.40551E+02    0.53871E+03    0.12445E+03
 9    0.28589E+00    0.13350E+00    0.70000E+00    0.96311E+00    0.19859E+02    0.10561E+02    0.10897E+03    0.57946E+02    0.12762E+02    0.79826E+01    0.46408E-01    0.31931E-01    0.60104E+02    0.42133E+02    0.53210E+03    0.12299E+03
10    0.26788E+00    0.12528E+00    0.80000E+00    0.10899E+01    0.22696E+02    0.11951E+02    0.12453E+03    0.65576E+02    0.11713E+02    0.20525E+01    0.42592E-01    0.82101E-02    0.61425E+02    0.26014E+02    0.54783E+03    0.54202E+02
11    0.25294E+00    0.11846E+00    0.90000E+00    0.12155E+01    0.25533E+02    0.13329E+02    0.14010E+03    0.73133E+02    0.93851E+01    0.18476E+01    0.34128E-01    0.73904E-02    0.62498E+02    0.30074E+02    0.48159E+03    0.70585E+02
12    0.24028E+00    0.11266E+00    0.10000E+01    0.13401E+01    0.28370E+02    0.14695E+02    0.15567E+03    0.80628E+02    0.50701E+01    0.16399E+01    0.18437E-01    0.65597E-02    0.42910E+02    0.23731E+02    0.31577E+03    0.54285E+02
