## NFILE T1 T2 CB1 CB2 P1 P2 RWALL1 RWALL2 XMAX1 XMAX2 GMAX1 GMAX2 YMAX1 YMAX2 CEMAX1 CEMAX2
 1    0.10596E+01    0.45658E+00    0.50000E-01    0.77545E-01    0.17682E+01    0.11877E+01    0.97022E+01    0.65171E+01    0.20001E+03    0.76991E+02    0.72732E+00    0.30796E+00    0.22957E+03    0.15847E+03    0.97054E+02    0.29151E+02
 2    0.75304E+00    0.32641E+00    0.10000E+00    0.15020E+00    0.35365E+01    0.23005E+01    0.19404E+02    0.12623E+02    0.14221E+02    0.91522E+01    0.51714E-01    0.36609E-01    0.83951E+02    0.39415E+02    0.20940E+03    0.71223E+02
 3    0.61699E+00    0.26845E+00    0.15000E+00    0.22053E+00    0.53047E+01    0.33777E+01    0.29107E+02    0.18534E+02    0.12538E+02    0.91335E+01    0.45592E-01    0.36534E-01    0.87947E+02    0.48816E+02    0.31964E+03    0.11782E+03
 4    0.53576E+00    0.23376E+00    0.20000E+00    0.28929E+00    0.70729E+01    0.44309E+01    0.38809E+02    0.24312E+02    0.13090E+02    0.83279E+01    0.47602E-01    0.33312E-01    0.83880E+02    0.56462E+02    0.39526E+03    0.14441E+03
 5    0.43915E+00    0.19234E+00    0.30000E+00    0.42400E+00    0.10609E+02    0.64942E+01    0.58213E+02    0.35633E+02    0.12450E+02    0.10456E+02    0.45274E-01    0.41825E-01    0.10069E+03    0.63059E+02    0.54156E+03    0.20908E+03
 6    0.38152E+00    0.16758E+00    0.40000E+00    0.55503E+00    0.14146E+02    0.85012E+01    0.77618E+02    0.46646E+02    0.16147E+02    0.94587E+01    0.58717E-01    0.37835E-01    0.10229E+03    0.56438E+02    0.65831E+03    0.21312E+03
 7    0.34211E+00    0.15060E+00    0.50000E+00    0.68371E+00    0.17682E+02    0.10472E+02    0.97022E+02    0.57460E+02    0.10839E+02    0.14467E+02    0.39413E-01    0.57869E-01    0.64120E+02    0.65787E+02    0.55192E+03    0.26832E+03
 8    0.31297E+00    0.13802E+00    0.60000E+00    0.81055E+00    0.21219E+02    0.12415E+02    0.11643E+03    0.68120E+02    0.14526E+02    0.88967E+01    0.52821E-01    0.35587E-01    0.66499E+02    0.40120E+02    0.64303E+03    0.18574E+03
 9    0.29029E+00    0.12821E+00    0.70000E+00    0.93590E+00    0.24755E+02    0.14335E+02    0.13583E+03    0.78655E+02    0.12520E+02    0.82508E+01    0.45528E-01    0.33003E-01    0.59439E+02    0.42866E+02    0.65726E+03    0.15390E+03
10    0.27199E+00    0.12028E+00    0.80000E+00    0.10600E+01    0.28292E+02    0.16236E+02    0.15524E+03    0.89084E+02    0.10541E+02    0.74859E+01    0.38333E-01    0.29944E-01    0.53333E+02    0.41007E+02    0.60829E+03    0.18743E+03
11    0.25680E+00    0.11368E+00    0.90000E+00    0.11830E+01    0.31828E+02    0.18120E+02    0.17464E+03    0.99424E+02    0.94747E+01    0.18496E+01    0.34453E-01    0.73986E-02    0.62145E+02    0.28857E+02    0.60863E+03    0.96717E+02
12    0.24394E+00    0.10809E+00    0.10000E+01    0.13051E+01    0.35365E+02    0.19990E+02    0.19404E+03    0.10969E+03    0.50132E+01    0.16683E+01    0.18230E-01    0.66733E-02    0.42601E+02    0.22909E+02    0.39698E+03    0.76733E+02
