## NFILE T1 T2 CB1 CB2 P1 P2 RWALL1 RWALL2 XMAX1 XMAX2 GMAX1 GMAX2 YMAX1 YMAX2 CEMAX1 CEMAX2
 1    0.10596E+01    0.45658E+00    0.50000E-01    0.77545E-01    0.17682E+01    0.11877E+01    0.97022E+01    0.65171E+01    0.20004E+03    0.41346E+02    0.72743E+00    0.16539E+00    0.25067E+03    0.11410E+03    0.45215E+02    0.11513E+02
 2    0.75304E+00    0.32641E+00    0.10000E+00    0.15020E+00    0.35365E+01    0.23005E+01    0.19404E+02    0.12623E+02    0.20001E+03    0.30757E+02    0.72731E+00    0.12303E+00    0.17080E+03    0.58974E+02    0.12727E+03    0.36111E+02
 3    0.61699E+00    0.26845E+00    0.15000E+00    0.22053E+00    0.53047E+01    0.33777E+01    0.29107E+02    0.18534E+02    0.30842E+02    0.74488E+01    0.11215E+00    0.29795E-01    0.73626E+02    0.32687E+02    0.38548E+03    0.79515E+02
 4    0.53576E+00    0.23376E+00    0.20000E+00    0.28929E+00    0.70729E+01    0.44309E+01    0.38809E+02    0.24312E+02    0.10293E+02    0.63791E+01    0.37431E-01    0.25516E-01    0.68212E+02    0.38931E+02    0.41739E+03    0.13273E+03
 5    0.43915E+00    0.19234E+00    0.30000E+00    0.42400E+00    0.10609E+02    0.64942E+01    0.58213E+02    0.35633E+02    0.84507E+01    0.67099E+01    0.30730E-01    0.26840E-01    0.73846E+02    0.45255E+02    0.55277E+03    0.21870E+03
 6    0.38152E+00    0.16758E+00    0.40000E+00    0.55503E+00    0.14146E+02    0.85012E+01    0.77618E+02    0.46646E+02    0.77660E+01    0.84858E+01    0.28240E-01    0.33943E-01    0.72315E+02    0.55045E+02    0.61711E+03    0.29891E+03
 7    0.34211E+00    0.15060E+00    0.50000E+00    0.68371E+00    0.17682E+02    0.10472E+02    0.97022E+02    0.57460E+02    0.87465E+01    0.56993E+01    0.31805E-01    0.22797E-01    0.82200E+02    0.49240E+02    0.78727E+03    0.29315E+03
 8    0.31297E+00    0.13802E+00    0.60000E+00    0.81055E+00    0.21219E+02    0.12415E+02    0.11643E+03    0.68120E+02    0.92364E+01    0.55066E+01    0.33587E-01    0.22026E-01    0.88442E+02    0.49991E+02    0.92064E+03    0.32864E+03
 9    0.29029E+00    0.12821E+00    0.70000E+00    0.93590E+00    0.24755E+02    0.14335E+02    0.13583E+03    0.78655E+02    0.87143E+01    0.77925E+01    0.31688E-01    0.31170E-01    0.90005E+02    0.72980E+02    0.96656E+03    0.42752E+03
10    0.27199E+00    0.12028E+00    0.80000E+00    0.10600E+01    0.28292E+02    0.16236E+02    0.15524E+03    0.89084E+02    0.68897E+01    0.95031E+01    0.25053E-01    0.38013E-01    0.71998E+02    0.86914E+02    0.96980E+03    0.43586E+03
11    0.25680E+00    0.11368E+00    0.90000E+00    0.11830E+01    0.31828E+02    0.18120E+02    0.17464E+03    0.99424E+02    0.10095E+02    0.44344E+01    0.36710E-01    0.17738E-01    0.91901E+02    0.46744E+02    0.11972E+04    0.34894E+03
12    0.24394E+00    0.10809E+00    0.10000E+01    0.13051E+01    0.35365E+02    0.19990E+02    0.19404E+03    0.10969E+03    0.69624E+01    0.54727E+01    0.25318E-01    0.21891E-01    0.92235E+02    0.57332E+02    0.12636E+04    0.48623E+03
