4.94845360824742e-05	3	0	3
0.000865979381443299	69	8.24742268041237e-05	108
0.00123298969072165	94	8.24742268041237e-05	148
0.00152577319587629	110	0.000123711340206186	168
0.0017979381443299	129	0.000123711340206186	198
0.00216494845360825	151	0.000185567010309278	240
0.00254845360824742	175	0.00022680412371134	278
0.00284948453608247	195	0.00022680412371134	305
0.00312164948453608	212	0.000268041237113402	333
0.0037360824742268	249	0.000309278350515464	393
0.0042680412371134	285	0.000350515463917526	450
0.00459381443298969	305	0.000391752577319588	478
0.00512164948453608	334	0.000412371134020619	525
0.00544742268041237	357	0.000474226804123711	558
0.00569072164948454	372	0.000474226804123711	583
0.00605360824742268	390	0.000515463917525773	608
0.00630515463917526	406	0.000515463917525773	615
0.00747216494845361	476	0.000618556701030928	728
0.00783505154639175	497	0.00065979381443299	753
0.00909278350515464	553	0.000762886597938144	840
0.00981443298969072	586	0.000845360824742268	873
0.0102185567010309	601	0.000865979381443299	898
0.0109319587628866	604	0.000927835051546392	900
0.0117278350515464	631	0.000989690721649484	938
0.0120907216494845	654	0.00103092783505155	970
0.0130969072164948	696	0.00115463917525773	1028
0.0133360824742268	702	0.0011340206185567	1043
0.0140701030927835	731	0.00115463917525773	1080
0.0151958762886598	740	0.00129896907216495	1140
0.0158226804123711	752	0.00138144329896907	1165
0.0163835051546392	766	0.00138144329896907	1190
0.0165360824742268	774	0.00142268041237113	1198
0.016820618556701	780	0.0014020618556701	1210
0.0170639175257732	792	0.0014639175257732	1220
0.0173773195876289	799	0.00148453608247423	1235
0.0188824742268041	802	0.00158762886597938	1248
0.019319587628866	822	0.00164948453608247	1275
0.0195092783505155	827	0.00164948453608247	1285
0.0197567010309278	830	0.00167010309278351	1298
0.0200288659793814	842	0.00171134020618557	1313
0.0203752577319588	849	0.00177319587628866	1330
0.0208247422680412	858	0.00177319587628866	1308
0.0215422680412371	860	0.00185567010309278	1340
0.0219422680412371	871	0.00183505154639175	1355
0.0223340206185567	880	0.00187628865979381	1368
0.0228041237113402	889	0.00191752577319588	1375
0.0233278350515464	895	0.00195876288659794	1390
0.0236	899	0.00204123711340206	1400
0.0269855670103093	902	0.00228865979381443	1373
0.0281938144329897	910	0.00235051546391753	1378
0.0287917525773196	911	0.00239175257731959	1380
