4.94845360824742e-05	3
0.000865979381443299	69
0.00123298969072165	94
0.00152577319587629	110
0.0017979381443299	129
0.00216494845360825	151
0.00254845360824742	175
0.00284948453608247	195
0.00312164948453608	212
0.0037360824742268	249
0.0042680412371134	285
0.00459381443298969	305
0.00512164948453608	334
0.00544742268041237	357
0.00569072164948454	372
0.00605360824742268	390
0.00630515463917526	406
0.00747216494845361	476
0.00783505154639175	497
0.00909278350515464	553
0.00981443298969072	586
0.0102185567010309	601
0.0109319587628866	604
0.0117278350515464	631
0.0120907216494845	654
0.0130969072164948	696
0.0133360824742268	702
0.0140701030927835	731
0.0151958762886598	740
0.0158226804123711	752
0.0163835051546392	766
0.0165360824742268	774
0.016820618556701	780
0.0170639175257732	792
0.0173773195876289	799
0.0188824742268041	802
0.019319587628866	822
0.0195092783505155	827
0.0197567010309278	830
0.0200288659793814	842
0.0203752577319588	849
0.0208247422680412	858
0.0215422680412371	860
0.0219422680412371	871
0.0223340206185567	880
0.0228041237113402	889
0.0233278350515464	895
0.0236	899
0.0269855670103093	902
0.0281938144329897	910
0.0287917525773196	911
