## NFILE T1 T2 CB1 CB2 P1 P2 RWALL1 RWALL2 XMAX1 XMAX2 GMAX1 GMAX2 YMAX1 YMAX2 CEMAX1 CEMAX2
 1    0.12071E+01    0.49642E+00    0.50000E-01    0.44139E-01    0.27518E+01    0.12267E+01    0.15099E+02    0.67307E+01    0.10668E+03    0.20013E+03    0.38793E+00    0.80053E+00    0.16806E+03    0.40167E+03    0.12924E+03    0.27127E+02
 2    0.85931E+00    0.35326E+00    0.10000E+00    0.86000E-01    0.55037E+01    0.23900E+01    0.30199E+02    0.13114E+02    0.22445E+02    0.20009E+03    0.81619E-01    0.80036E+00    0.80090E+02    0.30181E+03    0.29152E+03    0.76526E+02
 3    0.70486E+00    0.28965E+00    0.15000E+00    0.12675E+00    0.82555E+01    0.35225E+01    0.45298E+02    0.19328E+02    0.22032E+02    0.20007E+03    0.80118E-01    0.80026E+00    0.75776E+02    0.26048E+03    0.40601E+03    0.12154E+03
 4    0.61260E+00    0.25164E+00    0.20000E+00    0.16674E+00    0.11007E+02    0.46338E+01    0.60397E+02    0.25426E+02    0.96878E+01    0.20003E+03    0.35229E-01    0.80012E+00    0.66381E+02    0.23838E+03    0.44418E+03    0.21051E+03
 5    0.50289E+00    0.20643E+00    0.30000E+00    0.24510E+00    0.16511E+02    0.68117E+01    0.90596E+02    0.37375E+02    0.83609E+01    0.14973E+02    0.30403E-01    0.59893E-01    0.63859E+02    0.86347E+02    0.50064E+03    0.38020E+03
 6    0.43730E+00    0.17940E+00    0.40000E+00    0.32191E+00    0.22015E+02    0.89462E+01    0.12079E+03    0.49087E+02    0.71515E+01    0.20004E+03    0.26005E-01    0.80016E+00    0.58621E+02    0.17627E+03    0.47368E+03    0.48325E+03
 7    0.39231E+00    0.16086E+00    0.50000E+00    0.39796E+00    0.27518E+02    0.11060E+02    0.15099E+03    0.60684E+02    0.76864E+01    0.28227E+02    0.27950E-01    0.11291E+00    0.47243E+02    0.11250E+03    0.44426E+03    0.68139E+03
 8    0.35915E+00    0.14719E+00    0.60000E+00    0.47264E+00    0.33022E+02    0.13135E+02    0.18119E+03    0.72071E+02    0.12547E+02    0.19128E+02    0.45624E-01    0.76513E-01    0.57824E+02    0.78874E+02    0.54852E+03    0.65433E+03
 9    0.33332E+00    0.13654E+00    0.70000E+00    0.54654E+00    0.38526E+02    0.15189E+02    0.21139E+03    0.83341E+02    0.13003E+02    0.14758E+02    0.47283E-01    0.59031E-01    0.54527E+02    0.62732E+02    0.57781E+03    0.62584E+03
10    0.31246E+00    0.12795E+00    0.80000E+00    0.61980E+00    0.44030E+02    0.17225E+02    0.24159E+03    0.94512E+02    0.93711E+01    0.22146E+02    0.34077E-01    0.88584E-01    0.47973E+02    0.61267E+02    0.48224E+03    0.62334E+03
11    0.29516E+00    0.12081E+00    0.90000E+00    0.69251E+00    0.49533E+02    0.19245E+02    0.27179E+03    0.10560E+03    0.21821E+01    0.24037E+02    0.79348E-02    0.96149E-01    0.20240E+02    0.87119E+02    0.15747E+03    0.68635E+03
12    0.28049E+00    0.11477E+00    0.10000E+01    0.76472E+00    0.55037E+02    0.21252E+02    0.30199E+03    0.11661E+03    0.19349E+01    0.20496E+02    0.70360E-02    0.81986E-01    0.18493E+02    0.77588E+02    0.14770E+03    0.66611E+03
