1.64948453608247e-05	2	0	0
1.64948453608247e-05	6	0	0
0.000556701030927835	58	6.18556701030928e-05	0
0.00134432989690722	114	0.000123711340206186	0
0.00190103092783505	159	0.000144329896907216	0
0.00231752577319588	193	0.000206185567010309	0
0.00257319587628866	206	0.00022680412371134	0
0.00256494845360825	212	0.000247422680412371	0
0.00301030927835052	256	0.000247422680412371	0
0.00367422680412371	307	0.000288659793814433	0
0.00479175257731959	394	0.00043298969072165	0
0.00514226804123711	408	0.000412371134020619	0
0.00557938144329897	442	0.000474226804123711	0
0.00630515463917526	497	0.000515463917525773	0
0.00710515463917526	552	0.000618556701030928	0
0.00774845360824742	590	0.000639175257731959	0
0.00816082474226804	610	0.000701030927835052	0
0.00908453608247423	651	0.000783505154639175	0
0.00948865979381443	676	0.000824742268041237	0
0.00983505154639175	691	0.000804123711340206	0
0.0101896907216495	709	0.00088659793814433	0
0.0104659793814433	723	0.00088659793814433	0
0.010820618556701	736	0.000948453608247423	0
0.0111711340206186	754	0.000948453608247423	0
0.0115340206185567	769	0.000989690721649484	0
0.0118515463917526	789	0.00101030927835052	0
0.012280412371134	811	0.00109278350515464	0
0.0127587628865979	838	0.00111340206185567	0
0.0129979381443299	851	0.00111340206185567	0
0.0136989690721649	891	0.00117525773195876	0
0.0141855670103093	913	0.00119587628865979	0
0.0145030927835052	923	0.00123711340206186	0
0.0149237113402062	935	0.00127835051546392	0
