1.64948453608247e-05	2
1.64948453608247e-05	6
0.000556701030927835	58
0.00134432989690722	114
0.00190103092783505	159
0.00231752577319588	193
0.00257319587628866	206
0.00256494845360825	212
0.00301030927835052	256
0.00367422680412371	307
0.00479175257731959	394
0.00514226804123711	408
0.00557938144329897	442
0.00630515463917526	497
0.00710515463917526	552
0.00774845360824742	590
0.00816082474226804	610
0.00908453608247423	651
0.00948865979381443	676
0.00983505154639175	691
0.0101896907216495	709
0.0104659793814433	723
0.010820618556701	736
0.0111711340206186	754
0.0115340206185567	769
0.0118515463917526	789
0.012280412371134	811
0.0127587628865979	838
0.0129979381443299	851
0.0136989690721649	891
0.0141855670103093	913
0.0145030927835052	923
0.0149237113402062	935
