CH_000	GAMMA
-5	-9.90744791208791e-05
-5	-6.60496527472527e-05
0	6.0545515018315e-05
0	0.000165124132234432
0	0.000275206886813187
0	0.00036327309047619
5	0.000489868258608059
0	0.0005834386
5	0.000688017216849817
5	0.000787091696336996
5	0.00092469513956044
5	0.00103661902820513
5	0.00113385237362637
5	0.00122191857728938
10	0.00135585901684982
5	0.00148611718864469
10	0.00157418339230769
10	0.00167325787142857
10	0.00181086131501832
10	0.00192644820732601
10	0.00196681830549451
5	0.00194846475824176
5	0.00182737372820513
0	0.00171729097362637
0	0.00163472890732601
0	0.00148611718864469
0	0.00139254684725275
-5	0.00128796823003663
-5	0.00117788547545788
-5	0.00105679444505495
-5	0.000930199277289377
-5	0.000843974207692308
-5	0.000737554456410257
-5	0.000588942737728938
-5	0.000500876534065934
-5	0.000429322743223443
-5	0.000319239988644689
-5	0.000181636545421245
-10	8.25620659340659e-05
-10	-1.10082754578755e-05
-10	-0.00017062826996337
-15	-0.000269702749084249
-10	-0.000346760677289377
-10	-0.000456843431868132
-15	-0.000594446875457876
-15	-0.000693521354578755
-15	-0.000803604109523809
-15	-0.000886166175457876
-15	-0.00103477789413919
-15	-0.00114486064908425
-15	-0.00123843099047619
-15	-0.00133750546959707
-15	-0.00146960477545788
-15	-0.00157234225824176
-15	-0.00167325787142857
-15	-0.00177233235091575
-20	-0.00191543993186813
-20	-0.00200901027362637
-20	-0.00211358889047619
-20	-0.00216863026776557
-15	-0.00211909302820513
-15	-0.00201451441135531
-10	-0.00193745648278388
-10	-0.00178700363003663
-10	-0.00169527442271062
-5	-0.00159069580549451
-5	-0.00148427605457875
-5	-0.00135768088644689
-5	-0.00124393512820513
0	-0.00114486064908425
0	-0.00105129030732601
-5	-0.000902678588644689
0	-0.000812771250915751
0	-0.000715537905494505
0	-0.000631134705494506
0	-0.000473355845421246
0	-0.000385289641391941
0	-0.0002917193
0	-0.000181636545421245
0	-0.000110082754578755
5	-3.85289641025641e-05
5	6.0545515018315e-05
5	0.000198148958608059
5	0.000286215162271062
0	0.000379785503663004
5	0.000478859983150183
5	0.000627471701831502
5	0.00070452963003663
5	0.000814612384981685
5	0.000908182726373626
10	0.00105679444505495
10	0.00115586892454212
5	0.00126044754139194
10	0.00135585901684982
10	0.00148611718864469
10	0.00159619994322344
10	0.00169527442271062
10	0.00178884476410256
10	0.00192644820732601
10	0.00197598544688645
5	0.00192094406959707
5	0.00185489441684982
5	0.0017062826981685
0	0.00159253693956044
0	0.00149162132637363
0	0.00135952202051282
0	0.00126595167912088
-5	0.0011668772
0	0.00107514799267399
-5	0.000930199277289377
-5	0.000842133073626374
-5	0.000715537905494505
-5	0.00063297583956044
-5	0.000478859983150183
-10	0.000390793779120879
-5	0.000286215162271062
-5	0.000198148958608059
-10	6.0545515018315e-05
-10	-3.85289641025641e-05
-10	-0.000132099305494505
-10	-0.000245845064102564
-10	-0.000385289641391941
-10	-0.000478859983150183
-10	-0.000588942737728938
-10	-0.000682513079120879
-15	-0.00082562066043956
-10	-0.00092469513956044
-15	-0.00101092020915751
-15	-0.0011668772
-15	-0.00126044754139194
-15	-0.00137603443406593
-15	-0.00145309236227106
-15	-0.00160170408095238
-15	-0.00172095397728938
-15	-0.00179985303956044
-20	-0.00189892751868132
-20	-0.00200901027362637
-20	-0.00215211785457875
-20	-0.00217779740915751
-15	-0.00212826016959707
-15	-0.00203102682454212
-10	-0.00188791924322344
-10	-0.0017943489018315
-10	-0.00168977028498168
-10	-0.001546662703663
-5	-0.00145125122820513
-5	-0.00134300960732601
-5	-0.001254943403663
-5	-0.00111183582271062
0	-0.00101276134322344
-5	-0.000908182726373626
-5	-0.000812771250915751
0	-0.000671504803663004
0	-0.000577934462271062
0	-0.000489868258608059
0	-0.000374281365934066
0	-0.000245845064102564
0	-0.000137603443223443
0	-0.000124754033699634
0	1.10082754578755e-05
5	0.000359610086813187
5	0.000610959288644689
5	0.000842133073626374
5	0.00107330685860806
5	0.00142557167362637
5	0.00166775373369963
10	0.00188241510549451
10	0.00210808475274725
10	0.00246585370549451
15	0.00270803576593407
15	0.00292269713772894
15	0.00318323274505495
15	0.00352815228864469
20	0.00377583848717949
15	0.00400701227106227
15	0.00404554123443223
10	0.00383087986446886
5	0.00357768952820513
5	0.00335201988095238
0	0.00310983782051282
0	0.00276307714322344
0	0.0025374074959707
0	0.00229522543589744
-5	0.00205854751318681
-5	0.00168610728131868
-5	0.00148611718864469
-10	0.00124577626227106
-5	0.00101276134322344
-5	0.000666000665934066
-10	0.000418314467765568
-10	0.000181636545421245
-15	-4.40331018315018e-05
-15	-0.000385289641391941
-15	-0.000609118154578755
-15	-0.000858645486813187
-15	-0.00108431513406593
-15	-0.00144208408681319
-15	-0.00168426614725275
-15	-0.00190259052234432
-20	-0.00225669647142857
-20	-0.00249887853186813
-20	-0.002713539903663
-20	-0.0029612261018315
-25	-0.00331349091684982
-25	-0.00355016883956044
-25	-0.00378684676190476
-25	-0.00401251641025641
-25	-0.00424369019413919
-20	-0.00422167364468865
-20	-0.00397949158241758
-15	-0.00375932607326007
-15	-0.00340155712051282
-10	-0.00314836678461539
-10	-0.00292269713772894
-5	-0.00268051507728938
-5	-0.002337417403663
0	-0.00209157233956044
0	-0.00186590269230769
0	-0.00164023304505495
0	-0.00128246409230769
0	-0.00104028203186813
0	-0.00082562066043956
0	-0.000605455150915751
0	-0.000236677922710623
0	-0.000126595167765568
0	-6.0545515018315e-05
0	0.0002917193
0	0.000539405498168498
5	0.00076691627948718
5	0.00100725720549451
5	0.00134851374505495
10	0.00158519166776557
10	0.00182737372820513
10	0.00205854751318681
10	0.00241081232820513
10	0.00263648197545788
10	0.0028731598978022
10	0.0031208460959707
15	0.00347495204505495
15	0.0037042846959707
15	0.00392995434432234
20	0.00404554123443223
10	0.0038804171025641
5	0.00366575573260073
5	0.00344008608461538
5	0.00320340816190476
0	0.00285664748461538
0	0.0026254737
0	0.00238329163956044
0	0.00214661371684982
-5	0.00177967762271062
-5	0.00157968753003663
-5	0.00135401788278388
-5	0.00100909833956044
-10	0.000770579283150183
-10	0.00051188480952381
-10	0.000286215162271062
-10	-6.0545515018315e-05
-10	-0.000286215162271062
-10	-0.000533901360439561
-10	-0.000779746424542124
-15	-0.0011228440981685
-15	-0.00135952202051282
-15	-0.00157968753003663
-15	-0.00182553259413919
-15	-0.00217779740915751
-20	-0.00239429991501831
-25	-0.00266400266410256
-20	-0.00288416817326007
-20	-0.00322908771684982
-20	-0.00346210263553114
-20	-0.00368226814652015
-25	-0.0039244502051282
-25	-0.00424369019413919
-25	-0.00424919433333333
-20	-0.00405654951282051
-15	-0.003836384
-10	-0.00348411918644689
-10	-0.00324744126410256
-5	-0.00301626747912088
-10	-0.00277408541868132
-5	-0.00243833301684982
-5	-0.00219615095641026
0	-0.00196497717142857
-5	-0.00172645811501832
0	-0.00138704270952381
0	-0.00116137306227106
0	-0.000935703415018315
0	-0.000566926186813187
5	-0.000333911267765568
0	-0.00012109103003663
0	-0.00012109103003663
5	0.000544909635897436
5	0.00101276134322344
5	0.00147510891318681
5	0.00192828934139194
10	0.00262731483406593
10	0.00310983782051282
15	0.00356668125274725
20	0.0040400370989011
20	0.004755575003663
20	0.00521976370695971
20	0.00572430324542125
25	0.00616463426373626
25	0.00688567630769231
25	0.00734802387545788
25	0.00782688386080586
30	0.00823969419047619
20	0.00813511557142857
15	0.00763423904029304
10	0.00717739560805861
10	0.00669853562271062
5	0.00600501427106227
0	0.00553716256043956
0	0.00505830257875458
-5	0.00458678786813187
-5	0.00390793779120879
-5	0.00342541480549451
-5	0.00295021782637363
-5	0.00225119233369963
-10	0.00176132407545788
-10	0.00128246409230769
-10	0.00082562066043956
-15	0.000115586892307692
-15	-0.000335752401831502
-15	-0.000803604109523809
-15	-0.00128796823003663
-15	-0.00198699372271062
-20	-0.00248052498461538
-20	-0.00293920955091575
-20	-0.00339605298278388
-25	-0.00410608675091575
-25	-0.00456843431868132
-30	-0.00504545316849817
-30	-0.00550964187179487
-30	-0.00621967564102564
-30	-0.00667101493406593
-35	-0.00714437078021978
-35	-0.0076287349010989
-35	-0.00833876867032967
-35	-0.00843233901098901
-30	-0.00819015694871795
-25	-0.00771495997069597
-15	-0.00702327975091575
-15	-0.00654992390476191
-10	-0.00606555978388278
-10	-0.00560871635164835
-5	-0.00489868258608059
-5	-0.00444183915384615
-5	-0.00396848330769231
0	-0.00350613573736264
0	-0.00278509369413919
0	-0.00232274612454212
0	-0.00185489441684982
0	-0.00139620985091575
0	-0.000691680220512821
0	-0.000214661371794872
0	-0.000110082754578755
0	0.000392634913186813
5	0.000853141349084249
5	0.00131548891868132
5	0.00180719831135531
10	0.00248787025641026
10	0.00297223437728938
15	0.00345109436007326
15	0.00391344193040293
15	0.00460330028205128
15	0.00508582326739927
20	0.00557569152747253
20	0.0060380390952381
25	0.00674807286446887
25	0.00721042043223443
25	0.00768011327472527
30	0.00814612384981685
25	0.0082562066043956
15	0.00779385903296703
10	0.00733151146520147
10	0.00685815561904762
5	0.00617564253846154
0	0.00569127841758242
5	0.00521792257509158
0	0.004751912
-5	0.00405104537362637
0	0.00358319366593407
-5	0.00310983782051282
-5	0.00263832310952381
-10	0.00193195234505495
-10	0.00146043763406593
-10	0.000985240654578755
-10	0.0002917193
-15	-0.000187140683150183
-15	-0.000649488252747253
-15	-0.00111733996043956
-15	-0.00182737372820513
-20	-0.00229888843956044
-20	-0.00276858128095238
-20	-0.00323643298864469
-25	-0.00395197089377289
-25	-0.00440697319047619
-25	-0.00488217017216117
-25	-0.00536103015384615
-25	-0.00604354323443224
-30	-0.00652056208424908
-30	-0.00698475078754579
-30	-0.00746911490842491
-35	-0.00818465281318681
-35	-0.00841398546520147
-30	-0.00834977694505495
-25	-0.0078764210989011
-15	-0.00718840388278388
-15	-0.0067095439010989
-10	-0.00625270046886447
-10	-0.00578300762637363
-5	-0.00509132740659341
-5	-0.00460696328571429
-5	-0.00415011985347985
-5	-0.00368777228205128
0	-0.00297773851501831
0	-0.00251905394871795
0	-0.0020420351
0	-0.00134851374505495
0	-0.000869653762271062
0	-0.000418314467765568
0	-0.000108241620512821
5	0.000513725943589744
5	0.00147510891318681
10	0.00243467001318681
10	0.00339054884505494
15	0.0048399782051282
20	0.00580320230769231
20	0.00676458527838828
25	0.00775166706593407
35	0.00918824701465201
35	0.0101441258461538
40	0.0111513830512821
45	0.0121256154322344
45	0.0131163602234432
55	0.0145419318974359
55	0.015501492996337
60	0.0164903966556777
60	0.0165894711355311
40	0.0155180054102564
30	0.0145694525860806
20	0.0136172367582418
15	0.0126375002417582
10	0.0112174327032967
5	0.0102560497362637
0	0.00930199277289377
0	0.00834427280586081
-5	0.00688751743956044
-5	0.00593530161172161
-5	0.00498124465201465
-5	0.00401251641025641
-10	0.00257593646007326
-10	0.00160720821868132
-15	0.000634816973626374
-15	-0.000311894716849817
-20	-0.00175581993772894
-20	-0.00271904404139194
-20	-0.0036639145978022
-25	-0.00509132740659341
-25	-0.00606555978388278
-30	-0.00702327975091575
-35	-0.00799200799267399
-40	-0.00941757966666667
-45	-0.0103863079084249
-45	-0.0113385237362637
-50	-0.012307251978022
-50	-0.0137585032051282
-60	-0.0147125601684982
-60	-0.0156867925457875
-65	-0.0166500166483516
-60	-0.0167380828534799
-45	-0.0158023794395604
-30	-0.0148171387838828
-25	-0.0138484105421245
-10	-0.0124118305934066
-10	-0.0114431023516484
-5	-0.0104835412527473
-5	-0.00951115000732601
0	-0.00806356178388278
-5	-0.00711685009157509
0	-0.00613711357509158
0	-0.00518489774725275
0	-0.00373546838827839
5	-0.00276858128095238
0	-0.00182737372820513
0	-0.000858645486813187
0	-0.000104578616849817
5	0.000365114224542125
5	0.00132099305641026
10	0.0022897212981685
10	0.00367860514285714
15	0.00466200466300366
15	0.00562522876556777
15	0.00657194045787546
20	0.00801402454212454
25	0.00900476933699634
30	0.00996799343956044
30	0.010909200992674
35	0.0123366137985348
40	0.013309005043956
45	0.0142942456996337
50	0.0152409573882784
60	0.0166133288205128
60	0.0166243370952381
40	0.015859261948718
30	0.0149107091245421
20	0.013468625040293
15	0.0125017379304029
10	0.0115385138278388
5	0.010589961003663
0	0.00915338105494506
0	0.00819015694871795
0	0.00723794112087912
-5	0.0057903528974359
-5	0.00482162465567766
-10	0.00386390468864469
-10	0.00290802585860806
-10	0.0014585965
-10	0.000478859983150183
-15	-0.000467851707692308
-15	-0.00144208408681319
-15	-0.00284563920915751
-20	-0.00380886331135531
-20	-0.00479410396703297
-25	-0.00575732806959707
-30	-0.00719390802197802
-30	-0.00814612384981685
-30	-0.0091185150952381
-35	-0.0100725720549451
-40	-0.0115036478681319
-40	-0.012466871970696
-45	-0.0134521126263736
-50	-0.0144355121465201
-60	-0.0158354042637363
-65	-0.0168096366446886
-60	-0.0168041325054945
-45	-0.0160775863260073
-30	-0.0146740312014652
-20	-0.0136942946849817
-15	-0.0127310705824176
-10	-0.0117843588901099
-5	-0.0103422748058608
-5	-0.00937354656410257
-5	-0.0084194896007326
0	-0.0074526024945055
0	-0.00602152668131868
0	-0.00506380671794872
0	-0.00408957433699634
0	-0.00313185437142857
0	-0.00169527442271062
0	-0.00075406686959707
0	-7.70579282051282e-05
5	8.80662036630037e-05
5	0.00301260447545788
10	0.00498124465201465
15	0.00694806295604396
20	0.00890019071794872
35	0.011828391992674
40	0.0138043774395604
50	0.0157473380622711
70	0.0187085641648352
80	0.0206533659194139
90	0.0225798141245421
100	0.0245704708498168
110	0.0274986721282051
120	0.0295150276703297
125	0.031527700948718
140	0.0333715870915751
130	0.0333991077802198
80	0.0308451878717949
55	0.028891218974359
45	0.0269225787985348
25	0.0240035446630037
20	0.0220349044908425
10	0.0200680861831502
10	0.0181196214249084
5	0.0151749077362637
0	0.0132044264285714
-5	0.0112669699450549
-5	0.00928548035897436
-5	0.0063297583956044
-10	0.00437028536263736
-10	0.00240530819047619
-15	0.000429322743223443
-20	-0.00250438266959707
-20	-0.00445284742857143
-25	-0.00642883287545788
-30	-0.00834977694505495
-40	-0.0112779782197802
-45	-0.0132594678058608
-55	-0.015228107981685
-65	-0.0171729097362637
-75	-0.0201121192857143
-85	-0.0220550799047619
-85	-0.0240365694908425
-95	-0.0259886972527473
-105	-0.0288967231098901
-110	-0.0308672044212454
-115	-0.0328376857289377
-110	-0.033569736047619
-75	-0.0318689574871795
-50	-0.0299076433223443
-30	-0.0279885403846154
-15	-0.0250383225604396
-10	-0.0230678412490842
-5	-0.0211083682161172
0	-0.0191323827692308
0	-0.0162151897692308
0	-0.0142483714615385
5	-0.0122962436996337
5	-0.0103477789413919
0	-0.00743058594139194
5	-0.00550780073992674
5	-0.00353365642637363
5	-0.00160170408095238
5	-8.80662036630037e-05
5	0.000886166175457876
10	0.0028291267959707
10	0.00478309569230769
15	0.00770763396336996
20	0.00970379482783883
30	0.0116320841684982
35	0.0145914691355311
40	0.0165289256190476
45	0.0185214234798535
60	0.0204808965128205
70	0.0233980895128205
85	0.0254015956483516
95	0.0273500604065934
105	0.029331549992674
125	0.0322726006776557
130	0.0333844365018315
115	0.0330523471025641
80	0.0311038823443223
50	0.0281976976190476
40	0.0261831832087912
25	0.024214543032967
20	0.0222770865494505
10	0.0193305317289377
5	0.0173728998278388
5	0.0153895691098901
0	0.013468625040293
-5	0.0105202483479853
-5	0.00856627945054945
-5	0.006590294003663
-10	0.00465099638827839
-10	0.00166959486776557
-10	-0.000286215162271062
-15	-0.00226770474688645
-15	-0.00419231182051282
-20	-0.0071205130952381
-20	-0.00907632312454212
-25	-0.0110523085714286
-30	-0.0130172857435897
-40	-0.0159399828827839
-45	-0.0178994559157509
-50	-0.0198644330879121
-60	-0.0218128978461538
-65	-0.0247576115347985
-80	-0.0267446052564103
-85	-0.0286765576007326
-100	-0.0316322795677656
-110	-0.0335532236373626
-105	-0.0335752401868132
-75	-0.0321111395494506
-40	-0.0291609217216117
-25	-0.0272069528278388
-15	-0.0252291262454212
-10	-0.0232494777948718
0	-0.0203414519377289
0	-0.0183728117619048
0	-0.0164188428644689
0	-0.0144520245604396
5	-0.0115256644175824
0	-0.00954417483516483
5	-0.0075847017985348
5	-0.00564724531501831
5	-0.00270803576593407
5	-0.000770579283150183
5	-8.80662036630037e-05
5	0.00152464615274725
15	0.00738839397435897
20	0.0113935651135531
35	0.0153528812783883
45	0.0193323728608059
75	0.0252988581648352
100	0.0292489879267399
125	0.0332504960586081
220	0.056665097985348
230	0.0606500936996337
240	0.0646626101098901
230	0.0669468272893773
160	0.0644864776923077
115	0.0604189199267399
75	0.0564394283516483
55	0.052470945018315
30	0.0465044597435897
20	0.042519463992674
15	0.0385564848351648
10	0.0345549767032967
0	0.0286435327765568
0	0.0246310163663004
-5	0.0206790454725275
-5	0.0166830414761905
-5	0.0107275644468864
-5	0.00673890572161172
-10	0.00277958955641026
-15	-0.0012109103018315
-20	-0.00713886664468865
-30	-0.0110908375384615
-35	-0.0150373042930403
-45	-0.0189947793260073
-70	-0.0249227356666667
-85	-0.0289022272490842
-100	-0.032848694007326
-120	-0.0367841524908425
-140	-0.0427891667399267
-155	-0.0467723213553114
-170	-0.0506876043956044
-185	-0.0546560877289377
-210	-0.0605234985347985
-230	-0.0645286696703297
-235	-0.066935819010989
-175	-0.0646626101098901
-110	-0.0607528312087912
-60	-0.0568302221245421
-25	-0.0523993912454213
-10	-0.0484529244688645
0	-0.0425745053846154
5	-0.0386225345054945
5	-0.0346815718717949
5	-0.030733263981685
5	-0.0247961404981685
5	-0.0208203119194139
5	-0.0168316531941392
5	-0.0128301450622711
5	-0.00688383517216117
5	-0.00287866403553114
5	-7.15537904761905e-05
5	-1.46712791208791e-05
10	0.00589493151648352
15	0.0098872725054945
20	0.0138814353699634
25	0.0178389103992674
40	0.0237503543296703
45	0.0277151746336996
60	0.0316928250805861
70	0.0356282835604396
95	0.0415397274725275
110	0.0454256487179487
125	0.049432660989011
150	0.0553624584615385
175	0.0593749748717949
200	0.0633636336263736
220	0.0669468272893773
180	0.065735916959707
120	0.06173624996337
85	0.0577292376923077
55	0.0536983677655678
35	0.049751900989011
25	0.0438404570695971
15	0.0398517983516483
10	0.0358557943443223
0	0.0299590216959707
0	0.0259868753846154
-5	0.0220055426666667
-5	0.0179985303956044
-5	0.0120540616410256
-5	0.00806540291575092
-5	0.00410608675091575
-10	0.000110082754578755
-10	-0.00582337772527473
-15	-0.00980837344322344
-15	-0.0137823608901099
-20	-0.0177618524725275
-30	-0.0237063212271062
-40	-0.0276454427106227
-45	-0.0315937506007326
-60	-0.035567738047619
-75	-0.0415397274725275
-90	-0.0454972025274725
-110	-0.0494913653846154
-130	-0.0534121526007326
-170	-0.0593346047985348
-200	-0.0633140963736264
-225	-0.0669798520879121
-215	-0.0669798520879121
-120	-0.0618830205494505
-65	-0.0579585703663004
-30	-0.0540121035897436
-10	-0.0500766451282051
0	-0.0441963848717949
0	-0.0402297427106227
0	-0.0362227304358974
5	-0.0322707595421245
10	-0.0263317949267399
5	-0.0223467992051282
5	-0.0183544582124542
5	-0.0143602953516484
5	-0.00838280177289377
5	-0.00443083087545788
5	-0.00046234756996337
5	-8.25620659340659e-05
10	0.00536103015384615
15	0.010270721014652
20	0.0151198663589744
25	0.0199524992930403
40	0.0272399776520146
55	0.032123988959707
65	0.037042846959707
90	0.041919513003663
115	0.0492400161904762
135	0.0540726491208791
165	0.0589768358241758
210	0.0663303638461539
245	0.0713556416117216
260	0.0764488101465202
275	0.0813016184981685
295	0.0862168134798535
315	0.0934767711721612
330	0.0983424289377289
320	0.100802778498168
225	0.0972636179120879
155	0.0923814477655678
110	0.0873616741391941
70	0.0825400494871795
35	0.0750892881318681
20	0.070133723040293
15	0.0651855031868132
10	0.0602648040659341
-5	0.0529553091575092
0	0.0480015852014652
-5	0.0431029026007326
-5	0.0382097241758242
-10	0.030850692007326
-10	0.0259153215934066
-10	0.0210258061501831
-5	0.0161271235641026
-10	0.00877909968864469
-15	0.00388592124175824
-15	-0.00101092020915751
-15	-0.00591144392673993
-20	-0.0132429553919414
-20	-0.0181471421135531
-25	-0.0230623371135531
-35	-0.0279775321098901
-55	-0.0352980352967033
-65	-0.0402113891575092
-85	-0.0451119128937729
-105	-0.04995004996337
-145	-0.0572595448717949
-185	-0.0621141943589744
-225	-0.0669908603663004
-260	-0.071893205970696
-290	-0.0791935337362637
-315	-0.0841802825274725
-335	-0.0889853947619048
-350	-0.0938895815018315
-345	-0.100362447472527
-330	-0.10044500952381
-235	-0.0962893855311355
-160	-0.0913833576923077
-80	-0.0841142328571429
-45	-0.0791990378754579
-20	-0.074327875970696
0	-0.06785501
10	-0.0591089351282051
0	0
0	-0.0523608622710623
10	-0.0420240916117216
10	-0.0356227794249084
10	-0.0311809402710623
10	-0.0247300908461538
10	-0.0202937558315018
10	-0.0138374022673993
10	-0.0094230838021978
10	-0.00298874679047619
10	-7.52167941391941e-05
15	0.00155767097912088
15	0.00795532016117216
20	0.0124008223186813
25	0.018780117952381
25	0.0232274612454212
30	0.0296617982564103
35	0.034087124996337
50	0.0405104537362637
65	0.0449357804761905
75	0.051430663003663
95	0.0558504856043956
115	0.0621967564102564
145	0.0686219263003663
155	0.0731665029304029
190	0.0795953357875458
220	0.0840481832234432
255	0.0904990326373626
275	0.094869318021978
300	0.100747737106227
295	0.100709208131868
185	0.0956729221245421
120	0.0892275768131868
85	0.0847380415750916
50	0.0783018634432234
35	0.0737609497802198
20	0.0672330424542125
15	0.062776532014652
5	0.0562981619047619
0	0.0518820023076923
-5	0.0454641776923077
-5	0.0409911548351648
-5	0.0345953468021978
-5	0.0301590117875458
-5	0.0237466913260073
-5	0.0173270255897436
-5	0.0128741781648352
-5	0.0064581946996337
-5	0.00203653096227106
-5	-0.00439596491575092
-10	-0.00880111623809524
-10	-0.0152519656666667
-15	-0.0197048130915751
-15	-0.0261483172490843
-20	-0.0305644768461538
-30	-0.0369767972893773
-35	-0.0414773408424908
-50	-0.0478254527838828
-65	-0.0542029072893773
-75	-0.0586135627472527
-100	-0.0649965213919414
-120	-0.0694218481318681
-155	-0.0757754642124542
-185	-0.0803090325641026
-230	-0.0867672272527473
-265	-0.0911265043589744
-315	-0.0975553372161172
-325	-0.100428497106227
-275	-0.098826793040293
-170	-0.0924016231868132
-115	-0.0879891458241758
-60	-0.0816538832967033
-30	-0.0771955317582417
-10	-0.0707868742857143
-5	-0.0663578845421245
5	-0.0599620764835165
5	-0.055547758021978
5	-0.0491739665201465
5	-0.0447541439194139
5	-0.0382647655311355
10	-0.0338394387985348
5	-0.0274436307509157
5	-0.021023965014652
5	-0.0165674545824176
10	-0.0101386217106227
10	-0.00569494142124542
10	-5.50413772893773e-05
10	-5.32002432234432e-05
5	-4.95372395604396e-05
5	-7.15537904761905e-05
5	-5.8704380952381e-05
10	-6.60496527472527e-05
5	-5.50413772893773e-05
