CH_000	GAMMA
5	-3.66300366300366e-06
15	0
30	4.76190476190476e-05
45	0.000161172161172161
60	0.000256410256410256
75	0.000358974358974359
80	0.000487179487179487
95	0.000571428571428572
105	0.000703296703296703
110	0.000787545787545788
115	0.000886446886446887
120	0.00100732600732601
125	0.00110622710622711
130	0.00121978021978022
135	0.00133333333333333
135	0.00144688644688645
140	0.00154945054945055
140	0.00165567765567766
140	0.00178388278388278
140	0.00189377289377289
135	0.00193772893772894
120	0.00196336996336996
85	0.00185714285714286
55	0.00177655677655678
35	0.00167032967032967
20	0.00157875457875458
15	0.00146520146520147
10	0.00130769230769231
5	0.00121978021978022
5	0.00110989010989011
0	0.00104029304029304
0	0.000952380952380952
-5	0.000842490842490843
-5	0.000721611721611722
-10	0.000608058608058608
-10	0.000505494505494506
-10	0.000391941391941392
-10	0.000293040293040293
-10	0.000172161172161172
-15	6.95970695970696e-05
-30	-1.83150183150183e-05
-45	-0.00010989010989011
-55	-0.000216117216117216
-75	-0.000315018315018315
-80	-0.00041025641025641
-90	-0.000523809523809524
-95	-0.000615384615384615
-105	-0.000714285714285714
-110	-0.000824175824175824
-115	-0.000912087912087912
-125	-0.00103296703296703
-135	-0.00113553113553114
-140	-0.00126373626373626
-145	-0.00135531135531136
-155	-0.00145421245421245
-165	-0.00157875457875458
-175	-0.00168864468864469
-180	-0.0017948717948718
-195	-0.00187545787545788
-190	-0.00197435897435897
-160	-0.00192673992673993
-130	-0.00183882783882784
-110	-0.00173626373626374
-90	-0.00163736263736264
-70	-0.00152747252747253
-55	-0.00141391941391941
-45	-0.00131501831501831
-35	-0.00121611721611722
-20	-0.00110622710622711
-10	-0.00101465201465201
-5	-0.000904761904761905
5	-0.000816849816849817
10	-0.000736263736263736
20	-0.000626373626373626
20	-0.000516483516483516
25	-0.00043956043956044
25	-0.000318681318681319
30	-0.000216117216117216
35	-9.89010989010989e-05
35	-7.69230769230769e-05
40	-2.1978021978022e-05
50	6.95970695970696e-05
60	0.000164835164835165
60	0.00026007326007326
70	0.000373626373626374
70	0.000468864468864469
75	0.000578754578754579
75	0.000706959706959707
75	0.00080952380952381
80	0.000930402930402931
85	0.001003663003663
90	0.00112820512820513
90	0.00124542124542125
95	0.00134432234432234
95	0.00145787545787546
105	0.00156410256410256
115	0.00165567765567766
125	0.00181318681318681
140	0.00194871794871795
135	0.00195238095238095
110	0.00193406593406593
70	0.00183150183150183
50	0.00172527472527473
30	0.00162637362637363
20	0.00151648351648352
20	0.00142124542124542
15	0.0013040293040293
10	0.00119047619047619
10	0.00112454212454212
5	0.000996336996336996
5	0.000915750915750916
0	0.000835164835164835
0	0.000728937728937729
-5	0.000604395604395604
-5	0.000490842490842491
-5	0.000395604395604396
-5	0.000293040293040293
-10	0.000168498168498169
-15	6.22710622710623e-05
-20	-4.3956043956044e-05
-30	-0.000139194139194139
-40	-0.000227106227106227
-40	-0.000333333333333333
-45	-0.000443223443223443
-55	-0.000538461538461538
-60	-0.000641025641025641
-65	-0.000754578754578755
-75	-0.000853479853479854
-85	-0.000963369963369963
-90	-0.00106227106227106
-100	-0.00116117216117216
-110	-0.00125641025641026
-120	-0.00138095238095238
-135	-0.00152380952380952
-145	-0.00162271062271062
-160	-0.00173260073260073
-175	-0.00184249084249084
-190	-0.00194139194139194
-190	-0.00197069597069597
-160	-0.00191941391941392
-130	-0.00182051282051282
-105	-0.00172161172161172
-85	-0.00162271062271062
-70	-0.00151282051282051
-55	-0.0014029304029304
-45	-0.00131135531135531
-35	-0.0011978021978022
-25	-0.0010952380952381
-15	-0.001003663003663
-5	-0.000901098901098901
5	-0.000805860805860806
10	-0.000725274725274725
15	-0.000633699633699634
20	-0.000516483516483517
25	-0.000421245421245421
25	-0.000307692307692308
30	-0.000197802197802198
35	-0.000102564102564103
35	-7.69230769230769e-05
45	4.3956043956044e-05
60	0.000289377289377289
70	0.000534798534798535
75	0.000794871794871795
85	0.00104029304029304
90	0.00130769230769231
95	0.00157509157509158
120	0.00181684981684982
150	0.00221978021978022
170	0.00246153846153846
185	0.00272161172161172
210	0.00298901098901099
235	0.00324542124542125
260	0.00352014652014652
290	0.00378021978021978
310	0.00401831501831502
300	0.00402930402930403
200	0.00382783882783883
130	0.00359340659340659
90	0.00333699633699634
55	0.0030989010989011
30	0.00282417582417582
15	0.00255677655677656
15	0.0023040293040293
15	0.00205494505494505
10	0.0017948717948718
5	0.00157509157509158
-5	0.00131868131868132
-10	0.00108058608058608
-15	0.000805860805860806
-15	0.000542124542124542
-20	0.000267399267399267
-25	7.32600732600733e-06
-40	-0.000230769230769231
-55	-0.000465201465201465
-65	-0.000725274725274725
-85	-0.000967032967032967
-105	-0.00121611721611722
-130	-0.00147985347985348
-155	-0.00171062271062271
-195	-0.00195604395604396
-215	-0.00221611721611722
-240	-0.00247619047619048
-260	-0.00272161172161172
-280	-0.00298168498168498
-300	-0.00325274725274725
-320	-0.00351648351648352
-341	-0.00377289377289377
-351	-0.004003663003663
-341	-0.00401098901098901
-260	-0.00379487179487179
-205	-0.00356043956043956
-165	-0.00331135531135531
-125	-0.00306959706959707
-95	-0.0027985347985348
-65	-0.00254212454212454
-35	-0.00217948717948718
-15	-0.00190842490842491
0	-0.00167765567765568
10	-0.00147252747252747
25	-0.00121245421245421
30	-0.000967032967032967
30	-0.000714285714285714
35	-0.000465201465201465
35	-0.000201465201465201
40	-5.49450549450549e-05
45	2.93040293040293e-05
60	0.000249084249084249
65	0.000512820512820513
75	0.000787545787545788
80	0.00104029304029304
85	0.00130769230769231
95	0.00157142857142857
100	0.00183150183150183
100	0.00209523809523809
110	0.00234065934065934
125	0.00258608058608059
150	0.00284981684981685
175	0.0030952380952381
205	0.00334432234432234
235	0.00358974358974359
275	0.00386446886446886
300	0.00402564102564103
220	0.0039047619047619
145	0.00363369963369963
100	0.00341391941391941
60	0.00315384615384615
35	0.0028974358974359
20	0.00264468864468864
15	0.00238461538461538
20	0.00212820512820513
15	0.00187179487179487
5	0.00162637362637363
0	0.00137728937728938
-5	0.00112087912087912
-10	0.000864468864468865
-15	0.000608058608058608
-15	0.000336996336996337
-15	8.05860805860806e-05
-30	-0.000157509157509158
-35	-0.000417582417582418
-45	-0.000663003663003663
-55	-0.000926739926739927
-65	-0.00117216117216117
-80	-0.00142490842490842
-100	-0.00167032967032967
-115	-0.00191208791208791
-140	-0.00217948717948718
-160	-0.00241025641025641
-180	-0.00266300366300366
-210	-0.00292673992673993
-240	-0.00319047619047619
-270	-0.00343956043956044
-300	-0.00368864468864469
-336	-0.00395970695970696
-336	-0.004003663003663
-270	-0.00388644688644689
-215	-0.00362271062271062
-170	-0.00338095238095238
-130	-0.00313186813186813
-100	-0.00288644688644689
-75	-0.00263003663003663
-40	-0.00225274725274725
-20	-0.002003663003663
-5	-0.00173992673992674
5	-0.00150915750915751
20	-0.00128571428571429
25	-0.00102564102564103
30	-0.000776556776556777
35	-0.000512820512820513
35	-0.000282051282051282
40	-6.22710622710623e-05
40	3.66300366300366e-06
65	0.00047985347985348
70	0.001
90	0.00152747252747253
95	0.00203663003663004
120	0.00256776556776557
165	0.00308424908424908
225	0.00357875457875458
310	0.0040989010989011
371	0.00456776556776557
426	0.00508791208791209
486	0.0056007326007326
541	0.00611721611721612
586	0.00665201465201465
636	0.00718681318681319
676	0.00771428571428572
686	0.00812087912087912
641	0.0080952380952381
491	0.0076007326007326
361	0.0071025641025641
250	0.00661538461538462
165	0.0061025641025641
105	0.00558608058608059
50	0.00506227106227106
25	0.00455677655677656
5	0.00404761904761905
5	0.00352747252747253
0	0.00302930402930403
-10	0.0025018315018315
-15	0.00196703296703297
-25	0.00145054945054945
-25	0.000937728937728938
-30	0.000432234432234432
-40	-8.05860805860806e-05
-60	-0.000597069597069597
-80	-0.00109157509157509
-125	-0.00185714285714286
-160	-0.00235897435897436
-205	-0.00287545787545787
-260	-0.00338827838827839
-315	-0.00386813186813187
-366	-0.0044029304029304
-406	-0.0049010989010989
-436	-0.00542124542124542
-461	-0.00593772893772894
-491	-0.00648717948717949
-516	-0.00698534798534799
-536	-0.00749450549450549
-566	-0.00802564102564103
-546	-0.00814285714285714
-421	-0.00785347985347985
-320	-0.00735897435897436
-235	-0.00684615384615385
-165	-0.00634065934065934
-110	-0.00581684981684982
-65	-0.00531135531135531
-40	-0.00478754578754579
-20	-0.00428571428571429
-5	-0.00375824175824176
10	-0.00328571428571429
25	-0.00277655677655678
25	-0.00224908424908425
35	-0.00173626373626374
40	-0.00121611721611722
45	-0.000717948717948718
50	-0.000212454212454212
45	-9.15750915750916e-05
60	0.000278388278388278
70	0.000787545787545788
80	0.00131868131868132
95	0.00183882783882784
95	0.00236996336996337
120	0.0029010989010989
145	0.00342124542124542
185	0.00394139194139194
225	0.00445421245421245
275	0.00498534798534799
330	0.00546886446886447
391	0.00597069597069597
456	0.00648717948717949
531	0.00701098901098901
596	0.00752747252747253
666	0.00805128205128205
661	0.00812820512820513
526	0.00780952380952381
386	0.00730769230769231
275	0.00682417582417583
190	0.00628937728937729
120	0.00579487179487179
75	0.0053003663003663
40	0.00476556776556777
20	0.00427106227106227
20	0.00347252747252747
15	0.00295970695970696
5	0.00243223443223443
-5	0.00193040293040293
-15	0.00141391941391941
-20	0.000904761904761905
-20	0.000355311355311355
-35	-0.000168498168498169
-40	-0.000684981684981685
-50	-0.00119047619047619
-55	-0.00171428571428571
-75	-0.00220879120879121
-90	-0.00273626373626374
-110	-0.00324542124542124
-130	-0.00376556776556777
-160	-0.00430769230769231
-190	-0.0048021978021978
-225	-0.00531501831501832
-275	-0.00583516483516484
-320	-0.00633699633699634
-376	-0.00686080586080586
-436	-0.00735531135531136
-496	-0.00785714285714286
-526	-0.00815750915750916
-461	-0.00807692307692308
-341	-0.00757509157509158
-255	-0.00705494505494506
-180	-0.00655311355311355
-120	-0.00603296703296703
-75	-0.00552014652014652
-45	-0.00504029304029304
-25	-0.00451648351648352
-10	-0.00398901098901099
5	-0.00348351648351648
15	-0.00298168498168498
25	-0.00246520146520146
25	-0.00194139194139194
35	-0.00142490842490842
40	-0.000926739926739927
40	-0.000395604395604396
40	-9.15750915750916e-05
55	0.000227106227106227
70	0.00131501831501831
90	0.00241025641025641
130	0.00347985347985348
210	0.00453479853479854
310	0.00558241758241758
446	0.00663736263736264
681	0.00824175824175824
416	0.0093956043956044
421	0.00997802197802198
416	0.0110769230769231
416	0.0127362637362637
416	0.0138351648351648
421	0.0149194139194139
421	0.01603663003663
416	0.0165531135531136
381	0.0161538461538462
341	0.0150695970695971
315	0.013967032967033
290	0.0128644688644689
265	0.0117765567765568
245	0.0106703296703297
220	0.00957142857142857
195	0.00848717948717949
165	0.00740659340659341
110	0.00630769230769231
35	0.00522710622710623
-10	0.00421611721611722
-10	0.00310989010989011
-20	0.002
-30	0.000912087912087912
-40	-0.000183150183150183
-55	-0.00126739926739927
-75	-0.00231868131868132
-115	-0.00341391941391941
-170	-0.00450915750915751
-230	-0.0056007326007326
-320	-0.00666666666666667
-431	-0.00772893772893773
-541	-0.00880586080586081
-606	-0.00988278388278388
-656	-0.010967032967033
-696	-0.012043956043956
-736	-0.0131355311355311
-766	-0.0142380952380952
-801	-0.0153333333333333
-831	-0.0164285714285714
-756	-0.0164908424908425
-521	-0.0156776556776557
-325	-0.0146373626373626
-185	-0.0135714285714286
-90	-0.0124835164835165
-35	-0.0114175824175824
0	-0.0103443223443223
15	-0.00928937728937729
30	-0.0082051282051282
40	-0.00712454212454213
50	-0.00607326007326007
60	-0.00497802197802198
60	-0.00386813186813187
65	-0.00277289377289377
65	-0.00168131868131868
75	-0.000582417582417583
70	-0.000102564102564103
85	0.000399267399267399
110	0.00148351648351648
125	0.00257875457875458
175	0.00366666666666667
240	0.00474725274725275
315	0.00584615384615385
346	0.0069047619047619
361	0.00802197802197802
366	0.00968498168498168
356	0.0107802197802198
356	0.0118864468864469
356	0.012992673992674
361	0.0140915750915751
371	0.0151758241758242
376	0.0162930402930403
376	0.0166336996336996
336	0.016014652014652
305	0.0149267399267399
280	0.0138168498168498
250	0.0127289377289377
230	0.0116263736263736
215	0.0105531135531136
195	0.00944688644688645
180	0.00836996336996337
165	0.00726007326007326
120	0.00616849816849817
55	0.00507326007326007
15	0.00398168498168498
15	0.00291941391941392
0	0.00182417582417582
-15	0.000754578754578755
-25	-0.000344322344322344
-35	-0.00145421245421245
-45	-0.00253113553113553
-50	-0.00361538461538462
-60	-0.0047032967032967
-75	-0.00579487179487179
-90	-0.00686813186813187
-115	-0.00795238095238095
-140	-0.00904761904761905
-180	-0.0101391941391941
-220	-0.010989010989011
-285	-0.0120586080586081
-416	-0.0136886446886447
-526	-0.0147545787545788
-641	-0.0158241758241758
-686	-0.0165274725274725
-586	-0.0163003663003663
-361	-0.0152783882783883
-200	-0.0141941391941392
-100	-0.0131135531135531
-40	-0.012040293040293
-5	-0.010985347985348
5	-0.00990476190476191
20	-0.00882783882783883
25	-0.00774358974358974
40	-0.00667399267399268
45	-0.00558608058608059
45	-0.00449450549450549
45	-0.00340659340659341
50	-0.00232234432234432
55	-0.00124175824175824
70	-0.000131868131868132
65	-0.000102564102564103
90	0.000366300366300366
95	0.000875457875457876
100	0.00141758241758242
100	0.00196336996336996
105	0.00247252747252747
120	0.00300732600732601
140	0.00352014652014652
170	0.00404761904761905
200	0.00456043956043956
230	0.00506959706959707
265	0.0056007326007326
290	0.00612820512820513
300	0.00664468864468864
305	0.00716849816849817
315	0.00770695970695971
320	0.00824908424908425
315	0.00823809523809524
265	0.0078021978021978
225	0.00728937728937729
185	0.00678388278388278
150	0.00624908424908425
120	0.00573992673992674
80	0.00520879120879121
45	0.00469230769230769
30	0.00416849816849817
20	0.00364102564102564
20	0.00310622710622711
10	0.00258974358974359
5	0.00208791208791209
-5	0.00158241758241758
-10	0.00104761904761905
-10	0.000523809523809524
-15	3.66300366300366e-06
-20	-0.000527472527472527
-25	-0.00105494505494506
-25	-0.00157875457875458
-35	-0.00211721611721612
-35	-0.00263003663003663
-35	-0.00315384615384615
-45	-0.00392307692307692
-50	-0.00443956043956044
-50	-0.00495238095238095
-60	-0.00549084249084249
-60	-0.006003663003663
-60	-0.00652014652014652
-65	-0.00705494505494506
-70	-0.00758241758241758
-80	-0.0080989010989011
-80	-0.00830769230769231
-35	-0.00807692307692308
-15	-0.00756776556776557
0	-0.00703296703296703
5	-0.00654212454212454
10	-0.00602564102564103
15	-0.0055018315018315
20	-0.00498534798534798
25	-0.00445421245421245
25	-0.00393772893772894
30	-0.00340659340659341
30	-0.00288278388278388
30	-0.00234798534798535
35	-0.00182417582417582
35	-0.0013040293040293
35	-0.00078021978021978
45	-0.000267399267399267
40	-6.5934065934066e-05
55	0.000183150183150183
60	0.000706959706959707
70	0.00123076923076923
80	0.00173992673992674
85	0.00228571428571429
95	0.00281318681318681
115	0.00332600732600733
135	0.00385347985347985
165	0.00436630036630037
200	0.00489010989010989
240	0.00541391941391941
280	0.00593040293040293
305	0.00645787545787546
315	0.00698168498168498
320	0.00749084249084249
330	0.00802564102564103
330	0.00823809523809524
290	0.008
250	0.00749450549450549
205	0.00696703296703297
170	0.00646153846153846
120	0.0056959706959707
75	0.00516849816849817
45	0.00466300366300366
30	0.00412820512820513
20	0.00362271062271062
20	0.00307692307692308
15	0.00256410256410256
5	0.00204395604395604
0	0.00154578754578755
-5	0.00103296703296703
-10	0.000505494505494506
-15	-2.93040293040293e-05
-20	-0.000549450549450549
-20	-0.00108058608058608
-25	-0.00159340659340659
-25	-0.00210989010989011
-30	-0.00263369963369963
-35	-0.00317216117216117
-35	-0.00367765567765568
-40	-0.00420879120879121
-40	-0.00472893772893773
-45	-0.00524908424908425
-55	-0.00577655677655678
-55	-0.00628937728937729
-60	-0.00683150183150183
-65	-0.00734432234432235
-75	-0.00786080586080586
-90	-0.0083003663003663
-75	-0.00831135531135531
-20	-0.00780586080586081
-10	-0.00728205128205128
0	-0.00676556776556776
5	-0.00627106227106227
10	-0.00575457875457875
15	-0.00523809523809524
20	-0.0047032967032967
20	-0.00418315018315018
25	-0.00365934065934066
25	-0.00312820512820513
30	-0.00261538461538461
25	-0.00208424908424908
35	-0.00156043956043956
35	-0.00104395604395604
35	-0.000527472527472527
40	-7.69230769230769e-05
45	-4.02930402930403e-05
60	0.00102197802197802
85	0.00211355311355311
130	0.00374358974358974
195	0.00484981684981685
280	0.00592673992673993
315	0.00701465201465201
336	0.00811721611721612
341	0.00921611721611722
341	0.0102967032967033
341	0.0114139194139194
341	0.0124725274725275
346	0.0135860805860806
351	0.0146996336996337
361	0.0158021978021978
376	0.0166043956043956
351	0.0164725274725275
310	0.0153589743589744
285	0.0142857142857143
265	0.0131758241758242
235	0.0121025641025641
215	0.011010989010989
200	0.00989010989010989
180	0.0088021978021978
165	0.00772161172161172
135	0.00661904761904762
80	0.00555677655677656
35	0.00447619047619048
15	0.00338827838827839
10	0.0023040293040293
-5	0.00124542124542125
-10	0.000139194139194139
-25	-0.00095970695970696
-30	-0.00204395604395604
-35	-0.00312454212454212
-45	-0.00422710622710623
-50	-0.00533333333333333
-60	-0.00641025641025641
-85	-0.00749450549450549
-115	-0.00857509157509158
-135	-0.00965934065934066
-170	-0.0107472527472527
-220	-0.0118205128205128
-290	-0.0129010989010989
-376	-0.013996336996337
-486	-0.015040293040293
-611	-0.0161098901098901
-631	-0.0165311355311355
-461	-0.0160659340659341
-270	-0.015014652014652
-145	-0.0139450549450549
-65	-0.0129120879120879
-20	-0.0118168498168498
0	-0.0107435897435897
15	-0.00913553113553114
20	-0.00804395604395605
30	-0.00694871794871795
35	-0.00586446886446887
35	-0.00478021978021978
40	-0.00368498168498169
40	-0.00261172161172161
40	-0.00152380952380952
55	-0.00043956043956044
55	-9.89010989010989e-05
70	0.000542124542124542
90	0.00164835164835165
110	0.00274725274725275
150	0.00383882783882784
210	0.00490476190476191
280	0.00600732600732601
295	0.00708424908424908
305	0.00818315018315018
320	0.00927106227106227
325	0.0103772893772894
330	0.0114908424908425
336	0.0125750915750916
346	0.0136483516483516
341	0.0147875457875458
351	0.0158717948717949
366	0.0165750915750916
336	0.0163626373626374
300	0.0152747252747253
275	0.0141758241758242
250	0.0130915750915751
225	0.011970695970696
205	0.0108901098901099
195	0.00980586080586081
175	0.00870695970695971
160	0.00762271062271062
130	0.00652014652014652
85	0.00545421245421245
30	0.00437362637362637
15	0.00327472527472528
10	0.00218681318681319
-10	0.00111721611721612
-10	3.2967032967033e-05
-20	-0.00104761904761905
-30	-0.00214285714285714
-35	-0.00322344322344322
-40	-0.00432967032967033
-50	-0.00540659340659341
-55	-0.00649084249084249
-70	-0.00757142857142857
-90	-0.00864102564102564
-115	-0.00971428571428572
-145	-0.0108168498168498
-190	-0.0118864468864469
-285	-0.0135238095238095
-381	-0.0145970695970696
-496	-0.0156849816849817
-591	-0.0165567765567766
-531	-0.0165091575091575
-305	-0.0154468864468865
-165	-0.0143736263736264
-75	-0.0133223443223443
-25	-0.0122344322344322
-5	-0.0111538461538462
10	-0.0100989010989011
15	-0.009003663003663
25	-0.00791941391941392
30	-0.00683516483516484
30	-0.00572893772893773
35	-0.00463736263736264
35	-0.00354212454212454
40	-0.00246886446886447
45	-0.00138095238095238
55	-0.0003003663003663
55	-0.000102564102564103
85	0.00148351648351648
140	0.00363003663003663
265	0.0057985347985348
295	0.00799267399267399
310	0.0101794871794872
325	0.0123809523809524
336	0.0145677655677656
366	0.0167655677655678
381	0.0189377289377289
386	0.0212014652014652
396	0.0233846153846154
406	0.0256080586080586
416	0.0278095238095238
421	0.030003663003663
426	0.0321684981684982
416	0.0333846153846154
376	0.0326923076923077
320	0.0305054945054945
280	0.0283150183150183
240	0.0260805860805861
210	0.0239120879120879
195	0.0217216117216117
175	0.0195091575091575
160	0.0173186813186813
145	0.0151172161172161
130	0.0129304029304029
125	0.0107289377289377
120	0.00856043956043956
75	0.0063992673992674
15	0.00425274725274725
0	0.00208791208791209
-15	-8.79120879120879e-05
-35	-0.00227472527472527
-50	-0.00443589743589744
-90	-0.00767399267399267
-135	-0.00983882783882784
-195	-0.012
-290	-0.0141904761904762
-481	-0.0163516483516484
-656	-0.0184908424908425
-751	-0.0206923076923077
-816	-0.0228937728937729
-856	-0.0250769230769231
-891	-0.0272893772893773
-891	-0.0294835164835165
-846	-0.0317142857142857
-441	-0.0334139194139194
-336	-0.0331098901098901
-125	-0.030985347985348
-35	-0.0288168498168498
0	-0.0266556776556777
20	-0.0244688644688645
35	-0.0223113553113553
45	-0.0201208791208791
50	-0.017952380952381
50	-0.0157399267399267
55	-0.0135604395604396
60	-0.0113736263736264
55	-0.00918315018315018
55	-0.00698168498168498
55	-0.00477655677655678
70	-0.0026007326007326
90	-0.000399267399267399
80	-0.000113553113553114
120	0.00154212454212454
170	0.00374358974358974
230	0.00593406593406593
230	0.00813553113553114
250	0.0103333333333333
265	0.0125238095238095
270	0.0146996336996337
285	0.0169230769230769
290	0.0191245421245421
295	0.0213260073260073
305	0.0235274725274725
310	0.0257106227106227
325	0.0279084249084249
341	0.0300879120879121
351	0.0323150183150183
356	0.0334175824175824
310	0.0327069597069597
270	0.0305018315018315
230	0.0283333333333333
200	0.0261391941391941
185	0.0239047619047619
165	0.0217216117216117
150	0.0184285714285714
135	0.0162271062271062
135	0.014032967032967
120	0.0118315018315018
110	0.00964468864468865
80	0.00746520146520146
20	0.0053040293040293
-5	0.00317948717948718
-10	0.000963369963369964
-15	-0.00126007326007326
-20	-0.00347619047619048
-20	-0.00567399267399267
-30	-0.00784249084249084
-35	-0.01003663003663
-50	-0.0122271062271062
-55	-0.0144139194139194
-70	-0.0166043956043956
-90	-0.0187985347985348
-105	-0.021014652014652
-120	-0.0231831501831502
-135	-0.0253736263736264
-105	-0.0275677655677656
-100	-0.0298131868131868
-115	-0.032043956043956
-120	-0.0335311355311355
-95	-0.0330879120879121
-60	-0.0309157509157509
-25	-0.0286923076923077
-15	-0.0264908424908425
-5	-0.0243260073260073
5	-0.0221355311355311
10	-0.0199450549450549
10	-0.0177362637362637
10	-0.0155531135531136
10	-0.0133516483516483
10	-0.0111501831501832
10	-0.00895970695970696
10	-0.00676190476190476
10	-0.00457875457875458
10	-0.00239194139194139
15	-0.000197802197802198
15	-2.1978021978022e-05
15	-4.3956043956044e-05
15	-2.56410256410256e-05
10	-2.56410256410256e-05
15	-2.56410256410256e-05
15	-2.56410256410256e-05
15	-4.3956043956044e-05
15	-2.1978021978022e-05
15	-1.46520146520147e-05
15	-2.1978021978022e-05
15	-3.2967032967033e-05
10	-2.56410256410256e-05
10	-1.46520146520147e-05
15	-1.46520146520147e-05
15	-1.46520146520147e-05
15	-2.1978021978022e-05
15	-2.1978021978022e-05
10	-1.46520146520147e-05
15	-3.2967032967033e-05
15	-2.1978021978022e-05
15	-2.56410256410256e-05
10	-2.1978021978022e-05
10	-3.2967032967033e-05
15	-1.46520146520147e-05
15	-2.1978021978022e-05
15	-1.46520146520147e-05
15	-2.56410256410256e-05
15	-2.1978021978022e-05
15	-3.2967032967033e-05
15	-3.66300366300366e-05
15	-3.66300366300366e-05
15	-2.56410256410256e-05
15	-3.2967032967033e-05
10	-2.56410256410256e-05
15	-2.56410256410256e-05
15	-2.1978021978022e-05
15	-2.1978021978022e-05
15	-3.2967032967033e-05
10	-2.56410256410256e-05
10	-1.0989010989011e-05
15	-2.1978021978022e-05
15	-1.46520146520147e-05
10	-3.66300366300366e-05
15	-2.56410256410256e-05
15	-2.1978021978022e-05
15	-1.46520146520147e-05
10	-2.56410256410256e-05
15	-2.1978021978022e-05
15	0.00159340659340659
25	0.00603296703296703
40	0.0104578754578755
60	0.0148571428571429
70	0.0193113553113553
90	0.0237472527472527
115	0.0281978021978022
140	0.0326373626373626
160	0.0370989010989011
185	0.0416849816849817
205	0.0460989010989011
230	0.0505018315018315
250	0.055
270	0.0595054945054945
285	0.063992673992674
290	0.0671355311355311
240	0.0663260073260073
155	0.0617875457875458
95	0.0573443223443224
45	0.0529340659340659
10	0.0485201465201465
-10	0.0441025641025641
-10	0.0396849816849817
-20	0.0352490842490842
-20	0.0286556776556776
-10	0.0242051282051282
-20	0.0197509157509158
-15	0.0152967032967033
-15	0.0108681318681319
-15	0.00638095238095238
-15	0.00189010989010989
-15	-0.00250915750915751
-20	-0.00694871794871795
-25	-0.0113919413919414
-35	-0.0158168498168498
-45	-0.0202380952380952
-70	-0.0246739926739927
-85	-0.0291208791208791
-125	-0.0335567765567766
-150	-0.037952380952381
-185	-0.0423956043956044
-200	-0.0468205128205128
-220	-0.0512857142857143
-250	-0.0556630036630037
-270	-0.0601098901098901
-290	-0.0645567765567766
-290	-0.0669450549450549
-230	-0.0653150183150183
-145	-0.0609120879120879
-80	-0.0565604395604396
-45	-0.0520989010989011
-20	-0.0477069597069597
0	-0.0432380952380952
10	-0.0388205128205128
15	-0.0344029304029304
15	-0.0299010989010989
10	-0.0254395604395604
15	-0.021003663003663
20	-0.0165311355311355
15	-0.0120915750915751
25	-0.00763369963369964
20	-0.00320879120879121
15	-3.66300366300366e-05
15	0.000908424908424909
20	0.0034981684981685
15	0.00352380952380952
15	0.00352380952380952
15	0.00351282051282051
15	0.00350915750915751
15	0.00350915750915751
15	0.00350915750915751
15	0.00352380952380952
15	0.00352380952380952
20	0.00488278388278388
20	0.0102930402930403
25	0.0158095238095238
35	0.0213369963369963
50	0.0268571428571428
60	0.0322710622710623
85	0.0376446886446886
115	0.0430879120879121
155	0.0513296703296703
195	0.0567875457875458
245	0.0623479853479854
295	0.0678901098901099
325	0.0733553113553114
361	0.0789377289377289
381	0.0844249084249084
386	0.089989010989011
406	0.0955201465201465
416	0.0984835164835165
396	0.100959706959707
255	0.0956923076923077
155	0.0900732600732601
90	0.0845787545787546
60	0.0816776556776557
15	0.0760695970695971
5	0.0705714285714286
-20	0.0651172161172161
-30	0.0568827838827839
-40	0.0513992673992674
-35	0.0459047619047619
-35	0.0403956043956044
-40	0.0349304029304029
-40	0.0294175824175824
-40	0.0239230769230769
-35	0.0184468864468865
-30	0.0129304029304029
-35	0.00743956043956044
-35	0.00197802197802198
-35	-0.00352014652014652
-35	-0.00899267399267399
-35	-0.0144505494505494
-40	-0.0199450549450549
-55	-0.0253956043956044
-65	-0.0308717948717949
-85	-0.0363296703296703
-120	-0.0417692307692308
-150	-0.0472344322344322
-190	-0.0527326007326007
-230	-0.0581428571428571
-280	-0.0636373626373626
-325	-0.0690586080586081
-356	-0.0744981684981685
-381	-0.0802820512820513
-406	-0.0857692307692308
-426	-0.0911758241758242
-451	-0.0966849816849817
-451	-0.100531135531136
-386	-0.0994358974358974
-255	-0.0941501831501832
-170	-0.0886739926739927
-100	-0.0832710622710623
-55	-0.0777289377289377
-30	-0.0723003663003663
-10	-0.0668388278388278
0	-0.0614139194139194
15	-0.055996336996337
15	-0.0505494505494506
15	-0.0450842490842491
15	-0.0395824175824176
15	-0.0340586080586081
15	-0.0286043956043956
15	-0.0231501831501832
15	-0.0176336996336996
20	-0.0121831501831502
15	-0.00672527472527473
20	-0.00126373626373626
15	-4.3956043956044e-05
20	0.00371062271062271
20	0.00916117216117216
20	0.012043956043956
20	0.0120622710622711
