#変形角	gamma	gamma2	変位計1	変位計2	変位計3	変位計4	変位計5	変位計6	変位計7	変位計8	変位計9	変位計10	変位計11	変位計12	変位計13	荷重14	荷重0
2.88659793814433e-05	0	0.09	0.02	0.02	0	0	0.01	-0.01	0.01	0	0.06	0	-0.5	-0.5	0	2
0.000148453608247423	-0.000206185567010309	0.35	-0.01	0.01	0.01	0	0.01	-0.02	-0.04	0.02	0.08	0	-1	-0.5	0	24
0.000395876288659794	0.000824742268041237	1.04	0.08	0	0.02	0.02	0.06	-0.01	-0.15	0.04	0.12	0	1.5	-0.5	0	56
0.000820618556701031	0.000824742268041237	2.08	0.09	0	-0.01	0.03	0.12	-0.03	-0.2	0.2	0.24	0	2	0	0	86
0.00120824742268041	0.00164948453608247	3.12	0.19	-0.01	0	0.09	0.18	-0.02	-0.22	0.36	0.36	0	3.5	-0.5	0	120
0.00190927835051546	0.00185567010309278	5.03	0.4	0	0.01	0.19	0.24	0	-0.25	0.62	0.64	0	5	0.5	0	177
0.00225979381443299	0.00206185567010309	5.88	0.4	0	0.01	0.22	0.26	0.01	-0.24	0.74	0.76	0	5	0	0	206
0.00233814432989691	0.00206185567010309	6.17	0.5	-0.01	-0.01	0.24	0.25	0.02	-0.25	0.78	0.8	0	5	0	0	192
0.00170309278350515	0.00164948453608247	4.56	0.43	0	0	0.21	0.18	0.02	-0.25	0.68	0.76	0	3	-1	0	83
0.000890721649484536	0.000824742268041237	2.37	0.21	0	0	0.18	0.1	0.02	-0.15	0.5	0.58	0	0.5	-1.5	0	14
0.000470103092783505	0.000412371134020619	1.23	0.09	0	0	0.16	0.01	0.03	0.08	0.42	0.42	0	-0.5	-1.5	0	-7
-0.000111340206185567	0	-0.29	-0.02	0.01	-0.01	0.11	-0.05	-0.02	0.31	0.1	0.14	0	-1.5	-1.5	0	-38
-0.000148453608247423	0	-0.48	-0.12	0	0	0.09	-0.06	-0.02	0.29	0.02	0.1	0	-1.5	-1.5	0	-26
-0.000189690721649485	0	-0.59	-0.13	0	0.01	0.1	-0.07	-0.02	0.33	0	0.08	0	-1.5	-1.5	0	-32
-0.000734020618556701	-0.000412371134020619	-1.91	-0.13	0.03	0.01	0	-0.12	-0.06	0.49	-0.18	-0.16	0	-2.5	-1.5	0	-91
-0.00112164948453608	-0.000824742268041237	-2.95	-0.23	-0.01	0	-0.1	-0.15	-0.1	0.6	-0.34	-0.34	0	-4	-2	0	-131
-0.00158762886597938	-0.00103092783505155	-4.19	-0.34	0	0	-0.2	-0.18	-0.15	0.7	-0.54	-0.52	0	-4.5	-2	0	-181
-0.00189690721649485	-0.000824742268041237	-4.94	-0.34	0	0	-0.28	-0.21	-0.18	0.79	-0.74	-0.64	0	-4	-2	0	-214
-0.00181443298969072	-0.000824742268041237	-4.73	-0.33	0.04	0.02	-0.23	-0.23	-0.18	0.8	-0.68	-0.66	0	-4	-2	0	-175
-0.00127422680412371	-0.000618556701030928	-3.32	-0.23	0.03	0.02	-0.2	-0.2	-0.18	0.63	-0.54	-0.4	0	-3	-1.5	0	-68
-0.00091958762886598	-0.000206185567010309	-2.47	-0.24	0	0	-0.18	-0.15	-0.18	0.49	-0.48	-0.3	0	-2	-1.5	0	-23
-0.000696907216494845	-0.000618556701030928	-1.82	-0.13	0.04	0.01	-0.18	-0.13	-0.18	0.39	-0.42	-0.18	0	-2.5	-1	0	5
-0.000531958762886598	-0.000412371134020619	-1.42	-0.13	0	0	-0.16	-0.1	-0.17	0.2	-0.36	-0.16	0	-1.5	-0.5	0	9
-0.000103092783505155	0	-0.38	-0.13	0	0	-0.14	-0.06	-0.16	0.02	-0.32	0.04	0	-1.5	-1.5	0	20
-0.000148453608247423	-0.000206185567010309	-0.48	-0.12	-0.01	0	-0.14	-0.05	-0.15	0.01	-0.32	0	0	-1	-0.5	0	13
0.000197938144329897	0.000412371134020619	0.47	-0.01	0	0	-0.11	0.01	-0.14	-0.06	-0.18	0.16	0	0.5	-0.5	0	38
0.000552577319587629	0.000412371134020619	1.42	0.08	0.02	0.01	-0.05	0.08	-0.13	-0.14	0	0.28	0	1	0	0	55
0.000898969072164949	0.000618556701030928	2.27	0.09	0.03	0.02	0	0.1	-0.12	-0.17	0.16	0.36	0	1.5	0	0	73
0.00129072164948454	0.00123711340206186	3.32	0.19	0.03	0.02	0.07	0.15	-0.09	-0.19	0.32	0.44	0	3	0	0	99
0.00164536082474227	0.00144329896907216	4.28	0.29	0	0	0.12	0.18	-0.06	-0.2	0.48	0.56	0	3.5	0	0	128
0.00202886597938144	0.0022680412371134	5.32	0.4	0.01	0.01	0.18	0.22	-0.02	-0.21	0.62	0.68	0	5.5	0	0	169
0.00241649484536082	0.0022680412371134	6.27	0.41	0.03	0.01	0.21	0.23	0.01	-0.21	0.76	0.78	0	5.5	0	0	210
0.00258144329896907	0.00185567010309278	6.66	0.4	0.02	0.01	0.23	0.22	0	-0.22	0.82	0.82	0	5	0.5	0	196
0.00198350515463918	0.00144329896907216	5.22	0.41	0.02	0.01	0.21	0.19	0.02	-0.22	0.74	0.82	0	3.5	0	0	98
0.00109278350515464	0.000824742268041237	2.85	0.2	0.02	0	0.18	0.12	0.01	-0.17	0.54	0.64	0	1	-1	0	19
0.000750515463917526	0.00123711340206186	1.9	0.08	0.03	0.02	0.17	0.05	-0.01	-0.1	0.44	0.52	0	1.5	-1.5	0	3
0.000119587628865979	0.000206185567010309	0.27	-0.02	0.03	0.01	0.12	-0.04	-0.02	0.27	0.24	0.26	0	-1	-1.5	0	-16
-0.000424742268041237	-0.000412371134020619	-1.15	-0.12	0.03	0.02	0.06	-0.1	-0.06	0.41	-0.08	-0.06	0	-2	-1	0	-33
-0.000581443298969072	0	-1.53	-0.12	0.02	0.02	0.04	-0.1	-0.07	0.5	-0.1	-0.06	0	-2	-2	0	-56
-0.00124123711340206	-0.000618556701030928	-3.23	-0.22	0.02	0.02	-0.13	-0.16	-0.14	0.64	-0.38	-0.36	0	-3.5	-2	0	-123
-0.00162474226804124	-0.000824742268041237	-4.28	-0.34	0.02	0.01	-0.22	-0.19	-0.15	0.71	-0.5	-0.48	0	-4	-2	0	-171
-0.00198350515463918	-0.00123711340206186	-5.14	-0.33	0.02	0.01	-0.3	-0.2	-0.2	0.81	-0.72	-0.62	0	-5	-2	0	-216
-0.00209072164948454	-0.00123711340206186	-5.41	-0.34	0.02	0.02	-0.33	-0.22	-0.23	0.82	-0.8	-0.64	0	-5	-2	0	-216
-0.00154639175257732	-0.000618556701030928	-4.08	-0.33	0.02	0	-0.26	-0.23	-0.23	0.73	-0.6	-0.5	0	-3.5	-2	0	-103
-0.000771134020618557	-0.000618556701030928	-2.1	-0.23	0.01	0	-0.21	-0.14	-0.21	0.41	-0.44	-0.24	0	-2.5	-1	0	-3
-0.000655670103092783	0	-1.71	-0.12	0.02	0.01	-0.19	-0.11	-0.19	0.31	-0.42	-0.18	0	-1	-1	0	6
-0.000268041237113402	0	-0.77	-0.12	0.02	0	-0.18	-0.08	-0.18	0.05	-0.38	-0.08	0	-1.5	-1.5	0	17
-0.000301030927835052	-0.000206185567010309	-0.85	-0.12	0.01	0	-0.18	-0.09	-0.18	0.03	-0.38	-0.06	0	-1	-0.5	0	11
0.000202061855670103	0.000206185567010309	0.47	-0.02	0.02	0	-0.11	0.02	-0.16	-0.07	-0.22	0.2	0	0	-0.5	0	36
0.000630927835051546	0.000412371134020619	1.61	0.08	0.01	0	-0.05	0.09	-0.14	-0.14	0	0.32	0	0.5	-0.5	0	54
0.00108865979381443	0.00103092783505155	2.84	0.2	0.02	0	0.05	0.12	-0.09	-0.18	0.24	0.46	0	2.5	0	0	79
0.00147216494845361	0.00144329896907216	3.87	0.3	0.01	0	0.11	0.17	-0.06	-0.19	0.4	0.58	0	3.5	0	0	106
0.00195463917525773	0.00164948453608247	5.04	0.3	0.01	0	0.17	0.19	-0.03	-0.2	0.56	0.68	0	4.5	0.5	0	148
0.00222268041237113	0.00185567010309278	5.78	0.39	0.01	0	0.22	0.21	0	-0.21	0.68	0.76	0	5	0.5	0	175
0.00256907216494845	0.00247422680412371	6.65	0.42	0.01	-0.01	0.23	0.2	0	-0.22	0.8	0.84	0	6	0	0	215
0.00296082474226804	0.00247422680412371	7.7	0.52	0.02	0	0.29	0.21	0.04	-0.25	1.02	1	0	6.5	0.5	0	259
0.00340618556701031	0.00309278350515464	8.77	0.51	0.02	0	0.36	0.21	0.07	-0.25	1.28	1.24	0	8	0.5	0	292
0.00374432989690722	0.00329896907216495	9.69	0.61	0.02	0	0.37	0.2	0.11	-0.25	1.42	1.4	0	9	1	0	316
0.0042680412371134	0.00391752577319588	10.99	0.64	0.02	0.01	0.45	0.17	0.14	-0.25	1.68	1.7	0	10	0.5	0	350
0.0046020618556701	0.00412371134020619	11.88	0.72	0.02	0.01	0.53	0.15	0.14	-0.25	1.84	1.9	0	10.5	0.5	0	369
0.00504742268041237	0.0043298969072165	12.96	0.72	0.02	0	0.53	0.13	0.2	-0.25	2.04	2.18	0	11.5	1	0	397
0.00530309278350515	0.00474226804123711	13.68	0.82	0.01	0.01	0.61	0.12	0.22	-0.25	2.16	2.34	0	12	0.5	0	410
0.0053319587628866	0.00474226804123711	13.74	0.81	0	-0.01	0.59	0.1	0.22	-0.26	2.22	2.48	0	12.5	1	0	354
0.00495670103092783	0.0043298969072165	12.84	0.82	0.01	0.03	0.55	0.15	0.22	-0.24	2.16	2.52	0	10	-0.5	0	272
0.00452371134020619	0.00412371134020619	11.8	0.83	0.01	0.02	0.55	0.15	0.21	-0.25	2.08	2.46	0	9.5	-0.5	0	202
0.00412783505154639	0.00371134020618557	10.83	0.82	0.01	0.01	0.56	0.14	0.2	-0.25	1.96	2.36	0	9	0	0	146
0.0037360824742268	0.00309278350515464	9.78	0.72	0.01	0.01	0.57	0.13	0.2	-0.25	1.86	2.28	0	7.5	0	0	99
0.00323711340206186	0.00268041237113402	8.47	0.62	0.01	0	0.56	0.13	0.18	-0.26	1.72	2.22	0	6.5	0	0	58
0.00257731958762887	0.00206185567010309	6.75	0.5	0.02	0.01	0.52	0.09	0.15	-0.23	1.5	2.1	0	4.5	-0.5	0	15
0.00225979381443299	0.0022680412371134	5.89	0.41	0.02	0.01	0.5	0.07	0.14	-0.18	1.4	2	0	5.5	0	0	4
0.00198762886597938	0.00185567010309278	5.12	0.3	0.02	0	0.49	0.01	0.14	0.09	1.3	1.92	0	4	-0.5	0	-8
0.00141030927835052	0.00144329896907216	3.61	0.19	0.01	0.01	0.43	-0.04	0.12	0.45	1.1	1.78	0	2.5	-1	0	-21
0.000668041237113402	0.000618556701030928	1.7	0.08	0.02	0	0.29	-0.09	0.05	0.53	0.82	1.16	0	0.5	-1	0	-37
-0.000181443298969072	0	-0.47	-0.03	0.03	0.01	0.1	-0.12	-0.03	0.5	0.38	0.18	0	-1	-1	0	-44
-0.000655670103092783	-0.000206185567010309	-1.71	-0.12	0.01	0	0.01	-0.12	-0.07	0.25	0.04	0.12	0	-1	-0.5	0	-72
-0.000342268041237113	0	-0.95	-0.12	0.01	0	0	-0.14	-0.07	0.44	0.02	0.1	0	-1.5	-1.5	0	-33
-0.00104329896907216	-0.000618556701030928	-2.76	-0.23	0.01	0	-0.15	-0.21	-0.14	0.58	-0.3	-0.16	0	-3	-1.5	0	-107
-0.00162886597938144	-0.000618556701030928	-4.28	-0.33	0.03	0	-0.29	-0.25	-0.19	0.74	-0.56	-0.38	0	-3.5	-2	0	-173
-0.00216907216494845	-0.00123711340206186	-5.61	-0.35	0.01	0.01	-0.44	-0.27	-0.28	0.83	-0.88	-0.6	0	-4.5	-1.5	0	-243
-0.00282474226804124	-0.00164948453608247	-7.31	-0.46	0.01	0	-0.61	-0.3	-0.37	0.97	-1.38	-1.08	0	-6	-2	0	-312
-0.00330309278350516	-0.00206185567010309	-8.55	-0.54	0.01	-0.11	-0.71	-0.34	-0.4	1.06	-2.08	-1.8	0	-7	-2	0	-356
-0.00379381443298969	-0.00247422680412371	-9.78	-0.58	0.01	-0.1	-0.75	-0.36	-0.4	1.1	-2.92	-2.72	0	-8	-2	0	-378
-0.00447835051546392	-0.00329896907216495	-11.55	-0.69	0.01	-0.1	-0.81	-0.38	-0.36	1.09	-4.36	-4.1	0	-10	-2	0	-379
-0.00505567010309278	-0.00371134020618557	-13.02	-0.76	0.01	-0.1	-0.88	-0.39	-0.37	1.03	-5.62	-5.22	0	-11.5	-2.5	0	-356
-0.00548041237113402	-0.00412371134020619	-14.16	-0.87	0.01	-0.1	-0.95	-0.41	-0.4	0.98	-6.34	-5.94	0	-12.5	-2.5	0	-346
-0.00590927835051546	-0.0043298969072165	-15.2	-0.87	0	-0.1	-1	-0.38	-0.41	0.92	-6.84	-6.46	0	-13	-2.5	0	-338
-0.00591340206185567	-0.00412371134020619	-15.2	-0.86	0	-0.11	-1.03	-0.39	-0.42	0.92	-6.88	-6.52	0	-13	-3	0	-326
-0.0051340206185567	-0.00350515463917526	-13.3	-0.85	0	-0.11	-0.91	-0.39	-0.41	0.95	-6.24	-6.04	0	-11	-2.5	0	-292
-0.00427628865979381	-0.00288659793814433	-11.12	-0.75	0	-0.1	-0.82	-0.37	-0.42	0.96	-5.18	-5.02	0	-9	-2	0	-249
-0.00341443298969072	-0.00206185567010309	-8.93	-0.65	0.01	-0.1	-0.74	-0.34	-0.43	0.97	-3.94	-3.7	0	-6.5	-1.5	0	-188
-0.00271752577319588	-0.00164948453608247	-7.13	-0.54	0.01	-0.1	-0.66	-0.3	-0.44	0.9	-2.88	-2.52	0	-5	-1	0	-114
-0.00237113402061856	-0.00144329896907216	-6.25	-0.5	0	-0.1	-0.63	-0.27	-0.43	0.84	-2.32	-1.96	0	-4.5	-1	0	-75
-0.00201237113402062	-0.00144329896907216	-5.31	-0.43	0	-0.01	-0.56	-0.24	-0.43	0.73	-1.66	-1.42	0	-4.5	-1	0	-38
-0.00167010309278351	-0.000824742268041237	-4.38	-0.33	0.01	0.01	-0.55	-0.2	-0.43	0.54	-1.36	-1.04	0	-3.5	-1.5	0	-7
-0.00143505154639175	-0.00103092783505155	-3.81	-0.33	0.01	0	-0.52	-0.19	-0.4	0.48	-1.28	-0.92	0	-3.5	-1	0	4
-0.00131134020618557	-0.000618556701030928	-3.51	-0.33	0.01	0	-0.51	-0.17	-0.39	0.37	-1.22	-0.8	0	-2.5	-1	0	9
-0.00117525773195876	-0.000618556701030928	-3.15	-0.3	0	-0.01	-0.47	-0.17	-0.38	0.31	-1.2	-0.76	0	-2.5	-1	0	5
-0.000969072164948453	-0.000618556701030928	-2.57	-0.22	0	0	-0.46	-0.14	-0.37	0.06	-1.14	-0.58	0	-2.5	-1	0	18
-0.000478350515463918	0	-1.29	-0.13	0	-0.01	-0.39	-0.05	-0.34	0	-0.92	-0.22	0	-0.5	-0.5	0	33
0.000206185567010309	0.000412371134020619	0.48	-0.02	0.01	0.01	-0.27	0.09	-0.29	-0.09	-0.54	0.12	0	0.5	-0.5	0	49
0.000820618556701031	0.000824742268041237	2.08	0.09	0	0.01	-0.16	0.11	-0.26	-0.17	-0.16	0.38	0	1.5	-0.5	0	65
0.00136907216494845	0.00144329896907216	3.51	0.19	0.01	0.02	-0.06	0.13	-0.19	-0.17	0.18	0.6	0	3.5	0	0	85
0.00199587628865979	0.00206185567010309	5.13	0.29	0.01	0.04	0.08	0.14	-0.1	-0.18	0.5	0.88	0	5	0	0	113
0.00264742268041237	0.00247422680412371	6.81	0.39	0.01	0.04	0.17	0.14	-0.06	-0.2	0.78	1.2	0	6	0	0	146
0.00363298969072165	0.00329896907216495	9.31	0.5	0.01	0.04	0.33	0.15	0.03	-0.21	1.3	1.74	0	8.5	0.5	0	207
0.00433814432989691	0.00371134020618557	11.13	0.61	0.01	0.04	0.47	0.16	0.09	-0.21	1.64	2.04	0	10	1	0	270
0.00468865979381443	0.00412371134020619	12.08	0.71	0	0.04	0.48	0.13	0.13	-0.21	1.78	2.22	0	11	1	0	309
0.00519175257731959	0.0043298969072165	13.31	0.72	0.02	0.04	0.55	0.09	0.17	-0.21	1.96	2.38	0	12	1.5	0	362
0.0055340206185567	0.00494845360824742	14.23	0.81	0.01	0.04	0.6	0.06	0.19	-0.21	2.14	2.54	0	13	1	0	408
0.00567422680412371	0.00515463917525773	14.58	0.82	0.02	0.03	0.61	0.03	0.2	-0.24	2.26	2.66	0	13.5	1	0	375
0.00545979381443299	0.0043298969072165	14.07	0.83	0	0.09	0.55	0.06	0.21	-0.21	2.26	2.66	0	11	0.5	0	323
0.00515463917525773	0.0045360824742268	13.32	0.82	0	0.1	0.56	0.08	0.21	-0.22	2.2	2.66	0	11.5	0.5	0	262
0.00483711340206186	0.0045360824742268	12.55	0.82	0	0.06	0.58	0.08	0.2	-0.22	2.14	2.62	0	11	0	0	211
0.00450309278350515	0.00391752577319588	11.74	0.82	0	0.02	0.58	0.08	0.2	-0.23	2.08	2.54	0	9.5	0	0	164
0.00409484536082474	0.00391752577319588	10.75	0.82	0	0.03	0.6	0.06	0.18	-0.21	2	2.44	0	9	-0.5	0	116
0.00370721649484536	0.00350515463917526	9.7	0.71	0	0	0.59	0.06	0.18	-0.23	1.88	2.38	0	8	-0.5	0	78
0.00319587628865979	0.00268041237113402	8.36	0.61	0	-0.01	0.58	0.06	0.15	-0.23	1.74	2.32	0	6.5	0	0	44
0.00280824742268041	0.0022680412371134	7.32	0.51	-0.01	0.02	0.56	0.04	0.14	-0.2	1.6	2.24	0	5.5	0	0	20
0.00246185567010309	0.00247422680412371	6.37	0.4	0	0.03	0.53	0.03	0.13	-0.17	1.48	2.14	0	5.5	-0.5	0	3
0.00235051546391753	0.0022680412371134	6.09	0.39	-0.01	0	0.5	-0.01	0.12	-0.12	1.42	2.08	0	5.5	0	0	-1
0.00199175257731959	0.00185567010309278	5.13	0.3	0	0.03	0.5	-0.03	0.12	0.2	1.36	2	0	4	-0.5	0	-9
0.00168659793814433	0.00144329896907216	4.27	0.18	0	0	0.42	-0.06	0.12	0.5	1.26	1.94	0	3	-0.5	0	-15
0.00128247422680412	0.00103092783505155	3.31	0.2	0	-0.01	0.4	-0.09	0.08	0.59	1.1	1.74	0	1.5	-1	0	-25
0.000861855670103093	0.000618556701030928	2.19	0.1	0	0	0.26	-0.11	0.04	0.63	0.98	1.32	0	1	-0.5	0	-32
0.000428865979381443	0.000618556701030928	1.14	0.1	-0.01	0.03	0.2	-0.12	0	0.64	0.94	0.68	0	0.5	-1	0	-33
-3.29896907216495e-05	0.000412371134020619	-0.09	-0.01	0.02	0.03	0.08	-0.15	-0.05	0.62	0.76	0.18	0	-0.5	-1.5	0	-40
-0.000465979381443299	-0.000412371134020619	-1.24	-0.11	0	0.02	-0.01	-0.17	-0.09	0.63	0.18	0.06	0	-2	-1	0	-53
-0.000977319587628866	0	-2.38	-0.01	0	0.01	-0.09	-0.14	-0.14	0.28	-0.04	0.02	0	-1.5	-1.5	0	-76
-0.000420618556701031	0	-1.05	-0.03	0	0.01	-0.09	-0.15	-0.14	0.43	-0.06	0.02	0	-1.5	-1.5	0	-9
-0.00108041237113402	-0.000618556701030928	-2.75	-0.13	0	0.01	-0.17	-0.21	-0.17	0.69	-0.32	-0.22	0	-3	-1.5	0	-84
-0.00167422680412371	-0.000618556701030928	-4.29	-0.23	-0.01	0.01	-0.31	-0.25	-0.25	0.81	-0.68	-0.46	0	-3.5	-2	0	-129
-0.00225567010309278	-0.00103092783505155	-5.8	-0.33	-0.01	0.02	-0.47	-0.27	-0.36	0.91	-1.1	-0.8	0	-5	-2.5	0	-190
-0.00299381443298969	-0.00185567010309278	-7.68	-0.42	-0.01	0.02	-0.65	-0.33	-0.45	1.02	-1.78	-1.44	0	-7	-2.5	0	-269
-0.00330309278350516	-0.00185567010309278	-8.55	-0.54	-0.01	0.02	-0.72	-0.34	-0.48	1.06	-2.24	-1.96	0	-7	-2.5	0	-304
-0.0041979381443299	-0.00309278350515464	-10.83	-0.65	0	-0.08	-0.83	-0.38	-0.47	1.09	-3.7	-3.6	0	-9.5	-2	0	-362
-0.00489896907216495	-0.00350515463917526	-12.63	-0.75	-0.01	-0.08	-0.91	-0.4	-0.42	1.06	-5.18	-4.88	0	-10.5	-2	0	-364
-0.00525360824742268	-0.00391752577319588	-13.49	-0.75	-0.01	-0.08	-0.95	-0.4	-0.43	1.01	-5.92	-5.46	0	-12	-2.5	0	-348
-0.00571958762886598	-0.0045360824742268	-14.72	-0.85	-0.01	-0.09	-1.02	-0.39	-0.43	0.95	-6.72	-6.3	0	-13.5	-2.5	0	-339
-0.00618969072164948	-0.00474226804123711	-15.86	-0.85	-0.01	-0.08	-1.1	-0.39	-0.46	0.89	-7.32	-7.02	0	-14	-2.5	0	-331
-0.00654020618556701	-0.00494845360824742	-16.81	-0.95	-0.01	-0.1	-1.16	-0.39	-0.48	0.85	-7.78	-7.48	0	-15.5	-3.5	0	-325
-0.00672989690721649	-0.00494845360824742	-17.3	-0.98	0	-0.07	-1.18	-0.42	-0.51	0.83	-7.98	-7.7	0	-15	-3	0	-312
-0.0063340206185567	-0.00474226804123711	-16.32	-0.96	0.02	-0.07	-1.12	-0.39	-0.5	0.83	-7.68	-7.5	0	-14	-2.5	0	-296
-0.00590927835051546	-0.0045360824742268	-15.19	-0.86	0	-0.08	-1.07	-0.39	-0.5	0.85	-7.32	-7.18	0	-12.5	-1.5	0	-282
-0.00544329896907217	-0.00412371134020619	-14.05	-0.85	0	-0.08	-1.01	-0.38	-0.49	0.87	-6.88	-6.76	0	-12	-2	0	-267
-0.00474639175257732	-0.00350515463917526	-12.26	-0.75	0	-0.08	-0.92	-0.38	-0.48	0.91	-6.04	-5.92	0	-10.5	-2	0	-241
-0.00427628865979381	-0.00309278350515464	-11.12	-0.75	0	-0.07	-0.86	-0.37	-0.48	0.92	-5.42	-5.26	0	-9	-1.5	0	-220
-0.00372783505154639	-0.00268041237113402	-9.69	-0.65	0	-0.08	-0.8	-0.35	-0.48	0.91	-4.64	-4.42	0	-7.5	-1	0	-189
-0.0033360824742268	-0.00247422680412371	-8.64	-0.55	0	-0.08	-0.76	-0.34	-0.48	0.92	-3.96	-3.72	0	-7	-1	0	-154
-0.0028659793814433	-0.00206185567010309	-7.49	-0.54	0	-0.07	-0.7	-0.31	-0.48	0.91	-3.16	-2.88	0	-6	-1	0	-113
-0.00252783505154639	-0.00206185567010309	-6.65	-0.52	0	-0.08	-0.66	-0.29	-0.47	0.85	-2.54	-2.32	0	-5.5	-0.5	0	-80
-0.00216494845360825	-0.00144329896907216	-5.69	-0.44	0.01	0.03	-0.61	-0.25	-0.47	0.75	-1.9	-1.78	0	-4.5	-1	0	-43
-0.00185979381443299	-0.00123711340206186	-4.85	-0.34	0	0.03	-0.57	-0.22	-0.45	0.61	-1.56	-1.36	0	-4	-1	0	-13
-0.00155051546391753	-0.00103092783505155	-4.08	-0.32	0	0.02	-0.53	-0.2	-0.46	0.49	-1.42	-1.08	0	-3.5	-1	0	3
-0.0014680412371134	-0.000824742268041237	-3.9	-0.34	0	0.01	-0.53	-0.2	-0.44	0.47	-1.38	-0.96	0	-3	-1	0	5
-0.0013360824742268	-0.000824742268041237	-3.47	-0.23	0	0.02	-0.51	-0.18	-0.42	0.39	-1.32	-0.88	0	-3	-1	0	6
-0.00135670103092784	-0.000618556701030928	-3.52	-0.23	0	0.02	-0.5	-0.17	-0.42	0.39	-1.32	-0.88	0	-3	-1.5	0	6
-0.00127835051546392	-0.00103092783505155	-3.33	-0.23	0	0.03	-0.49	-0.17	-0.42	0.36	-1.28	-0.8	0	-3.5	-1	0	11
-0.000969072164948454	-0.000618556701030928	-2.58	-0.23	-0.01	0.03	-0.48	-0.14	-0.4	0.02	-1.22	-0.58	0	-2	-0.5	0	19
-0.000614432989690722	-0.000412371134020619	-1.61	-0.12	0	0.03	-0.42	-0.07	-0.38	-0.02	-1.06	-0.34	0	-1.5	-0.5	0	30
-0.000148453608247423	0.000206185567010309	-0.39	-0.03	-0.01	0.02	-0.36	0.04	-0.35	-0.08	-0.82	-0.04	0	0	-0.5	0	40
0.000354639175257732	0.000618556701030928	0.94	0.08	0	0.03	-0.25	0.1	-0.3	-0.12	-0.48	0.22	0	1	-0.5	0	53
0.000783505154639175	0.000618556701030928	1.99	0.09	0	0.03	-0.19	0.11	-0.27	-0.16	-0.24	0.38	0	1.5	0	0	63
0.00121237113402062	0.00103092783505155	3.13	0.19	0	0.02	-0.1	0.11	-0.22	-0.18	0.06	0.52	0	2.5	0	0	76
0.00153814432989691	0.00144329896907216	4.03	0.3	0	0.02	-0.03	0.12	-0.18	-0.19	0.26	0.66	0	4	0.5	0	88
0.00202886597938144	0.00206185567010309	5.32	0.4	0	0	0.1	0.12	-0.12	-0.2	0.56	0.88	0	5.5	0.5	0	110
0.00269278350515464	0.00247422680412371	7.03	0.5	-0.01	0.02	0.2	0.12	-0.05	-0.21	0.9	1.24	0	6.5	0.5	0	141
0.00327422680412371	0.00288659793814433	8.56	0.62	-0.01	0.02	0.34	0.13	0.02	-0.22	1.18	1.6	0	7.5	0.5	0	173
0.00391752577319588	0.00371134020618557	10.13	0.63	0	0.02	0.4	0.12	0.05	-0.22	1.48	1.92	0	9.5	0.5	0	214
0.00437525773195876	0.00412371134020619	11.32	0.71	-0.01	0.02	0.47	0.13	0.11	-0.22	1.7	2.14	0	11	1	0	251
0.00491958762886598	0.0043298969072165	12.64	0.71	-0.01	0.02	0.55	0.11	0.16	-0.21	1.92	2.36	0	11.5	1	0	303
0.00544742268041237	0.00474226804123711	14.03	0.82	-0.01	0.03	0.58	0.06	0.18	-0.22	2.14	2.54	0	12.5	1	0	368
0.00581855670103093	0.00515463917525773	14.93	0.82	0.02	0.13	0.63	0.03	0.19	-0.22	2.3	2.68	0	13.5	1	0	411
0.00648247422680412	0.00515463917525773	16.64	0.92	0.01	0.12	0.7	-0.02	0.25	-0.22	2.68	3.04	0	15.5	3	0	466
0.00712989690721649	0.00618556701030928	18.36	1.07	0.01	0.12	0.76	-0.08	0.29	-0.22	3.1	3.4	0	16.5	1.5	0	495
0.00761237113402062	0.0065979381443299	19.7	1.24	-0.01	0.12	0.83	-0.12	0.32	-0.22	3.44	3.7	0	18.5	2.5	0	515
0.00795051546391752	0.00618556701030928	20.56	1.28	-0.01	0.11	0.89	-0.15	0.36	-0.22	3.62	3.9	0	18.5	3.5	0	535
0.00831752577319588	0.00721649484536083	21.51	1.34	-0.01	0.12	0.9	-0.18	0.37	-0.23	3.84	4.16	0	19.5	2	0	554
0.00874639175257732	0.00762886597938144	22.65	1.44	-0.01	0.12	0.96	-0.22	0.41	-0.23	4.1	4.4	0	21	2.5	0	578
0.00921649484536082	0.00804123711340206	23.9	1.55	-0.01	0.12	1.02	-0.26	0.42	-0.24	4.44	4.64	0	22.5	3	0	602
0.00937319587628866	0.00804123711340206	24.28	1.55	0.04	0.13	1.02	-0.27	0.42	-0.25	4.66	4.76	0	22	2.5	0	531
0.00877113402061856	0.00742268041237113	22.94	1.67	0.02	0.12	0.9	-0.26	0.43	-0.24	4.58	4.78	0	19.5	1.5	0	407
0.00818969072164948	0.00680412371134021	21.53	1.67	0.02	0.13	0.92	-0.2	0.42	-0.24	4.46	4.7	0	19.5	3	0	299
0.00783917525773196	0.00742268041237113	20.67	1.66	0.02	0.13	0.93	-0.16	0.41	-0.25	4.38	4.64	0	19	1	0	246
0.00748041237113402	0.00701030927835052	19.78	1.64	-0.01	0.12	0.95	-0.12	0.4	-0.24	4.3	4.6	0	17.5	0.5	0	199
0.00713814432989691	0.00618556701030928	18.93	1.62	-0.01	0.12	0.96	-0.1	0.39	-0.24	4.2	4.54	0	16.5	1.5	0	154
0.00673814432989691	0.00577319587628866	17.89	1.55	-0.01	0.12	0.98	-0.08	0.38	-0.25	4.08	4.46	0	15.5	1.5	0	113
0.00630927835051546	0.00556701030927835	16.74	1.44	0.01	0.13	0.99	-0.09	0.37	-0.25	3.94	4.36	0	15	1.5	0	75
0.00591752577319588	0.00515463917525773	15.8	1.45	-0.01	0.12	1	-0.09	0.36	-0.25	3.82	4.3	0	13.5	1	0	50
0.00549278350515464	0.00474226804123711	14.67	1.35	-0.01	0.12	1	-0.09	0.34	-0.24	3.7	4.24	0	12.5	1	0	32
0.00505154639175258	0.0043298969072165	13.49	1.24	0	0.12	0.98	-0.09	0.31	-0.23	3.58	4.12	0	11.5	1	0	8
0.00494432989690722	0.0043298969072165	13.13	1.14	-0.01	0.12	0.97	-0.1	0.31	-0.21	3.52	4.08	0	11.5	1	0	3
0.00475051546391753	0.00391752577319588	12.66	1.14	-0.01	0.05	0.97	-0.09	0.31	-0.05	3.48	4.06	0	11	1.5	0	-5
0.00435876288659794	0.00309278350515464	11.6	1.03	-0.01	0.02	0.95	-0.1	0.3	0.54	3.48	3.96	0	10	2.5	0	-9
0.00381855670103093	0.00350515463917526	10.18	0.92	0.02	0.02	0.89	-0.1	0.27	0.84	3.38	3.82	0	9	0.5	0	-26
0.00319587628865979	0.00268041237113402	8.47	0.72	-0.01	0.01	0.78	-0.15	0.19	0.98	3.1	3.6	0	7.5	1	0	-54
0.00260618556701031	0.00268041237113402	7.04	0.72	-0.01	0.02	0.66	-0.2	0.12	1	2.8	3.34	0	6.5	0	0	-70
0.00202061855670103	0.00206185567010309	5.51	0.61	0.01	0.02	0.52	-0.2	0.09	1.01	2.36	2.88	0	5	0	0	-74
0.00154639175257732	0.00144329896907216	4.38	0.63	0.03	0.03	0.44	-0.22	0.05	0.93	1.68	2.62	0	4	0.5	0	-63
0.00100618556701031	0.00123711340206186	2.94	0.5	0.02	0.03	0.32	-0.22	0.01	0.86	0.78	2.52	0	3	0	0	-58
0.000564948453608247	0.000618556701030928	1.8	0.43	0.02	0.02	0.2	-0.23	-0.03	0.84	0.42	2.12	0	2	0.5	0	-65
7.42268041237113e-05	0.000206185567010309	0.58	0.4	0	0.01	0.1	-0.24	-0.07	0.74	0.38	1.14	0	0.5	0	0	-48
-0.00043298969072165	-0.000206185567010309	-0.76	0.29	0.02	0.04	-0.01	-0.25	-0.11	0.7	0.32	0.4	0	-0.5	0	0	-51
-0.00094020618556701	0.000206185567010309	-2.09	0.19	0.01	0.02	-0.08	-0.22	-0.16	0.27	0.04	0.2	0	0	-0.5	0	-86
-0.000391752577319588	-0.000412371134020619	-0.66	0.29	-0.06	0.02	-0.09	-0.24	-0.16	0.44	0.04	0.22	0	-0.5	0.5	0	-26
-0.000552577319587629	-0.000206185567010309	-1.05	0.29	-0.09	0.01	-0.09	-0.26	-0.17	0.56	0.02	0.18	0	-1	-0.5	0	-41
-0.00145154639175258	-0.000824742268041237	-3.33	0.19	-0.07	0.03	-0.26	-0.32	-0.22	0.76	-0.46	-0.22	0	-3	-1	0	-116
-0.00202474226804124	-0.00103092783505155	-4.83	0.08	-0.07	0.02	-0.41	-0.35	-0.35	0.85	-0.9	-0.54	0	-3.5	-1	0	-169
-0.00245773195876289	-0.00164948453608247	-5.98	-0.02	-0.09	0.01	-0.55	-0.38	-0.43	0.94	-1.24	-0.82	0	-5	-1	0	-215
-0.00285360824742268	-0.00164948453608247	-6.94	-0.02	-0.07	0.02	-0.64	-0.39	-0.48	0.97	-1.58	-1.14	0	-5.5	-1.5	0	-252
-0.0032	-0.00206185567010309	-7.88	-0.12	-0.09	0.01	-0.73	-0.41	-0.52	1.01	-2.04	-1.62	0	-6.5	-1.5	0	-293
-0.00356288659793814	-0.0022680412371134	-8.86	-0.22	-0.09	0.01	-0.79	-0.44	-0.53	1.04	-2.64	-2.3	0	-7	-1.5	0	-329
-0.00394639175257732	-0.00288659793814433	-9.8	-0.23	-0.08	0.01	-0.83	-0.45	-0.54	1.04	-3.26	-3.02	0	-8	-1	0	-352
-0.00432164948453608	-0.00309278350515464	-10.82	-0.34	-0.09	0	-0.86	-0.46	-0.51	1.04	-3.92	-3.8	0	-9	-1.5	0	-367
-0.00471752577319588	-0.00329896907216495	-11.78	-0.34	-0.09	0.01	-0.91	-0.47	-0.49	1.04	-4.56	-4.42	0	-9.5	-1.5	0	-371
-0.00501855670103093	-0.0043298969072165	-12.62	-0.45	-0.06	0.04	-0.94	-0.46	-0.47	1.02	-5.22	-5	0	-11	-0.5	0	-368
-0.0053360824742268	-0.00412371134020619	-13.39	-0.45	-0.09	0.02	-0.98	-0.47	-0.47	0.97	-6	-5.58	0	-11.5	-1.5	0	-352
-0.00572783505154639	-0.0043298969072165	-14.34	-0.45	-0.06	0.03	-1.03	-0.47	-0.48	0.91	-6.68	-6.26	0	-12.5	-2	0	-336
-0.00600412371134021	-0.00474226804123711	-15.1	-0.54	-0.06	0.02	-1.08	-0.45	-0.49	0.88	-7.16	-6.8	0	-13.5	-2	0	-327
-0.00640412371134021	-0.00494845360824742	-16.05	-0.52	-0.04	0.02	-1.15	-0.45	-0.52	0.83	-7.64	-7.34	0	-14	-2	0	-321
-0.00689072164948454	-0.00536082474226804	-17.29	-0.58	-0.06	0.01	-1.24	-0.45	-0.54	0.77	-8.2	-7.94	0	-15	-2	0	-318
-0.0073319587628866	-0.00556701030927835	-18.43	-0.65	-0.04	0.03	-1.29	-0.44	-0.57	0.71	-8.72	-8.46	0	-16	-2.5	0	-314
-0.00740618556701031	-0.00597938144329897	-18.61	-0.65	-0.07	0.02	-1.28	-0.44	-0.58	0.71	-8.8	-8.56	0	-16.5	-2	0	-295
-0.0064701030927835	-0.00536082474226804	-16.24	-0.55	-0.07	0.02	-1.19	-0.45	-0.57	0.75	-8.08	-7.92	0	-13.5	-0.5	0	-270
-0.00584742268041237	-0.00515463917525773	-14.72	-0.54	-0.07	0.03	-1.12	-0.44	-0.56	0.79	-7.52	-7.38	0	-12.5	0	0	-254
-0.00530309278350516	-0.00391752577319588	-13.3	-0.44	-0.07	-0.01	-1.05	-0.44	-0.55	0.82	-6.92	-6.76	0	-10.5	-1	0	-238
-0.00464329896907217	-0.00350515463917526	-11.59	-0.33	-0.07	0	-0.95	-0.43	-0.54	0.85	-6.1	-5.88	0	-9	-0.5	0	-214
-0.00394639175257732	-0.00288659793814433	-9.79	-0.22	-0.07	0	-0.87	-0.41	-0.53	0.86	-5.1	-4.8	0	-7.5	-0.5	0	-179
-0.00347628865979381	-0.00268041237113402	-8.65	-0.22	-0.08	0	-0.81	-0.39	-0.54	0.85	-4.32	-4.02	0	-7	-0.5	0	-148
-0.00308865979381443	-0.00247422680412371	-7.61	-0.12	-0.08	0	-0.75	-0.38	-0.53	0.85	-3.54	-3.28	0	-6.5	-0.5	0	-114
-0.00265567010309278	-0.00185567010309278	-6.56	-0.12	-0.07	0.03	-0.7	-0.36	-0.53	0.81	-2.78	-2.6	0	-5	-0.5	0	-76
-0.00222680412371134	-0.00164948453608247	-5.52	-0.12	-0.07	0	-0.65	-0.33	-0.51	0.71	-2.08	-1.98	0	-4.5	-0.5	0	-38
-0.00191752577319588	-0.00144329896907216	-4.66	-0.01	-0.07	0.03	-0.6	-0.3	-0.5	0.57	-1.7	-1.52	0	-4	-0.5	0	-12
-0.00163711340206186	-0.00103092783505155	-3.88	0.09	-0.07	0.03	-0.58	-0.27	-0.49	0.46	-1.58	-1.24	0	-3	-0.5	0	4
-0.00156701030927835	-0.00123711340206186	-3.71	0.09	-0.07	0.03	-0.58	-0.26	-0.49	0.41	-1.52	-1.12	0	-3	0	0	5
-0.00149278350515464	-0.00123711340206186	-3.53	0.09	-0.06	0.03	-0.57	-0.25	-0.48	0.4	-1.5	-1.06	0	-3	0	0	4
-0.00148453608247423	-0.00123711340206186	-3.52	0.08	-0.07	0.04	-0.57	-0.25	-0.47	0.41	-1.48	-1.06	0	-3	0	0	5
-0.00138556701030928	-0.00123711340206186	-3.27	0.09	-0.07	0.01	-0.57	-0.24	-0.48	0.37	-1.44	-0.96	0	-3	0	0	10
-0.00113814432989691	-0.00103092783505155	-2.57	0.19	-0.07	0.01	-0.52	-0.22	-0.46	0.04	-1.34	-0.74	0	-2	0.5	0	16
-0.000865979381443299	-0.000618556701030928	-1.91	0.19	-0.07	0	-0.5	-0.17	-0.45	-0.02	-1.24	-0.5	0	-1.5	0	0	25
-0.000478350515463917	-0.000206185567010309	-0.87	0.29	-0.05	0.03	-0.42	-0.12	-0.42	-0.07	-1.1	-0.22	0	0	0.5	0	34
6.5979381443299e-05	0	0.56	0.4	-0.07	0	-0.32	0.01	-0.36	-0.12	-0.78	0.18	0	0.5	0.5	0	45
0.000610309278350515	0.000618556701030928	1.98	0.5	-0.06	0.02	-0.22	0.07	-0.31	-0.16	-0.4	0.46	0	2	0.5	0	54
0.00111752577319588	0.00123711340206186	3.32	0.61	-0.07	0.04	-0.11	0.08	-0.26	-0.2	-0.04	0.66	0	4	1	0	65
0.00169072164948454	0.00164948453608247	4.82	0.72	-0.07	0.03	0.01	0.07	-0.2	-0.23	0.34	0.9	0	5	1	0	79
0.00224742268041237	0.00206185567010309	6.18	0.73	-0.07	0	0.12	0.08	-0.13	-0.23	0.66	1.08	0	6	1	0	96
0.00255670103092784	0.0022680412371134	7.03	0.83	-0.08	0.03	0.21	0.08	-0.09	-0.24	0.88	1.32	0	6.5	1	0	106
0.00314639175257732	0.0022680412371134	8.55	0.92	-0.07	0.03	0.31	0.07	-0.02	-0.26	1.2	1.64	0	7.5	2	0	126
0.00353814432989691	0.00288659793814433	9.6	1.02	-0.08	0.03	0.38	0.06	0.02	-0.25	1.44	1.88	0	8.5	1.5	0	143
0.00408247422680412	0.00350515463917526	10.93	1.03	-0.08	0.03	0.45	0.04	0.06	-0.26	1.74	2.22	0	10	1.5	0	162
0.00470515463917526	0.00412371134020619	12.55	1.14	-0.08	0.04	0.52	0.01	0.11	-0.26	2.14	2.58	0	12	2	0	184
0.00518762886597938	0.0045360824742268	13.82	1.24	-0.08	0.07	0.58	0	0.14	-0.26	2.48	2.9	0	13	2	0	205
0.00625979381443299	0.00536082474226804	16.53	1.35	-0.08	0.13	0.7	-0.07	0.22	-0.26	3.16	3.42	0	15.5	2.5	0	257
0.00685360824742268	0.00577319587628866	17.98	1.36	-0.08	0.12	0.78	-0.12	0.26	-0.26	3.48	3.72	0	16.5	2.5	0	294
0.00767835051546392	0.00680412371134021	20.07	1.45	-0.07	0.12	0.84	-0.19	0.33	-0.26	3.88	4.12	0	19	2.5	0	364
0.00807010309278351	0.00680412371134021	21.02	1.45	-0.07	0.12	0.91	-0.21	0.36	-0.27	4.06	4.28	0	19.5	3	0	405
0.00856494845360825	0.00742268041237113	22.32	1.55	-0.07	0.12	0.96	-0.27	0.39	-0.27	4.3	4.48	0	21	3	0	465
0.00894020618556701	0.00804123711340206	23.23	1.55	-0.07	0.12	0.98	-0.29	0.41	-0.28	4.46	4.64	0	22	2.5	0	511
0.00937319587628866	0.00804123711340206	24.28	1.55	-0.07	0.12	1.04	-0.31	0.43	-0.29	4.66	4.76	0	23	3.5	0	564
0.00975670103092783	0.00845360824742268	25.32	1.66	-0.07	0.12	1.1	-0.34	0.44	-0.29	4.86	4.92	0	24	3.5	0	610
0.00988453608247423	0.00824742268041237	25.62	1.65	-0.09	0.11	1.02	-0.34	0.45	-0.29	5.1	5	0	23	3	0	556
0.00920412371134021	0.00804123711340206	24.08	1.76	-0.08	0.12	0.99	-0.33	0.44	-0.3	4.96	4.98	0	21.5	2	0	411
0.00849072164948454	0.00742268041237113	22.37	1.78	-0.05	0.13	1.01	-0.25	0.44	-0.29	4.78	4.84	0	20	2	0	285
0.00789690721649484	0.00680412371134021	20.93	1.78	-0.09	0.12	1.02	-0.18	0.42	-0.3	4.68	4.78	0	18	1.5	0	202
0.00739381443298969	0.00618556701030928	19.59	1.66	-0.09	0.12	1.04	-0.14	0.4	-0.29	4.52	4.68	0	17	2	0	141
0.00692783505154639	0.00556701030927835	18.45	1.65	-0.09	0.12	1.05	-0.13	0.39	-0.3	4.36	4.58	0	16	2.5	0	97
0.00636288659793814	0.00536082474226804	16.98	1.55	-0.09	0.11	1.06	-0.12	0.37	-0.29	4.22	4.46	0	14.5	1.5	0	58
0.00595463917525773	0.00536082474226804	15.88	1.44	-0.09	0.12	1.05	-0.12	0.34	-0.29	4.06	4.38	0	14	1	0	35
0.00529484536082474	0.00474226804123711	14.07	1.23	-0.1	0.12	1.02	-0.12	0.31	-0.27	3.86	4.22	0	12.5	1	0	5
0.00497731958762887	0.00391752577319588	13.3	1.23	-0.09	0.12	1	-0.12	0.31	-0.02	3.82	4.14	0	11.5	2	0	-4
0.00430927835051546	0.00329896907216495	11.6	1.15	-0.09	0.11	0.98	-0.14	0.3	0.71	3.78	4	0	10	2	0	-13
0.00365360824742268	0.00288659793814433	9.79	0.93	-0.09	0.02	0.84	-0.17	0.23	0.92	3.58	3.76	0	8.5	1.5	0	-40
0.00296082474226804	0.00247422680412371	7.89	0.71	-0.09	0.02	0.7	-0.22	0.15	0.97	3.2	3.32	0	7	1	0	-64
0.00303092783505155	0.00268041237113402	8.17	0.82	-0.11	0.02	0.69	-0.17	0.15	0.79	3	2.98	0	7.5	1	0	-24
0.00307216494845361	0.00268041237113402	8.27	0.82	-0.11	0.02	0.7	-0.18	0.16	0.8	2.98	2.98	0	7.5	1	0	-17
0.00240824742268041	0.0022680412371134	6.56	0.72	-0.08	0.03	0.58	-0.21	0.11	0.94	2.9	2.64	0	6	0.5	0	-66
0.00185154639175258	0.00185567010309278	5.1	0.61	-0.1	0.02	0.47	-0.23	0.06	0.87	2.8	1.54	0	5	0.5	0	-52
0.00128247422680412	0.00123711340206186	3.73	0.62	-0.11	0.02	0.35	-0.25	0.01	0.79	2.76	0.6	0	3.5	0.5	0	-39
0.000692783505154639	0.00103092783505155	2.18	0.5	-0.1	0.03	0.22	-0.28	-0.05	0.78	2.52	0.08	0	2.5	0	0	-73
-9.07216494845361e-05	0	0.19	0.41	-0.11	0.03	0.06	-0.29	-0.11	0.73	1.1	0.02	0	0	0	0	-60
-0.000985567010309278	-0.000824742268041237	-2.09	0.3	-0.11	0.02	-0.14	-0.32	-0.19	0.68	-0.1	-0.06	0	-2	0	0	-78
-0.00168659793814433	-0.00103092783505155	-3.9	0.19	-0.1	0.02	-0.31	-0.35	-0.27	0.74	-0.66	-0.38	0	-3	-0.5	0	-128
-0.00242474226804124	-0.00185567010309278	-5.9	-0.02	-0.11	0.02	-0.55	-0.41	-0.45	0.87	-1.3	-0.88	0	-5	-0.5	0	-202
-0.00324123711340206	-0.00247422680412371	-7.98	-0.12	-0.11	0.02	-0.75	-0.45	-0.54	0.96	-2.22	-1.8	0	-6.5	-0.5	0	-287
-0.0041360824742268	-0.00350515463917526	-10.26	-0.23	-0.11	0.02	-0.87	-0.48	-0.55	0.99	-3.6	-3.38	0	-9	-0.5	0	-350
-0.0050639175257732	-0.0043298969072165	-12.62	-0.34	-0.11	0.01	-0.94	-0.5	-0.5	0.96	-5.24	-5.04	0	-11	-0.5	0	-365
-0.00588865979381443	-0.00515463917525773	-14.72	-0.44	-0.1	0.02	-1.07	-0.49	-0.51	0.84	-6.92	-6.52	0	-13.5	-1	0	-333
-0.00670927835051546	-0.00556701030927835	-16.81	-0.54	-0.12	0.01	-1.2	-0.48	-0.56	0.73	-8.1	-7.72	0	-15	-1.5	0	-314
-0.00757113402061856	-0.00618556701030928	-19.01	-0.65	-0.13	0.01	-1.32	-0.47	-0.59	0.64	-9	-8.74	0	-17	-2	0	-310
-0.00778556701030928	-0.00618556701030928	-19.53	-0.65	-0.1	0.03	-1.32	-0.47	-0.6	0.63	-9.12	-8.88	0	-17	-2	0	-301
-0.00701443298969072	-0.00618556701030928	-17.66	-0.65	-0.1	0.02	-1.28	-0.47	-0.6	0.66	-8.64	-8.46	0	-15	0	0	-278
-0.00639175257731959	-0.00536082474226804	-16.04	-0.54	-0.1	-0.02	-1.22	-0.47	-0.59	0.68	-8.12	-7.96	0	-13.5	-0.5	0	-262
-0.00572783505154639	-0.00474226804123711	-14.33	-0.44	-0.1	-0.02	-1.12	-0.47	-0.58	0.72	-7.44	-7.28	0	-12	-0.5	0	-245
-0.00495670103092783	-0.00412371134020619	-12.35	-0.33	-0.1	-0.02	-1.02	-0.48	-0.56	0.77	-6.54	-6.32	0	-10.5	-0.5	0	-221
-0.00397938144329897	-0.00350515463917526	-9.88	-0.23	-0.1	-0.01	-0.91	-0.44	-0.56	0.79	-5.18	-4.9	0	-8	0.5	0	-178
-0.00296082474226804	-0.00268041237113402	-7.31	-0.13	-0.1	-0.01	-0.76	-0.4	-0.56	0.79	-3.4	-3.16	0	-6	0.5	0	-104
-0.00207422680412371	-0.00185567010309278	-5.05	-0.02	-0.1	-0.01	-0.66	-0.33	-0.53	0.61	-1.84	-1.72	0	-4	0.5	0	-22
-0.00164536082474227	-0.00144329896907216	-3.9	0.09	-0.1	0	-0.59	-0.28	-0.5	0.44	-1.6	-1.24	0	-3	0.5	0	2
-0.00136907216494845	-0.00144329896907216	-3.13	0.19	-0.1	-0.01	-0.56	-0.26	-0.48	0.3	-1.46	-0.94	0	-3.5	0	0	13
-0.00137319587628866	-0.00164948453608247	-3.13	0.2	-0.12	-0.02	-0.56	-0.27	-0.48	0.3	-1.46	-0.94	0	-3.5	0.5	0	4
-0.00113814432989691	-0.00103092783505155	-2.58	0.18	-0.1	0.01	-0.54	-0.23	-0.47	0.03	-1.36	-0.74	0	-2	0.5	0	16
-0.000243298969072165	-0.000412371134020619	-0.19	0.4	-0.1	0.04	-0.4	-0.06	-0.39	-0.12	-0.96	-0.02	0	0	1	0	38
0.000577319587628866	0.000412371134020619	1.91	0.51	-0.11	-0.01	-0.26	0.06	-0.31	-0.18	-0.42	0.46	0	2	1	0	51
0.00142680412371134	0.00103092783505155	4.17	0.71	-0.1	0	-0.07	0.07	-0.23	-0.24	0.2	0.82	0	4	1.5	0	68
0.0023298969072165	0.00206185567010309	6.46	0.81	-0.1	0	0.1	0.07	-0.13	-0.27	0.76	1.24	0	6	1	0	89
0.00318350515463918	0.00268041237113402	8.65	0.93	-0.09	0.04	0.32	0.05	-0.02	-0.3	1.24	1.66	0	8	1.5	0	116
0.00396701030927835	0.00309278350515464	10.75	1.13	-0.1	0.13	0.47	0.04	0.07	-0.3	1.74	2.18	0	9.5	2	0	145
0.00478350515463918	0.00412371134020619	12.83	1.23	-0.09	0.14	0.61	-0.01	0.14	-0.31	2.22	2.7	0	12	2	0	172
0.00557113402061856	0.0045360824742268	14.85	1.34	-0.1	0.13	0.67	-0.05	0.19	-0.3	2.76	3.12	0	14	3	0	198
0.00623092783505155	0.00515463917525773	16.45	1.34	-0.08	0.14	0.72	-0.09	0.25	-0.31	3.24	3.46	0	15	2.5	0	228
0.00670515463917526	0.00536082474226804	17.7	1.44	-0.1	0.12	0.79	-0.13	0.28	-0.32	3.54	3.68	0	16	3	0	254
0.00737319587628866	0.00639175257731959	19.32	1.44	-0.1	0.14	0.85	-0.17	0.33	-0.31	3.94	4	0	18.5	3	0	298
0.0078020618556701	0.0065979381443299	20.46	1.54	-0.09	0.14	0.91	-0.22	0.34	-0.31	4.14	4.2	0	19	3	0	334
0.00842474226804124	0.00701030927835052	21.98	1.55	-0.1	0.13	0.97	-0.26	0.39	-0.31	4.42	4.46	0	20	3	0	395
0.0091340206185567	0.00783505154639175	23.8	1.65	-0.11	0.09	1.03	-0.33	0.42	-0.31	4.74	4.7	0	22.5	3.5	0	482
0.0098639175257732	0.00865979381443299	25.57	1.65	-0.1	0.1	1.08	-0.38	0.43	-0.33	5.06	4.94	0	24.5	3.5	0	582
0.0104948453608247	0.0088659793814433	27.2	1.75	-0.1	0.13	1.15	-0.39	0.44	-0.34	5.42	5.2	0	25.5	4	0	654
0.0111010309278351	0.00948453608247423	28.68	1.76	-0.1	0.09	1.19	-0.42	0.45	-0.36	5.82	5.44	0	26.5	3.5	0	696
0.0115092783505155	0.00989690721649484	29.72	1.81	-0.1	0.1	1.2	-0.43	0.46	-0.36	6.12	5.56	0	28	4	0	718
0.0117649484536082	0.00989690721649484	30.39	1.86	-0.11	0.09	1.24	-0.44	0.46	-0.37	6.4	5.68	0	28	4	0	729
0.0123092783505155	0.0107216494845361	31.71	1.86	-0.1	0.13	1.28	-0.45	0.47	-0.38	6.9	5.82	0	30	4	0	749
0.0126226804123711	0.0109278350515464	32.58	1.97	-0.1	0.11	1.27	-0.46	0.47	-0.39	7.24	5.94	0	30.5	4	0	761
0.0129814432989691	0.0111340206185567	33.44	1.96	-0.11	0.13	1.32	-0.47	0.49	-0.38	7.62	6.04	0	31	4	0	778
0.0132618556701031	0.0115463917525773	34.12	1.96	-0.2	0.13	1.32	-0.48	0.48	-0.39	7.86	6.12	0	32	4	0	792
0.0136123711340206	0.0117525773195876	34.99	1.98	-0.21	0.12	1.32	-0.49	0.48	-0.4	8.14	6.24	0	32.5	4	0	806
0.0138474226804124	0.0119587628865979	35.65	2.07	-0.21	0.13	1.34	-0.5	0.5	-0.43	8.4	6.36	0	33.5	4.5	0	816
0.0140865979381443	0.0117525773195876	36.23	2.07	-0.21	0.13	1.36	-0.56	0.5	-0.42	8.52	6.44	0	33.5	5	0	825
0.0143628865979381	0.0125773195876289	36.9	2.07	-0.21	0.13	1.38	-0.57	0.51	-0.42	8.72	6.54	0	35	4.5	0	838
0.0146432989690722	0.0127835051546392	37.57	2.06	-0.21	0.1	1.38	-0.6	0.51	-0.43	8.92	6.7	0	35	4	0	856
0.0148783505154639	0.0129896907216495	38.25	2.17	-0.21	0.12	1.38	-0.61	0.5	-0.43	9.08	6.82	0	36	4.5	0	868
0.0151298969072165	0.0131958762886598	38.86	2.17	-0.21	0.12	1.43	-0.62	0.5	-0.44	9.26	6.94	0	36.5	4.5	0	882
0.0153896907216495	0.0131958762886598	39.49	2.17	-0.21	0.09	1.41	-0.63	0.5	-0.46	9.42	7.08	0	36.5	4.5	0	898
0.0156494845360825	0.0131958762886598	40.17	2.22	-0.31	0.12	1.42	-0.66	0.49	-0.47	9.58	7.18	0	37	5	0	910
0.015901030927835	0.0136082474226804	40.83	2.27	-0.31	0.12	1.45	-0.66	0.5	-0.49	9.74	7.34	0	38	5	0	920
0.0161690721649485	0.0138144329896907	41.49	2.28	-0.31	0.13	1.45	-0.67	0.5	-0.5	9.94	7.4	0	39.5	6	0	927
0.0164164948453608	0.014639175257732	42.18	2.37	-0.31	0.13	1.47	-0.69	0.5	-0.5	10.58	7.46	0	40	4.5	0	913
0.0166886597938144	0.014020618556701	42.85	2.38	-0.32	0.1	1.49	-0.7	0.5	-0.5	11.08	7.46	0	40	6	0	895
0.0170061855670103	0.0144329896907217	43.61	2.37	-0.31	0.12	1.5	-0.71	0.5	-0.5	11.52	7.5	0	40.5	5.5	0	898
0.0175958762886598	0.0152577319587629	45.15	2.48	-0.32	0.11	1.53	-0.77	0.5	-0.5	12.9	7.58	0	42.5	5.5	0	851
0.0178762886597938	0.0152577319587629	45.83	2.48	-0.29	0.11	1.51	-0.77	0.51	-0.51	13.38	7.56	0	42.5	5.5	0	838
0.0183546391752577	0.0154639175257732	46.99	2.48	-0.32	0.1	1.59	-0.78	0.5	-0.51	14.14	7.58	0	43.5	6	0	837
0.0194185567010309	0.0164948453608247	49.68	2.59	-0.42	0.12	1.63	-0.79	0.5	-0.48	16	7.56	0	46.5	6.5	0	835
0.0200412371134021	0.0175257731958763	51.3	2.7	-0.41	0.13	1.69	-0.8	0.5	-0.47	17.14	7.56	0	48.5	6	0	823
0.0206886597938144	0.0181443298969072	52.86	2.69	-0.42	0.12	1.75	-0.81	0.5	-0.44	18.26	7.56	0	50.5	6.5	0	817
0.0212329896907216	0.0185567010309278	54.3	2.81	-0.42	0.13	1.79	-0.81	0.51	-0.42	19.28	7.58	0	51.5	6.5	0	806
0.0217979381443299	0.0189690721649485	55.66	2.8	-0.42	0.12	1.81	-0.82	0.5	-0.4	20.36	7.56	0	53	7	0	788
0.022639175257732	0.0193814432989691	57.8	2.9	-0.42	0.12	1.91	-0.82	0.5	-0.35	21.94	7.58	0	55	8	0	763
0.0233814432989691	0.0202061855670103	59.71	3.01	-0.42	0.12	1.95	-0.82	0.5	-0.31	23.36	7.58	0	56.5	7.5	0	751
0.0237855670103093	0.0206185567010309	60.69	3.01	-0.43	0.13	1.95	-0.82	0.5	-0.29	24.04	7.58	0	58	8	0	737
0.0241855670103093	0.0206185567010309	61.76	3.11	-0.42	0.12	2	-0.83	0.51	-0.27	24.84	7.58	0	58.5	8.5	0	718
0.0245773195876289	0.0212371134020619	62.72	3.12	-0.42	0.12	2.02	-0.83	0.5	-0.26	25.5	7.58	0	59.5	8	0	712
0.0251876288659794	0.0220618556701031	64.19	3.11	-0.44	0.11	2.09	-0.82	0.5	-0.22	26.6	7.58	0	61.5	8	0	703
0.0257030927835052	0.0224742268041237	65.55	3.22	-0.43	0.11	2.13	-0.82	0.54	-0.2	27.46	7.58	0	62.5	8	0	697
0.0260701030927835	0.0228865979381443	66.44	3.22	-0.42	0.11	2.15	-0.82	0.53	-0.16	28.1	7.56	0	63.5	8	0	687
0.0264123711340206	0.0228865979381443	67.29	3.24	-0.42	0.12	2.18	-0.83	0.54	-0.12	28.86	7.56	0	64.5	9	0	668
0.0268618556701031	0.0230927835051546	68.46	3.32	-0.43	0.12	2.25	-0.83	0.54	-0.1	29.8	7.56	0	65	9	0	643
0.0275010309278351	0.0235051546391753	70.11	3.42	-0.52	0.12	2.3	-0.82	0.55	-0.06	31.02	7.54	0	67	10	0	618
0.0281030927835052	0.0245360824742268	71.58	3.43	-0.49	0.13	2.3	-0.82	0.55	-0.03	32.16	7.5	0	69	9.5	0	595
0.028659793814433	0.0249484536082474	73.04	3.54	-0.49	0.13	2.49	-0.82	0.56	0.01	33.24	7.5	0	70.5	10	0	572
0.0291092783505155	0.0255670103092784	74.12	3.53	-0.5	0.13	2.56	-0.83	0.57	0.04	34.04	7.48	0	71.5	9.5	0	561
0.0297113402061856	0.0255670103092784	75.58	3.53	-0.5	0.12	2.6	-0.83	0.57	0.08	35.06	7.46	0	72.5	10.5	0	549
0.0302268041237113	0.0263917525773196	76.94	3.64	-0.53	0.12	2.66	-0.84	0.58	0.13	36.02	7.46	0	74	10	0	538
0.0307546391752577	0.0268041237113402	78.22	3.64	-0.52	0.12	2.7	-0.85	0.58	0.14	36.9	7.44	0	75.5	10.5	0	527
0.0312783505154639	0.0270103092783505	79.58	3.73	-0.49	0.12	2.77	-0.86	0.59	0.18	37.9	7.44	0	76	10.5	0	515
0.0318639175257732	0.0276288659793814	81.02	3.75	-0.52	0.11	2.79	-0.88	0.59	0.19	38.88	7.4	0	78	11	0	503
0.0324701030927835	0.0280412371134021	82.51	3.77	-0.53	0.1	2.84	-0.87	0.59	0.24	39.96	7.4	0	79.5	11.5	0	492
0.0333773195876289	0.0288659793814433	84.78	3.84	-0.53	0.1	2.93	-0.87	0.61	0.29	41.44	7.4	0	81	11	0	481
0.0341030927835052	0.0294845360824742	86.54	3.84	-0.53	0.12	2.96	-0.88	0.61	0.35	42.6	7.38	0	83	11.5	0	476
0.0348164948453608	0.0301030927835052	88.4	3.97	-0.5	0.12	2.99	-0.88	0.6	0.39	43.86	7.38	0	85	12	0	467
0.0353030927835052	0.0307216494845361	89.59	3.98	-0.49	0.12	3.05	-0.88	0.62	0.4	44.56	7.36	0	87	12.5	0	447
0.0353113402061856	0.0303092783505155	89.6	3.97	-0.48	0.12	3.04	-0.91	0.62	0.41	44.74	7.32	0	86	12.5	0	422
0.0352701030927835	0.0305154639175258	89.6	4.07	-0.51	0.12	3.06	-0.93	0.62	0.42	44.78	7.28	0	86	12	0	411
0.035979381443299	0.0309278350515464	91.31	4.06	-0.52	0.11	3.09	-0.94	0.62	0.44	45.88	7.3	0	87.5	12.5	0	445
0.036919587628866	0.0317525773195876	93.59	4.06	-0.51	0.12	3.15	-0.99	0.62	0.49	47.26	7.3	0	90	13	0	446
0.0377484536082474	0.0325773195876289	95.69	4.15	-0.5	0.14	3.24	-1	0.62	0.56	48.6	7.3	0	92	13	0	445
0.0385979381443299	0.0336082474226804	97.75	4.15	-0.52	0.12	3.25	-0.99	0.62	0.61	49.9	7.3	0	94.5	13	0	443
0.039459793814433	0.0342268041237113	99.85	4.16	-0.51	0.13	3.27	-0.98	0.62	0.67	51.26	7.3	0	96.5	13.5	0	436
0.0402680412371134	0.0348453608247423	101.94	4.29	-0.51	0.12	3.3	-1.02	0.64	0.7	52.62	7.32	0	98	13.5	0	432
0.0412041237113402	0.0350515463917526	104.19	4.27	-0.51	0.12	3.33	-1.03	0.66	0.75	54.08	7.32	0	100.5	15.5	0	426
0.0420412371134021	0.0356701030927835	106.32	4.37	-0.51	0.12	3.38	-1.03	0.67	0.83	55.46	7.32	0	102.5	16	0	421
0.042940206185567	0.0371134020618557	108.5	4.37	-0.5	0.13	3.44	-1.09	0.67	0.87	56.92	7.3	0	105	15	0	412
0.0437690721649485	0.0371134020618557	110.6	4.46	-0.52	0.11	3.47	-1.12	0.67	0.92	58.18	7.26	0	106.5	16.5	0	404
0.0445855670103093	0.0381443298969072	112.59	4.47	-0.52	0.12	3.51	-1.12	0.67	0.97	59.5	7.28	0	108.5	16	0	398
0.0454515463917526	0.0387628865979381	114.8	4.58	-0.52	0.1	3.54	-1.16	0.67	1.04	60.88	7.26	0	110.5	16.5	0	395
0.0458721649484536	0.0385567010309278	115.81	4.57	-0.62	0.12	3.57	-1.17	0.67	1.06	61.5	7.24	0	110.5	17	0	378
0.0458556701030928	0.0389690721649485	115.83	4.63	-0.61	0.12	3.51	-1.2	0.66	1.08	61.66	7.2	0	111.5	17	0	351
0.045039175257732	0.0383505154639175	113.83	4.61	-0.61	0.11	3.58	-1.2	0.66	1.11	61.62	7.04	0	109	16	0	228
0.0442185567010309	0.0377319587628866	111.84	4.61	-0.61	0.12	3.64	-1.22	0.67	1.15	61.48	6.82	0	107.5	16	0	153
0.0433154639175258	0.037319587628866	109.65	4.61	-0.61	0.12	3.71	-1.23	0.68	1.21	61.14	6.64	0	105.5	15	0	106
0.0426845360824742	0.0367010309278351	108.12	4.61	-0.61	0.12	3.72	-1.23	0.68	1.24	60.82	6.5	0	104	15	0	86
0.0417443298969072	0.0354639175257732	105.85	4.62	-0.6	0.12	3.69	-1.23	0.68	1.35	60.1	6.22	0	101.5	15.5	0	62
0.0407298969072165	0.0344329896907217	103.27	4.5	-0.61	0.13	3.71	-1.23	0.67	1.45	58.98	5.84	0	98.5	15	0	48
0.0397855670103093	0.034020618556701	100.99	4.51	-0.53	0.11	3.73	-1.24	0.68	1.52	58.1	5.5	0	97	14.5	0	37
0.0388247422680412	0.0329896907216495	98.63	4.48	-0.51	0.13	3.79	-1.24	0.67	1.61	57.34	4.92	0	94.5	14.5	0	31
0.0379670103092783	0.0323711340206186	96.44	4.37	-0.51	0.13	3.81	-1.24	0.66	1.64	57.04	3.84	0	92	13.5	0	29
0.0369030927835052	0.0315463917525773	93.87	4.38	-0.5	0.13	3.92	-1.24	0.66	1.52	57.02	2.22	0	90	13.5	0	44
0.0360041237113402	0.0307216494845361	91.58	4.27	-0.51	0.13	3.9	-1.24	0.65	1.73	56.62	1.68	0	88	13.5	0	13
0.0350556701030928	0.0294845360824742	89.27	4.26	-0.51	0.09	4.03	-1.24	0.66	1.94	55.54	1.66	0	85	13.5	0	14
0.0341690721649485	0.0290721649484536	87.03	4.17	-0.51	0.09	3.96	-1.25	0.66	2.18	54.58	1.62	0	83.5	13	0	5
0.0335463917525773	0.0284536082474227	85.51	4.16	-0.51	0.13	3.95	-1.25	0.66	3.09	54.4	1.6	0	82	13	0	2
0.0326061855670103	0.0278350515463918	83.23	4.16	-0.51	0.12	3.92	-1.25	0.66	3.4	53.4	1.5	0	80	12.5	0	-10
0.0316329896907217	0.0270103092783505	80.76	4.05	-0.51	0.08	3.87	-1.26	0.64	3.41	52.02	1.46	0	77.5	12	0	-19
0.030498969072165	0.025979381443299	78.01	4.05	-0.52	0.07	3.72	-1.24	0.64	3.4	50.46	1.4	0	74.5	11.5	0	-25
0.0295546391752577	0.025360824742268	75.63	3.96	-0.51	0.13	3.64	-1.22	0.63	3.38	48.98	1.38	0	72.5	11	0	-26
0.0285773195876289	0.0247422680412371	73.24	3.94	-0.51	0.13	3.5	-1.2	0.62	3.32	47.62	1.34	0	70.5	10.5	0	-33
0.0275628865979381	0.0237113402061856	70.68	3.84	-0.47	0.08	3.36	-1.18	0.61	3.28	46.16	1.28	0	68	10.5	0	-40
0.0270969072164948	0.0232989690721649	69.45	3.74	-0.41	0.12	3.31	-1.16	0.6	3.09	45.12	1.24	0	67	10.5	0	-2
0.0270556701030928	0.0232989690721649	69.35	3.74	-0.41	0.12	3.31	-1.17	0.6	3.09	45.14	1.24	0	66.5	10	0	-8
0.0263876288659794	0.0222680412371134	67.73	3.74	-0.41	0.12	3.23	-1.15	0.6	3.12	44.38	1.24	0	64.5	10.5	0	-45
0.0254061855670103	0.0218556701030928	65.26	3.65	-0.41	0.12	3.12	-1.14	0.59	3.09	42.92	1.22	0	63	10	0	-47
0.0244659793814433	0.0212371134020619	62.87	3.54	-0.4	0.13	2.96	-1.11	0.58	3.02	41.46	1.2	0	60.5	9	0	-52
0.0235670103092783	0.0202061855670103	60.58	3.43	-0.41	0.13	2.86	-1.1	0.57	2.99	40.24	1.12	0	58.5	9.5	0	-62
0.0227092783505155	0.0197938144329897	58.39	3.32	-0.41	0.12	2.8	-1.08	0.57	2.98	39.08	1.04	0	56.5	8.5	0	-75
0.0217649484536082	0.0189690721649485	56	3.22	-0.42	0.12	2.71	-1.06	0.56	2.94	37.8	0.98	0	54	8	0	-85
0.0208948453608247	0.0181443298969072	53.79	3.12	-0.41	0.13	2.63	-1.03	0.55	2.87	36.44	0.94	0	51.5	7.5	0	-83
0.0199958762886598	0.017319587628866	51.49	3	-0.41	0.11	2.5	-1	0.54	2.77	34.96	0.94	0	49.5	7.5	0	-82
0.0190927835051546	0.0162886597938144	49.2	2.9	-0.41	0.12	2.41	-0.97	0.53	2.72	33.66	0.9	0	47	7.5	0	-88
0.0181855670103093	0.0156701030927835	46.9	2.8	-0.41	0.03	2.31	-0.94	0.52	2.65	32.4	0.84	0	45	7	0	-97
0.0173113402061856	0.0148453608247423	44.68	2.7	-0.41	0.03	2.22	-0.9	0.51	2.61	31.2	0.76	0	43	7	0	-106
0.0164	0.0142268041237113	42.36	2.59	-0.41	0.03	2.1	-0.88	0.49	2.55	29.98	0.72	0	41	6.5	0	-116
0.0156164948453608	0.0134020618556701	40.26	2.39	-0.41	0.03	2.01	-0.87	0.46	2.5	28.74	0.66	0	39	6.5	0	-122
0.0147092783505155	0.0123711340206186	37.95	2.28	-0.41	0.02	1.9	-0.87	0.44	2.44	27.46	0.62	0	36.5	6.5	0	-131
0.0138350515463918	0.0115463917525773	35.73	2.18	-0.38	0.02	1.81	-0.87	0.42	2.37	26.14	0.54	0	34.5	6.5	0	-138
0.0128907216494845	0.0109278350515464	33.33	2.07	-0.35	-0.02	1.67	-0.88	0.39	2.31	24.82	0.52	0	32.5	6	0	-146
0.012020618556701	0.0103092783505155	31.12	1.97	-0.33	-0.01	1.57	-0.86	0.36	2.24	23.52	0.46	0	30.5	5.5	0	-151
0.0111092783505155	0.00969072164948454	28.7	1.76	-0.33	-0.03	1.43	-0.88	0.33	2.17	22.1	0.42	0	28.5	5	0	-157
0.0102432989690722	0.0088659793814433	26.5	1.66	-0.31	0.01	1.32	-0.89	0.29	2.09	20.82	0.4	0	27	5.5	0	-160
0.00932783505154639	0.00824742268041237	24.17	1.55	-0.32	-0.02	1.18	-0.89	0.28	2.02	19.5	0.36	0	24	4	0	-166
0.00849484536082474	0.00742268041237113	22.05	1.45	-0.31	0.01	1.07	-0.9	0.24	1.95	18.24	0.34	0	22	4	0	-171
0.00762061855670103	0.0065979381443299	19.83	1.35	-0.32	0.01	0.92	-0.9	0.17	1.88	16.96	0.3	0	20	4	0	-178
0.00677938144329897	0.00536082474226804	17.68	1.24	-0.3	0.03	0.82	-0.91	0.15	1.8	15.72	0.26	0	18	5	0	-181
0.00581443298969072	0.00494845360824742	15.24	1.14	-0.31	0.03	0.64	-0.91	0.12	1.73	14.34	0.24	0	15.5	3.5	0	-186
0.00498969072164948	0.0043298969072165	13.13	1.03	-0.31	0.02	0.51	-0.92	0.1	1.66	13.18	0.22	0	13.5	3	0	-193
0.00409896907216495	0.00350515463917526	10.87	0.93	-0.32	0.02	0.37	-0.93	0.06	1.6	11.82	0.18	0	11.5	3	0	-201
0.00321237113402062	0.00288659793814433	8.61	0.82	-0.32	0.02	0.21	-0.93	0.03	1.53	10.44	0.1	0	9.5	2.5	0	-211
0.0023340206185567	0.0022680412371134	6.37	0.71	-0.31	0.02	0.01	-0.94	-0.03	1.45	8.98	-0.02	0	7.5	2	0	-220
0.00147628865979381	0.00123711340206186	4.2	0.62	-0.31	0.03	-0.13	-0.93	-0.07	1.38	7.36	-0.16	0	5.5	2.5	0	-222
0.000544329896907217	0.000412371134020619	1.84	0.52	-0.31	0.02	-0.32	-0.94	-0.14	1.31	5.82	-0.26	0	3	2	0	-229
-0.000301030927835052	0	-0.33	0.4	-0.31	0.02	-0.49	-0.94	-0.21	1.27	4.6	-0.48	0	1.5	1.5	0	-263
-0.00117525773195876	-0.000824742268041237	-2.65	0.2	-0.3	0.02	-0.76	-0.94	-0.47	1.27	2.62	-1.32	0	-1	1	0	-311
-0.00131134020618557	-0.00103092783505155	-2.98	0.2	-0.31	0.02	-0.77	-0.93	-0.5	1.27	2.12	-1.52	0	-0.5	2	0	-286
-0.00130721649484536	-0.000824742268041237	-2.98	0.19	-0.3	0.03	-0.79	-0.95	-0.52	1.27	2.06	-1.52	0	-0.5	1.5	0	-277
-0.00130721649484536	-0.000824742268041237	-2.97	0.2	-0.31	-0.01	-0.81	-0.96	-0.52	1.26	2.02	-1.54	0	-0.5	1.5	0	-276
-0.00208659793814433	-0.00185567010309278	-4.97	0.09	-0.3	0	-0.94	-0.95	-0.64	1.25	0.08	-2.82	0	-2.5	2	0	-323
-0.00294432989690722	-0.00268041237113402	-7.16	-0.02	-0.29	0.02	-1.06	-0.95	-0.72	1.19	-1.92	-4.24	0	-5.5	1	0	-319
-0.0037979381443299	-0.00329896907216495	-9.44	-0.23	-0.3	0	-1.22	-0.94	-0.81	1.07	-3.74	-5.48	0	-7	1	0	-308
-0.0047340206185567	-0.0043298969072165	-11.81	-0.33	-0.3	0	-1.38	-0.95	-0.85	0.98	-5.22	-6.64	0	-9.5	1	0	-295
-0.00563298969072165	-0.00494845360824742	-14.09	-0.43	-0.31	-0.01	-1.45	-0.94	-0.87	0.89	-6.38	-7.58	0	-12	0	0	-293
-0.00644948453608247	-0.00597938144329897	-16.18	-0.54	-0.32	0	-1.49	-0.92	-0.89	0.8	-7.36	-8.38	0	-14	0.5	0	-290
-0.00734432989690722	-0.00639175257731959	-18.45	-0.64	-0.31	0	-1.53	-0.88	-0.91	0.71	-8.28	-9.16	0	-16	-0.5	0	-290
-0.00800824742268041	-0.00680412371134021	-20.17	-0.75	-0.3	0	-1.55	-0.86	-0.89	0.64	-8.92	-9.7	0	-17.5	-1	0	-292
-0.00820618556701031	-0.00701030927835052	-20.65	-0.75	-0.3	0.01	-1.56	-0.86	-0.89	0.63	-9.16	-9.78	0	-17.5	-0.5	0	-282
-0.00741855670103093	-0.00618556701030928	-18.64	-0.65	-0.27	0	-1.57	-0.86	-0.93	0.62	-8.74	-9.38	0	-15	0	0	-257
-0.00642061855670103	-0.00536082474226804	-16.08	-0.51	-0.26	0.04	-1.55	-0.84	-0.97	0.67	-8.04	-8.66	0	-13	0	0	-232
-0.00542680412371134	-0.0043298969072165	-13.62	-0.46	-0.27	0.04	-1.55	-0.85	-1	0.72	-7.18	-7.8	0	-10.5	0	0	-212
-0.00449484536082474	-0.00350515463917526	-11.24	-0.34	-0.26	0.01	-1.53	-0.86	-1.02	0.77	-6.16	-6.86	0	-8	0.5	0	-190
-0.00356288659793814	-0.00288659793814433	-8.86	-0.22	-0.26	0.01	-1.45	-0.85	-1.02	0.81	-4.92	-5.8	0	-6.5	0.5	0	-162
-0.00270515463917526	-0.0022680412371134	-6.68	-0.12	-0.27	-0.01	-1.39	-0.86	-1	0.81	-3.58	-4.6	0	-4	1.5	0	-125
-0.00184742268041237	-0.00144329896907216	-4.49	-0.01	-0.29	-0.02	-1.28	-0.86	-0.97	0.81	-2	-3.28	0	-2.5	1	0	-70
-0.00102268041237113	-0.000824742268041237	-2.39	0.09	-0.31	-0.02	-1.14	-0.85	-0.9	0.62	-0.8	-2.06	0	-1	1	0	-13
-0.000490721649484536	-0.000618556701030928	-1.07	0.12	-0.29	-0.01	-1.04	-0.82	-0.86	0.5	-0.34	-1.48	0	0	1.5	0	6
-0.000441237113402062	-0.000618556701030928	-0.88	0.19	-0.3	0	-1.03	-0.81	-0.85	0.5	-0.3	-1.38	0	0.5	2	0	6
-9.07216494845361e-05	0	-0.03	0.19	-0.3	0.04	-0.94	-0.74	-0.8	0.37	-0.02	-0.96	0	1	1	0	19
0.000721649484536082	0.000824742268041237	2.15	0.4	-0.29	0.04	-0.84	-0.6	-0.74	-0.2	0.3	-0.32	0	3.5	1.5	0	33
0.00161237113402062	0.00144329896907216	4.43	0.52	-0.28	0.05	-0.67	-0.47	-0.64	-0.26	1.2	0.42	0	5	1.5	0	44
0.00247422680412371	0.00185567010309278	6.72	0.72	-0.3	0.04	-0.51	-0.39	-0.54	-0.31	2.06	1.04	0	6.5	2	0	57
0.00331958762886598	0.00268041237113402	8.89	0.84	-0.29	0.06	-0.37	-0.3	-0.49	-0.36	2.88	1.44	0	9	2.5	0	66
0.0042680412371134	0.00309278350515464	11.28	0.93	-0.3	0.1	-0.19	-0.19	-0.36	-0.37	3.86	1.82	0	11	3.5	0	75
0.00484948453608247	0.00391752577319588	12.79	1.03	-0.3	0.12	0.01	-0.14	-0.29	-0.39	4.42	2	0	12.5	3	0	81
0.00582680412371134	0.00494845360824742	15.26	1.13	-0.31	0.1	0.14	-0.12	-0.23	-0.39	5.68	2.26	0	15	3	0	88
0.00672577319587629	0.00577319587628866	17.55	1.24	-0.31	0.1	0.23	-0.13	-0.17	-0.39	6.98	2.4	0	17	3	0	93
0.00762886597938144	0.00618556701030928	19.84	1.34	-0.3	0.09	0.37	-0.17	-0.1	-0.39	8.24	2.5	0	18.5	3.5	0	98
0.00851958762886598	0.00721649484536083	22.1	1.44	-0.3	0.11	0.46	-0.2	-0.04	-0.39	9.48	2.64	0	21	3.5	0	104
0.00942680412371134	0.00804123711340206	24.4	1.54	-0.3	0.1	0.59	-0.25	0.02	-0.4	10.76	2.78	0	23	3.5	0	110
0.0102762886597938	0.00865979381443299	26.6	1.68	-0.3	0.13	0.7	-0.29	0.11	-0.39	12.04	2.9	0	25.5	4.5	0	115
0.0111463917525773	0.00969072164948454	28.79	1.76	-0.28	0.14	0.79	-0.35	0.16	-0.39	13.14	3.08	0	28	4.5	0	128
0.0120082474226804	0.0105154639175258	30.98	1.86	-0.31	0.09	0.87	-0.41	0.21	-0.38	14.3	3.24	0	30	4.5	0	133
0.0129525773195876	0.0111340206185567	33.38	1.97	-0.31	0.13	0.97	-0.44	0.26	-0.36	15.64	3.38	0	32	5	0	138
0.0138474226804124	0.0117525773195876	35.57	1.99	-0.31	0.13	1.04	-0.51	0.3	-0.34	16.84	3.56	0	34	5.5	0	149
0.0147587628865979	0.0125773195876289	37.86	2.07	-0.31	0.12	1.12	-0.57	0.33	-0.32	17.98	3.74	0	36	5.5	0	158
0.0155835051546392	0.0131958762886598	39.96	2.17	-0.31	0.13	1.18	-0.64	0.34	-0.3	18.98	3.98	0	38	6	0	170
0.0166061855670103	0.0144329896907217	42.55	2.28	-0.31	0.09	1.21	-0.7	0.35	-0.26	20.38	4.16	0	41	6	0	177
0.0174762886597938	0.0148453608247423	44.76	2.38	-0.31	0.12	1.31	-0.77	0.36	-0.23	21.6	4.28	0	43	7	0	183
0.0183051546391753	0.0156701030927835	46.87	2.48	-0.32	0.07	1.35	-0.8	0.37	-0.2	22.7	4.46	0	44.5	6.5	0	193
0.0189360824742268	0.0158762886597938	48.41	2.49	-0.31	0.09	1.4	-0.82	0.37	-0.18	23.44	4.62	0	45.5	7	0	200
0.0197567010309278	0.0171134020618557	50.5	2.59	-0.31	0.13	1.46	-0.83	0.41	-0.14	24.44	4.82	0	48.5	7	0	215
0.0206680412371134	0.0177319587628866	52.81	2.69	-0.31	0.11	1.51	-0.86	0.41	-0.1	25.64	5.02	0	50.5	7.5	0	223
0.0215752577319588	0.0187628865979381	55.05	2.73	-0.31	0.14	1.61	-0.86	0.41	-0.06	26.88	5.16	0	53	7.5	0	230
0.0224494845360825	0.0193814432989691	57.24	2.8	-0.31	0.14	1.69	-0.88	0.41	-0.03	28.2	5.22	0	55	8	0	235
0.0234432989690722	0.0204123711340206	59.75	2.9	-0.3	0.13	1.78	-0.89	0.41	0.02	29.76	5.28	0	57.5	8	0	235
0.024280412371134	0.0204123711340206	61.89	3.01	-0.3	0.13	1.84	-0.9	0.42	0.07	31.1	5.3	0	59	9.5	0	237
0.0251876288659794	0.0212371134020619	64.1	3.02	-0.3	0.13	2.05	-0.92	0.43	0.1	32.54	5.34	0	61	9.5	0	234
0.026020618556701	0.0222680412371134	66.23	3.13	-0.3	0.13	2.05	-0.93	0.44	0.15	33.9	5.36	0	63.5	9.5	0	234
0.0269567010309278	0.0232989690721649	68.59	3.22	-0.3	0.12	2.23	-0.94	0.44	0.18	35.4	5.38	0	66	9.5	0	231
0.0278268041237113	0.0239175257731959	70.69	3.21	-0.28	0.14	2.32	-0.95	0.46	0.24	36.76	5.38	0	67.5	9.5	0	230
0.028659793814433	0.0245360824742268	72.82	3.32	-0.3	0.13	2.42	-0.97	0.47	0.29	38.14	5.44	0	70	10.5	0	230
0.0294639175257732	0.025360824742268	74.77	3.32	-0.28	0.13	2.52	-0.99	0.47	0.31	39.36	5.42	0	72	10.5	0	234
0.030301030927835	0.025979381443299	76.91	3.43	-0.3	0.13	2.62	-1	0.47	0.37	40.72	5.44	0	74	11	0	236
0.0311381443298969	0.0270103092783505	79.04	3.53	-0.31	0.13	2.74	-1.01	0.47	0.41	42.06	5.48	0	77	11.5	0	237
0.0320247422680412	0.0276288659793814	81.2	3.54	-0.4	0.13	2.86	-1.03	0.48	0.45	43.44	5.52	0	78.5	11.5	0	239
0.0328659793814433	0.028659793814433	83.34	3.64	-0.4	0.13	3.04	-1.03	0.48	0.52	44.8	5.54	0	80.5	11	0	241
0.0334309278350515	0.028659793814433	84.71	3.64	-0.41	0.13	3.11	-1.04	0.5	0.56	45.62	5.54	0	81.5	12	0	244
0.034379381443299	0.0294845360824742	87.05	3.68	-0.4	0.14	3.27	-1.07	0.51	0.6	47.06	5.56	0	84	12.5	0	245
0.0352041237113402	0.0303092783505155	89.11	3.74	-0.4	0.14	3.44	-1.08	0.54	0.64	48.32	5.58	0	86	12.5	0	250
0.0361278350515464	0.031340206185567	91.46	3.85	-0.4	0.14	3.62	-1.09	0.54	0.71	49.72	5.6	0	89	13	0	254
0.0370639175257732	0.0319587628865979	93.73	3.85	-0.41	0.14	3.72	-1.1	0.55	0.75	51.1	5.62	0	90.5	13	0	262
0.0374639175257732	0.0319587628865979	94.7	3.85	-0.4	0.14	3.78	-1.11	0.52	0.77	51.56	5.64	0	91	13.5	0	257
0.0374474226804124	0.0319587628865979	94.69	3.88	-0.41	0.09	3.77	-1.13	0.54	0.77	51.6	5.64	0	91	13.5	0	247
0.0374144329896907	0.0319587628865979	94.69	3.96	-0.41	0.12	3.81	-1.12	0.54	0.77	51.62	5.66	0	91	13.5	0	243
0.0374185567010309	0.0323711340206186	94.7	3.96	-0.4	0.13	3.8	-1.14	0.54	0.77	51.76	5.64	0	92	13.5	0	242
0.038280412371134	0.0331958762886598	96.79	3.96	-0.4	0.14	4.05	-1.13	0.55	0.8	52.9	5.64	0	94	13.5	0	261
0.0391381443298969	0.0338144329896907	98.87	3.96	-0.4	0.13	4.17	-1.13	0.54	0.85	54.2	5.64	0	96	14	0	268
0.0399587628865979	0.0344329896907217	100.96	4.06	-0.41	0.12	4.29	-1.15	0.55	0.92	55.42	5.68	0	97.5	14	0	274
0.0409319587628866	0.0348453608247423	103.33	4.07	-0.4	0.13	4.48	-1.19	0.55	0.97	56.78	5.68	0	99.5	15	0	281
0.0418680412371134	0.0354639175257732	105.62	4.09	-0.39	0.11	4.64	-1.2	0.56	1	58.06	5.7	0	102	16	0	290
0.0427381443298969	0.0360824742268041	107.8	4.16	-0.41	0.09	4.8	-1.22	0.56	1.05	59.28	5.72	0	104	16.5	0	304
0.0436	0.037319587628866	109.89	4.16	-0.51	0.13	4.97	-1.23	0.54	1.08	60.3	5.76	0	106.5	16	0	327
0.0443463917525773	0.0379381443298969	111.8	4.26	-0.51	0.08	5.1	-1.27	0.56	1.11	61.3	5.82	0	108.5	16.5	0	348
0.0450556701030928	0.0385567010309278	113.52	4.26	-0.49	0.1	5.2	-1.27	0.57	1.14	62.28	5.86	0	110	16.5	0	354
0.0453649484536082	0.0387628865979381	114.27	4.26	-0.5	0.09	5.25	-1.27	0.57	1.15	62.68	5.88	0	110.5	16.5	0	357
0.0459134020618557	0.0391752577319588	115.59	4.25	-0.51	0.09	5.32	-1.28	0.55	1.17	63.48	5.9	0	111.5	16.5	0	360
0.0464123711340206	0.0395876288659794	116.92	4.37	-0.51	0.13	5.38	-1.28	0.55	1.23	64.28	5.92	0	113	17	0	361
0.0472	0.04	118.83	4.37	-0.51	0.13	5.48	-1.31	0.56	1.27	65.4	5.94	0	114.5	17.5	0	363
0.0482556701030928	0.0408247422680412	121.39	4.37	-0.51	0.13	5.58	-1.31	0.57	1.34	66.96	5.96	0	117	18	0	361
0.0490432989690722	0.0416494845360825	123.41	4.48	-0.51	0.13	5.68	-1.33	0.59	1.39	68.32	5.98	0	119.5	18.5	0	355
0.0493979381443299	0.0416494845360825	124.26	4.47	-0.51	0.13	5.7	-1.33	0.58	1.41	68.88	5.98	0	120	19	0	342
0.0498639175257732	0.0422680412371134	125.4	4.48	-0.51	0.13	5.76	-1.34	0.58	1.46	69.58	5.98	0	121	18.5	0	341
0.0504164948453608	0.0428865979381443	126.73	4.47	-0.51	0.12	5.84	-1.34	0.59	1.5	70.44	6	0	122.5	18.5	0	337
0.0509319587628866	0.0430927835051546	127.98	4.47	-0.51	0.13	5.89	-1.36	0.61	1.53	71.16	5.98	0	123.5	19	0	336
0.0513979381443299	0.0435051546391753	129.22	4.58	-0.49	0.13	5.95	-1.36	0.63	1.56	71.98	6	0	125	19.5	0	333
0.0519835051546392	0.0441237113402062	130.64	4.58	-0.5	0.13	5.99	-1.38	0.62	1.58	72.84	6	0	126	19	0	335
0.0531711340206186	0.0451546391752577	133.52	4.58	-0.49	0.13	6.12	-1.4	0.63	1.68	74.58	6	0	128.5	19	0	333
0.0539752577319588	0.0455670103092784	135.56	4.67	-0.51	0.12	6.19	-1.42	0.64	1.73	75.82	5.98	0	130.5	20	0	337
0.0549030927835052	0.0465979381443299	137.82	4.68	-0.51	0.1	6.28	-1.44	0.64	1.77	77.2	6	0	132.5	19.5	0	333
0.0557319587628866	0.0468041237113402	139.83	4.68	-0.51	0.1	6.35	-1.48	0.64	1.82	78.44	5.98	0	134.5	21	0	333
0.0565814432989691	0.0478350515463918	141.93	4.72	-0.51	0.1	6.47	-1.5	0.66	1.9	79.7	5.98	0	136.5	20.5	0	335
0.0574556701030928	0.048659793814433	144.15	4.82	-0.61	0.14	6.56	-1.49	0.67	1.95	81.06	5.98	0	139	21	0	341
0.0584	0.0492783505154639	146.44	4.82	-0.61	0.12	6.67	-1.5	0.68	2	82.44	6	0	140.5	21	0	351
0.0592742268041237	0.0496907216494845	148.56	4.82	-0.61	0.12	6.78	-1.53	0.69	2.05	83.76	5.98	0	142	21.5	0	354
0.0600948453608248	0.0507216494845361	150.65	4.92	-0.61	0.11	6.86	-1.57	0.7	2.1	85.08	6	0	144	21	0	350
0.0609773195876289	0.0511340206185567	152.79	4.92	-0.61	0.12	6.94	-1.58	0.72	2.18	86.44	5.98	0	146	22	0	353
0.0619628865979381	0.0517525773195876	155.19	4.93	-0.61	0.12	7.03	-1.59	0.73	2.22	87.96	5.98	0	148	22.5	0	352
0.0627628865979381	0.0527835051546392	157.23	5.03	-0.61	0.12	7.11	-1.61	0.73	2.27	89.28	6	0	150	22	0	350
0.0631587628865979	0.0525773195876289	158.19	5.03	-0.61	0.12	7.15	-1.61	0.74	2.28	89.88	5.98	0	150	22.5	0	342
0.0636288659793814	0.0534020618556701	159.33	5.03	-0.6	0.12	7.17	-1.63	0.75	2.32	90.62	5.98	0	152	22.5	0	337
0.0640412371134021	0.0538144329896907	160.32	5.02	-0.61	0.12	7.2	-1.64	0.76	2.36	91.28	6	0	153	22.5	0	335
0.0644041237113402	0.0536082474226804	161.18	5	-0.61	0.12	7.23	-1.65	0.75	2.4	91.84	5.98	0	153	23	0	327
0.0647257731958763	0.0544329896907216	162.05	5.09	-0.61	0.12	7.25	-1.65	0.76	2.43	92.36	5.98	0	154.5	22.5	0	324
0.0651051546391753	0.0542268041237113	163.01	5.13	-0.6	0.13	7.28	-1.66	0.75	2.46	93	6	0	154.5	23	0	324
0.0659422680412371	0.0552577319587629	165.03	5.12	-0.61	0.12	7.36	-1.68	0.75	2.52	94.26	6	0	157.5	23.5	0	319
0.0665443298969072	0.0554639175257732	166.5	5.13	-0.61	0.13	7.44	-1.7	0.75	2.55	95.16	6	0	158.5	24	0	318
0.067059793814433	0.0556701030927835	167.85	5.23	-0.6	0.12	7.49	-1.71	0.78	2.59	96	6	0	159.5	24.5	0	313
0.0678185567010309	0.0567010309278351	169.69	5.23	-0.61	0.12	7.56	-1.72	0.79	2.63	97.06	6	0	161.5	24	0	305
0.068519587628866	0.0571134020618557	171.35	5.19	-0.62	0.11	7.62	-1.73	0.79	2.72	98.02	6	0	162.5	24	0	302
0.0690969072164948	0.0575257731958763	172.8	5.24	-0.61	0.11	7.65	-1.74	0.79	2.77	98.7	5.98	0	164	24.5	0	292
0.0695835051546392	0.0579381443298969	174.07	5.33	-0.61	0.11	7.69	-1.74	0.79	2.8	99.22	5.92	0	165	24.5	0	285
0.0699835051546392	0.0579381443298969	175.04	5.33	-0.61	0.1	7.73	-1.74	0.79	2.83	99.74	5.88	0	165.5	25	0	286
0.0704659793814433	0.0583505154639175	176.22	5.34	-0.61	0.12	7.78	-1.79	0.79	2.86	100.4	5.82	0	166.5	25	0	285
0.0709855670103093	0.0587628865979381	177.48	5.34	-0.61	0.12	7.83	-1.79	0.8	2.89	101.16	5.8	0	168	25.5	0	280
0.0715463917525773	0.0597938144329897	178.94	5.44	-0.61	0.12	7.88	-1.8	0.81	2.97	101.98	5.74	0	169.5	24.5	0	279
0.0719917525773196	0.0597938144329897	180.02	5.44	-0.61	0.13	7.91	-1.81	0.8	3	102.64	5.72	0	170	25	0	279
0.0727092783505155	0.0602061855670103	181.75	5.43	-0.62	0.12	7.97	-1.82	0.81	3.04	103.64	5.66	0	171	25	0	275
0.0732412371134021	0.0604123711340206	183.04	5.43	-0.62	0.12	8.01	-1.83	0.81	3.07	104.38	5.6	0	172.5	26	0	276
0.0740041237113402	0.0608247422680412	184.99	5.53	-0.62	0.11	8.1	-1.86	0.82	3.13	105.58	5.58	0	174	26.5	0	273
0.0746556701030928	0.0618556701030928	186.57	5.53	-0.61	0.11	8.17	-1.87	0.82	3.17	106.48	5.52	0	176.5	26.5	0	273
0.0758268041237113	0.062680412371134	189.41	5.53	-0.61	0.11	8.27	-1.88	0.82	3.27	108.16	5.46	0	178.5	26.5	0	269
0.0765443298969072	0.0630927835051546	191.25	5.63	-0.62	0.11	8.34	-1.9	0.83	3.32	109.36	5.42	0	180	27	0	275
0.0773237113402062	0.0639175257731959	193.14	5.63	-0.62	0.11	8.43	-1.9	0.83	3.37	110.5	5.42	0	182.5	27.5	0	278
0.0784536082474227	0.0643298969072165	195.88	5.63	-0.72	0.1	8.56	-1.94	0.83	3.42	112.1	5.4	0	183.5	27.5	0	279
0.0792659793814433	0.0649484536082474	197.96	5.74	-0.72	0.11	8.63	-1.95	0.85	3.51	113.2	5.38	0	185	27.5	0	280
0.0793030927835052	0.0647422680412371	198.05	5.74	-0.72	0.11	8.64	-2	0.84	3.5	113.22	5.3	0	185	28	0	268
0.0785360824742268	0.0645360824742268	196.19	5.74	-0.71	0.11	8.7	-2.01	0.84	3.48	112.08	5.22	0	184	27.5	0	235
0.0776412371134021	0.0637113402061856	194.02	5.74	-0.71	0.12	8.77	-2.01	0.85	3.44	110.84	5.16	0	181.5	27	0	224
0.0771917525773196	0.0639175257731959	192.94	5.75	-0.71	0.12	8.78	-2.01	0.85	3.42	110.16	5.16	0	181	26	0	220
0.076140206185567	0.0628865979381443	190.29	5.65	-0.71	0.12	8.74	-2.01	0.86	3.35	108.56	5.16	0	179	26.5	0	209
0.0752164948453608	0.0622680412371134	188.03	5.63	-0.72	0.12	8.65	-2.03	0.86	3.3	107.18	5.16	0	177	26	0	200
0.0739958762886598	0.0608247422680412	185.08	5.64	-0.72	0.1	8.52	-2.05	0.86	3.22	105.44	5.16	0	173	25.5	0	192
0.0730762886597938	0.0602061855670103	182.85	5.64	-0.71	0.12	8.44	-2.04	0.86	3.17	104.16	5.14	0	171	25	0	183
0.0721072164948454	0.0593814432989691	180.4	5.54	-0.71	0.13	8.25	-2.07	0.85	3.1	102.64	5.16	0	169	25	0	171
0.0709690721649485	0.0587628865979381	177.64	5.54	-0.7	0.12	8.1	-2.04	0.83	3.04	101	5.16	0	166.5	24	0	161
0.0699216494845361	0.0575257731958763	175.11	5.55	-0.71	0.11	7.95	-2.04	0.83	2.98	99.52	5.16	0	164.5	25	0	153
0.0687340206185567	0.0569072164948454	172.13	5.45	-0.71	0.13	7.78	-2.07	0.83	2.91	97.62	5.16	0	162	24	0	139
0.0676824742268041	0.0562886597938144	169.57	5.44	-0.64	0.12	7.63	-2.06	0.83	2.86	96.1	5.12	0	160	23.5	0	129
0.0667092783505155	0.0554639175257732	167.17	5.4	-0.61	0.12	7.5	-2.06	0.82	2.82	94.62	5.12	0	157.5	23	0	120
0.0655835051546392	0.054020618556701	164.37	5.33	-0.61	0.12	7.36	-2.04	0.82	2.74	93.06	5.1	0	154.5	23.5	0	112
0.0645484536082474	0.054020618556701	161.86	5.33	-0.61	0.12	7.2	-2.05	0.81	2.71	91.54	5.06	0	153	22	0	99
0.0636783505154639	0.0531958762886598	159.65	5.23	-0.63	0.11	7.09	-2.05	0.8	2.68	90.2	5.02	0	150.5	21.5	0	93
0.062639175257732	0.0523711340206186	157.13	5.23	-0.61	0.13	6.94	-2.05	0.79	2.64	88.7	4.98	0	148.5	21.5	0	83
0.0618020618556701	0.0515463917525773	155.1	5.23	-0.61	0.12	6.83	-2.05	0.79	2.62	87.5	4.94	0	146	21	0	76
0.0609649484536082	0.0507216494845361	152.98	5.14	-0.61	0.12	6.71	-2.05	0.78	2.6	86.28	4.82	0	144.5	21.5	0	69
0.0597814432989691	0.0498969072164948	150.1	5.13	-0.6	0.12	6.53	-2.06	0.77	2.59	84.74	4.72	0	141.5	20.5	0	58
0.0588494845360825	0.0488659793814433	147.73	5.02	-0.59	0.13	6.38	-2.05	0.77	2.55	83.48	4.64	0	139.5	21	0	50
0.0578350515463917	0.0482474226804124	145.28	5.03	-0.61	0.13	6.28	-2.06	0.75	2.54	82.24	4.48	0	136.5	19.5	0	44
0.0568701030927835	0.0474226804123711	142.91	5	-0.61	0.12	6.14	-2.05	0.75	2.55	81.24	4.16	0	135	20	0	35
0.0560371134020619	0.0461855670103093	140.77	4.88	-0.61	0.1	6.02	-2.06	0.75	2.55	80.64	3.44	0	131.5	19.5	0	29
0.0549649484536083	0.0457731958762887	138.21	4.92	-0.61	0.13	5.9	-2.05	0.74	2.46	80.7	1.82	0	130.5	19.5	0	37
0.0540164948453608	0.0449484536082474	135.82	4.83	-0.52	0.12	5.77	-2.05	0.73	2.48	79.74	1.56	0	128	19	0	16
0.0530350515463918	0.0441237113402062	133.43	4.82	-0.5	0.12	5.68	-2.06	0.73	2.62	78.58	1.54	0	126	19	0	8
0.0521525773195876	0.0432989690721649	131.19	4.72	-0.5	0.13	5.59	-2.06	0.73	2.77	77.52	1.52	0	124	19	0	3
0.0516865979381443	0.0430927835051546	130.03	4.69	-0.51	0.13	5.55	-2.05	0.73	2.86	76.98	1.52	0	123	18.5	0	1
0.0513154639175258	0.042680412371134	129.13	4.69	-0.51	0.12	5.51	-2.04	0.72	2.89	76.64	1.5	0	122.5	19	0	0
#変形角	gamma	gamma2															
