2.88659793814433e-05	2	0	0
0.000148453608247423	24	-0.000206185567010309	0
0.000395876288659794	56	0.000824742268041237	0
0.000820618556701031	86	0.000824742268041237	0
0.00120824742268041	120	0.00164948453608247	0
0.00190927835051546	177	0.00185567010309278	0
0.00225979381443299	206	0.00206185567010309	0
0.00241649484536082	210	0.0022680412371134	0
0.00256907216494845	215	0.00247422680412371	0
0.00296082474226804	259	0.00247422680412371	0
0.00340618556701031	292	0.00309278350515464	0
0.00374432989690722	316	0.00329896907216495	0
0.0042680412371134	350	0.00391752577319588	0
0.0046020618556701	369	0.00412371134020619	0
0.00504742268041237	397	0.0043298969072165	0
0.00530309278350515	410	0.00474226804123711	0
0.00581855670103093	411	0.00515463917525773	0
0.00648247422680412	466	0.00515463917525773	0
0.00712989690721649	495	0.00618556701030928	0
0.00761237113402062	515	0.0065979381443299	0
0.00795051546391752	535	0.00618556701030928	0
0.00831752577319588	554	0.00721649484536083	0
0.00874639175257732	578	0.00762886597938144	0
0.00921649484536082	602	0.00804123711340206	0
0.00975670103092783	610	0.00845360824742268	0
0.0104948453608247	654	0.0088659793814433	0
0.0111010309278351	696	0.00948453608247423	0
0.0115092783505155	718	0.00989690721649484	0
0.0117649484536082	729	0.00989690721649484	0
0.0123092783505155	749	0.0107216494845361	0
0.0126226804123711	761	0.0109278350515464	0
0.0129814432989691	778	0.0111340206185567	0
0.0132618556701031	792	0.0115463917525773	0
0.0136123711340206	806	0.0117525773195876	0
0.0138474226804124	816	0.0119587628865979	0
0.0140865979381443	825	0.0117525773195876	0
0.0143628865979381	838	0.0125773195876289	0
0.0146432989690722	856	0.0127835051546392	0
0.0148783505154639	868	0.0129896907216495	0
0.0151298969072165	882	0.0131958762886598	0
0.0153896907216495	898	0.0131958762886598	0
0.0156494845360825	910	0.0131958762886598	0
0.015901030927835	920	0.0136082474226804	0
0.0161690721649485	927	0.0138144329896907	0
