2.88659793814433e-05	2
0.000148453608247423	24
0.000395876288659794	56
0.000820618556701031	86
0.00120824742268041	120
0.00190927835051546	177
0.00225979381443299	206
0.00241649484536082	210
0.00256907216494845	215
0.00296082474226804	259
0.00340618556701031	292
0.00374432989690722	316
0.0042680412371134	350
0.0046020618556701	369
0.00504742268041237	397
0.00530309278350515	410
0.00581855670103093	411
0.00648247422680412	466
0.00712989690721649	495
0.00761237113402062	515
0.00795051546391752	535
0.00831752577319588	554
0.00874639175257732	578
0.00921649484536082	602
0.00975670103092783	610
0.0104948453608247	654
0.0111010309278351	696
0.0115092783505155	718
0.0117649484536082	729
0.0123092783505155	749
0.0126226804123711	761
0.0129814432989691	778
0.0132618556701031	792
0.0136123711340206	806
0.0138474226804124	816
0.0140865979381443	825
0.0143628865979381	838
0.0146432989690722	856
0.0148783505154639	868
0.0151298969072165	882
0.0153896907216495	898
0.0156494845360825	910
0.015901030927835	920
0.0161690721649485	927
