## NFILE T1 T2 CB1 CB2 P1 P2 RWALL1 RWALL2 XMAX1 XMAX2 GMAX1 GMAX2 YMAX1 YMAX2 CEMAX1 CEMAX2
 1    0.10548E+01    0.40365E+00    0.50000E-01    0.87424E-01    0.27518E+01    0.24296E+01    0.15099E+02    0.13331E+02    0.20000E+03    0.10754E+03    0.72728E+00    0.43014E+00    0.24367E+03    0.20610E+03    0.14314E+03    0.35770E+02
 2    0.74898E+00    0.28831E+00    0.10000E+00    0.16995E+00    0.55037E+01    0.47231E+01    0.30199E+02    0.25915E+02    0.15124E+02    0.45099E+01    0.54997E-01    0.18040E-01    0.79815E+02    0.28990E+02    0.38642E+03    0.80754E+02
 3    0.61327E+00    0.23697E+00    0.15000E+00    0.25014E+00    0.82555E+01    0.69517E+01    0.45298E+02    0.38144E+02    0.16269E+02    0.46000E+01    0.59160E-01    0.18400E-01    0.82047E+02    0.29996E+02    0.51168E+03    0.10931E+03
 4    0.53227E+00    0.20626E+00    0.20000E+00    0.32877E+00    0.11007E+02    0.91368E+01    0.60397E+02    0.50133E+02    0.12461E+02    0.45023E+01    0.45312E-01    0.18009E-01    0.80939E+02    0.33263E+02    0.68559E+03    0.15319E+03
 5    0.43598E+00    0.16961E+00    0.30000E+00    0.48309E+00    0.16511E+02    0.13426E+02    0.90596E+02    0.73665E+02    0.17936E+02    0.56692E+01    0.65221E-01    0.22677E-01    0.95196E+02    0.31965E+02    0.95733E+03    0.17016E+03
 6    0.37852E+00    0.14770E+00    0.40000E+00    0.63385E+00    0.22015E+02    0.17615E+02    0.12079E+03    0.96654E+02    0.15437E+02    0.13197E+02    0.56136E-01    0.52789E-01    0.97881E+02    0.51432E+02    0.10634E+04    0.27347E+03
 7    0.33924E+00    0.13268E+00    0.50000E+00    0.78226E+00    0.27518E+02    0.21740E+02    0.15099E+03    0.11929E+03    0.16518E+02    0.42398E+01    0.60067E-01    0.16959E-01    0.88540E+02    0.26337E+02    0.12316E+04    0.17629E+03
 8    0.31021E+00    0.12156E+00    0.60000E+00    0.92884E+00    0.33022E+02    0.25813E+02    0.18119E+03    0.14164E+03    0.19539E+02    0.65135E+01    0.71052E-01    0.26054E-01    0.72935E+02    0.26158E+02    0.10534E+04    0.22497E+03
 9    0.28762E+00    0.11288E+00    0.70000E+00    0.10739E+01    0.38526E+02    0.29846E+02    0.21139E+03    0.16376E+03    0.19571E+02    0.18434E+01    0.71168E-01    0.73734E-02    0.74844E+02    0.22966E+02    0.11652E+04    0.59621E+02
10    0.26939E+00    0.10587E+00    0.80000E+00    0.12178E+01    0.44030E+02    0.33844E+02    0.24159E+03    0.18570E+03    0.15865E+02    0.17010E+01    0.57691E-01    0.68041E-02    0.64552E+02    0.20793E+02    0.11149E+04    0.65511E+02
11    0.25427E+00    0.10005E+00    0.90000E+00    0.13606E+01    0.49533E+02    0.37813E+02    0.27179E+03    0.20748E+03    0.72585E+01    0.15141E+01    0.26395E-01    0.60566E-02    0.42708E+02    0.22346E+02    0.85447E+03    0.10892E+03
12    0.24147E+00    0.95110E-01    0.10000E+01    0.15025E+01    0.55037E+02    0.41756E+02    0.30199E+03    0.22911E+03    0.54655E+01    0.13107E+01    0.19875E-01    0.52429E-02    0.37977E+02    0.20306E+02    0.68888E+03    0.84354E+02
