## NFILE T1 T2 CB1 CB2 P1 P2 RWALL1 RWALL2 XMAX1 XMAX2 GMAX1 GMAX2 YMAX1 YMAX2 CEMAX1 CEMAX2
 1    0.10187E+01    0.44212E+00    0.50000E-01    0.96827E-01    0.14185E+01    0.10617E+01    0.77833E+01    0.58257E+01    0.20002E+03    0.61429E+02    0.72734E+00    0.24572E+00    0.23745E+03    0.14022E+03    0.88269E+02    0.14077E+02
 2    0.72341E+00    0.31686E+00    0.10000E+00    0.18692E+00    0.28370E+01    0.20496E+01    0.15567E+02    0.11246E+02    0.20002E+03    0.16492E+02    0.72734E+00    0.65966E-01    0.18223E+03    0.31243E+02    0.15657E+03    0.36590E+02
 3    0.59240E+00    0.26102E+00    0.15000E+00    0.27383E+00    0.42555E+01    0.30026E+01    0.23350E+02    0.16475E+02    0.21208E+02    0.60534E+01    0.77120E-01    0.24214E-01    0.84512E+02    0.29282E+02    0.29478E+03    0.50810E+02
 4    0.51420E+00    0.22757E+00    0.20000E+00    0.35862E+00    0.56740E+01    0.39323E+01    0.31133E+02    0.21576E+02    0.14139E+02    0.51851E+01    0.51415E-01    0.20740E-01    0.86120E+02    0.29255E+02    0.33570E+03    0.46366E+02
 5    0.42126E+00    0.18759E+00    0.30000E+00    0.52421E+00    0.85110E+01    0.57481E+01    0.46700E+02    0.31539E+02    0.20997E+02    0.32375E+01    0.76354E-01    0.12950E-01    0.10035E+03    0.28770E+02    0.53201E+03    0.46431E+02
 6    0.36580E+00    0.16366E+00    0.40000E+00    0.68499E+00    0.11348E+02    0.75111E+01    0.62266E+02    0.41213E+02    0.18190E+02    0.11801E+02    0.66146E-01    0.47202E-01    0.10149E+03    0.45064E+02    0.59047E+03    0.10288E+03
 7    0.32790E+00    0.14724E+00    0.50000E+00    0.84262E+00    0.14185E+02    0.92394E+01    0.77833E+02    0.50696E+02    0.15917E+02    0.11903E+02    0.57882E-01    0.47612E-01    0.82233E+02    0.49840E+02    0.60296E+03    0.11489E+03
 8    0.29988E+00    0.13506E+00    0.60000E+00    0.99785E+00    0.17022E+02    0.10942E+02    0.93400E+02    0.60036E+02    0.23474E+02    0.19313E+01    0.85360E-01    0.77252E-02    0.82618E+02    0.22664E+02    0.62049E+03    0.20200E+02
 9    0.27808E+00    0.12555E+00    0.70000E+00    0.11510E+01    0.19859E+02    0.12621E+02    0.10897E+03    0.69249E+02    0.20089E+02    0.17065E+01    0.73050E-01    0.68262E-02    0.74238E+02    0.20278E+02    0.60803E+03    0.21308E+02
10    0.26048E+00    0.11786E+00    0.80000E+00    0.13025E+01    0.22696E+02    0.14282E+02    0.12453E+03    0.78365E+02    0.16053E+02    0.15700E+01    0.58374E-01    0.62802E-02    0.63983E+02    0.17900E+02    0.57654E+03    0.23784E+02
11    0.24589E+00    0.11146E+00    0.90000E+00    0.14526E+01    0.25533E+02    0.15928E+02    0.14010E+03    0.87396E+02    0.70390E+01    0.14270E+01    0.25596E-01    0.57081E-02    0.42207E+02    0.17809E+02    0.38296E+03    0.39250E+02
12    0.23354E+00    0.10604E+00    0.10000E+01    0.16015E+01    0.28370E+02    0.17560E+02    0.15567E+03    0.96354E+02    0.31720E+01    0.17705E+01    0.11535E-01    0.70821E-02    0.42389E+02    0.22766E+02    0.29860E+03    0.58803E+02
