## NFILE T1 T2 CB1 CB2 P1 P2 RWALL1 RWALL2 XMAX1 XMAX2 GMAX1 GMAX2 YMAX1 YMAX2 CEMAX1 CEMAX2
 1    0.10329E+01    0.42803E+00    0.50000E-01    0.92852E-01    0.17682E+01    0.14222E+01    0.97022E+01    0.78035E+01    0.20006E+03    0.70607E+02    0.72750E+00    0.28243E+00    0.23142E+03    0.14958E+03    0.10738E+03    0.20074E+02
 2    0.73350E+00    0.30633E+00    0.10000E+00    0.17975E+00    0.35365E+01    0.27532E+01    0.19404E+02    0.15107E+02    0.14318E+02    0.40653E+01    0.52067E-01    0.16261E-01    0.81418E+02    0.27728E+02    0.25772E+03    0.41244E+02
 3    0.60065E+00    0.25211E+00    0.15000E+00    0.26383E+00    0.53047E+01    0.40411E+01    0.29107E+02    0.22173E+02    0.24127E+02    0.42316E+01    0.87734E-01    0.16927E-01    0.85387E+02    0.30553E+02    0.37528E+03    0.64234E+02
 4    0.52136E+00    0.21964E+00    0.20000E+00    0.34603E+00    0.70729E+01    0.53000E+01    0.38809E+02    0.29081E+02    0.13289E+02    0.42223E+01    0.48323E-01    0.16889E-01    0.83929E+02    0.31249E+02    0.46228E+03    0.75697E+02
 5    0.42711E+00    0.18087E+00    0.30000E+00    0.50689E+00    0.10609E+02    0.77638E+01    0.58213E+02    0.42600E+02    0.20001E+02    0.50317E+01    0.72732E-01    0.20127E-01    0.79250E+02    0.33576E+02    0.57649E+03    0.73142E+02
 6    0.37087E+00    0.15767E+00    0.40000E+00    0.66346E+00    0.14146E+02    0.10162E+02    0.77618E+02    0.55758E+02    0.22068E+02    0.79085E+01    0.80249E-01    0.31634E-01    0.10005E+03    0.30161E+02    0.71998E+03    0.11355E+03
 7    0.33243E+00    0.14176E+00    0.50000E+00    0.81721E+00    0.17682E+02    0.12517E+02    0.97022E+02    0.68680E+02    0.23917E+02    0.71008E+01    0.86971E-01    0.28403E-01    0.87685E+02    0.26849E+02    0.72773E+03    0.11995E+03
 8    0.30401E+00    0.12997E+00    0.60000E+00    0.96878E+00    0.21219E+02    0.14838E+02    0.11643E+03    0.81418E+02    0.22986E+02    0.20023E+01    0.83584E-01    0.80093E-02    0.81950E+02    0.23868E+02    0.76842E+03    0.29723E+02
 9    0.28190E+00    0.12077E+00    0.70000E+00    0.11186E+01    0.24755E+02    0.17133E+02    0.13583E+03    0.94007E+02    0.19894E+02    0.17616E+01    0.72343E-01    0.70463E-02    0.74523E+02    0.21383E+02    0.75376E+03    0.31072E+02
10    0.26405E+00    0.11332E+00    0.80000E+00    0.12669E+01    0.28292E+02    0.19404E+02    0.15524E+03    0.10647E+03    0.15973E+02    0.16280E+01    0.58082E-01    0.65121E-02    0.64216E+02    0.19132E+02    0.71799E+03    0.34371E+02
11    0.24925E+00    0.10714E+00    0.90000E+00    0.14139E+01    0.31828E+02    0.21657E+02    0.17464E+03    0.11883E+03    0.71207E+01    0.14536E+01    0.25894E-01    0.58143E-02    0.42360E+02    0.22419E+02    0.53678E+03    0.58240E+02
12    0.23672E+00    0.10189E+00    0.10000E+01    0.15599E+01    0.35365E+02    0.23892E+02    0.19404E+03    0.13109E+03    0.31356E+01    0.17972E+01    0.11402E-01    0.71887E-02    0.42487E+02    0.22420E+02    0.37182E+03    0.83047E+02
