## NFILE T1 T2 CB1 CB2 P1 P2 RWALL1 RWALL2 XMAX1 XMAX2 GMAX1 GMAX2 YMAX1 YMAX2 CEMAX1 CEMAX2
 1    0.85493E+00    0.36973E+00    0.50000E-01    0.76052E-01    0.17682E+01    0.11649E+01    0.97022E+01    0.63916E+01    0.20002E+03    0.22653E+02    0.72733E+00    0.90610E-01    0.18642E+03    0.52674E+02    0.18397E+03    0.55031E+02
 2    0.60801E+00    0.26462E+00    0.10000E+00    0.14678E+00    0.35365E+01    0.22481E+01    0.19404E+02    0.12335E+02    0.11113E+02    0.71745E+01    0.40410E-01    0.28698E-01    0.78922E+02    0.32528E+02    0.33025E+03    0.10146E+03
 3    0.49836E+00    0.21775E+00    0.15000E+00    0.21509E+00    0.53047E+01    0.32945E+01    0.29107E+02    0.18077E+02    0.10172E+02    0.65045E+01    0.36989E-01    0.26018E-01    0.74808E+02    0.39359E+02    0.44215E+03    0.14532E+03
 4    0.43279E+00    0.18960E+00    0.20000E+00    0.28213E+00    0.70729E+01    0.43213E+01    0.38809E+02    0.23711E+02    0.96396E+01    0.75201E+01    0.35053E-01    0.30080E-01    0.79620E+02    0.39153E+02    0.53701E+03    0.17945E+03
 5    0.35497E+00    0.15614E+00    0.30000E+00    0.41227E+00    0.10609E+02    0.63147E+01    0.58213E+02    0.34648E+02    0.12916E+02    0.77517E+01    0.46969E-01    0.31007E-01    0.81176E+02    0.36611E+02    0.68793E+03    0.20933E+03
 6    0.30845E+00    0.13606E+00    0.40000E+00    0.53929E+00    0.14146E+02    0.82601E+01    0.77618E+02    0.45323E+02    0.11475E+02    0.84317E+01    0.41726E-01    0.33727E-01    0.68253E+02    0.35350E+02    0.67912E+03    0.21491E+03
 7    0.27663E+00    0.12229E+00    0.50000E+00    0.66405E+00    0.17682E+02    0.10171E+02    0.97022E+02    0.55808E+02    0.10989E+02    0.48390E+01    0.39959E-01    0.19356E-01    0.55193E+02    0.22975E+02    0.62943E+03    0.16291E+03
 8    0.25309E+00    0.11207E+00    0.60000E+00    0.78710E+00    0.21219E+02    0.12056E+02    0.11643E+03    0.66149E+02    0.84029E+01    0.47453E+01    0.30556E-01    0.18981E-01    0.42940E+02    0.22593E+02    0.54583E+03    0.16569E+03
 9    0.23477E+00    0.10410E+00    0.70000E+00    0.90875E+00    0.24755E+02    0.13919E+02    0.13583E+03    0.76374E+02    0.63619E+01    0.20455E+01    0.23134E-01    0.81820E-02    0.33621E+02    0.22041E+02    0.49676E+03    0.11085E+03
10    0.21997E+00    0.97655E-01    0.80000E+00    0.10293E+01    0.28292E+02    0.15765E+02    0.15524E+03    0.86502E+02    0.30808E+01    0.19128E+01    0.11203E-01    0.76510E-02    0.29660E+02    0.21270E+02    0.36909E+03    0.10342E+03
11    0.20770E+00    0.92298E-01    0.90000E+00    0.11488E+01    0.31828E+02    0.17596E+02    0.17464E+03    0.96548E+02    0.21534E+01    0.15336E+01    0.78305E-02    0.61343E-02    0.22613E+02    0.21390E+02    0.26075E+03    0.83458E+02
12    0.19724E+00    0.87716E-01    0.10000E+01    0.12693E+01    0.35365E+02    0.19441E+02    0.19404E+03    0.10667E+03    0.17347E+01    0.11747E+01    0.63081E-02    0.46989E-02    0.19284E+02    0.19594E+02    0.19127E+03    0.51740E+02
