## NFILE T1 T2 CB1 CB2 P1 P2 RWALL1 RWALL2 XMAX1 XMAX2 GMAX1 GMAX2 YMAX1 YMAX2 CEMAX1 CEMAX2
 1    0.10596E+01    0.45658E+00    0.50000E-01    0.77545E-01    0.15351E+01    0.10312E+01    0.84232E+01    0.56579E+01    0.20000E+03    0.15472E+03    0.72729E+00    0.61886E+00    0.28021E+03    0.29462E+03    0.85353E+02    0.18824E+02
 2    0.75304E+00    0.32641E+00    0.10000E+00    0.15020E+00    0.30702E+01    0.19973E+01    0.16846E+02    0.10959E+02    0.16332E+02    0.73675E+01    0.59390E-01    0.29470E-01    0.84199E+02    0.35556E+02    0.22597E+03    0.57505E+02
 3    0.61699E+00    0.26845E+00    0.15000E+00    0.22053E+00    0.46054E+01    0.29324E+01    0.25269E+02    0.16090E+02    0.18329E+02    0.81478E+01    0.66651E-01    0.32591E-01    0.87472E+02    0.40103E+02    0.32576E+03    0.92559E+02
 4    0.53576E+00    0.23376E+00    0.20000E+00    0.28929E+00    0.61405E+01    0.38468E+01    0.33693E+02    0.21107E+02    0.13119E+02    0.10582E+02    0.47706E-01    0.42329E-01    0.84541E+02    0.41660E+02    0.39720E+03    0.12356E+03
 5    0.43915E+00    0.19234E+00    0.30000E+00    0.42400E+00    0.92107E+01    0.56380E+01    0.50539E+02    0.30936E+02    0.16283E+02    0.88663E+01    0.59213E-01    0.35465E-01    0.95459E+02    0.46622E+02    0.52627E+03    0.16841E+03
 6    0.38152E+00    0.16758E+00    0.40000E+00    0.55503E+00    0.12281E+02    0.73805E+01    0.67385E+02    0.40496E+02    0.15062E+02    0.69881E+01    0.54769E-01    0.27952E-01    0.87749E+02    0.52969E+02    0.57729E+03    0.18226E+03
 7    0.34211E+00    0.15060E+00    0.50000E+00    0.68371E+00    0.15351E+02    0.90915E+01    0.84232E+02    0.49885E+02    0.18313E+02    0.71149E+01    0.66593E-01    0.28460E-01    0.96807E+02    0.34918E+02    0.74536E+03    0.17311E+03
 8    0.31297E+00    0.13802E+00    0.60000E+00    0.81055E+00    0.18421E+02    0.10778E+02    0.10108E+03    0.59140E+02    0.24410E+02    0.56560E+01    0.88765E-01    0.22624E-01    0.92973E+02    0.30814E+02    0.68870E+03    0.13054E+03
 9    0.29029E+00    0.12821E+00    0.70000E+00    0.93590E+00    0.21492E+02    0.12445E+02    0.11792E+03    0.68285E+02    0.19698E+02    0.93377E+01    0.71629E-01    0.37351E-01    0.74579E+02    0.34185E+02    0.63629E+03    0.18372E+03
10    0.27199E+00    0.12028E+00    0.80000E+00    0.10600E+01    0.24562E+02    0.14095E+02    0.13477E+03    0.77340E+02    0.16551E+02    0.81765E+01    0.60184E-01    0.32706E-01    0.66692E+02    0.31020E+02    0.60722E+03    0.18168E+03
11    0.25680E+00    0.11368E+00    0.90000E+00    0.11830E+01    0.27632E+02    0.15731E+02    0.15162E+03    0.86317E+02    0.15460E+02    0.20138E+01    0.56220E-01    0.80554E-02    0.63750E+02    0.25458E+02    0.68320E+03    0.49978E+02
12    0.24394E+00    0.10809E+00    0.10000E+01    0.13051E+01    0.30702E+02    0.17355E+02    0.16846E+03    0.95226E+02    0.67610E+01    0.17578E+01    0.24585E-01    0.70314E-02    0.41451E+02    0.27870E+02    0.48451E+03    0.68336E+02
