4.12371134020619e-06	1	0	0
0.000482474226804124	16	2.06185567010309e-05	23
0.00144329896907216	44	0.000103092783505155	85
0.00228453608247423	75	0.000164948453608247	150
0.00347628865979381	103	0.000247422680412371	228
0.00452783505154639	126	0.000371134020618557	288
0.00552989690721649	152	0.00045360824742268	358
0.00664742268041237	182	0.000536082474226804	435
0.0073979381443299	201	0.000618556701030928	488
0.00840824742268041	215	0.000721649484536082	538
0.00920412371134021	236	0.000804123711340206	585
0.0101896907216495	252	0.00088659793814433	630
0.0113773195876289	271	0.00103092783505155	680
0.012259793814433	284	0.00107216494845361	713
0.0134639175257732	300	0.00115463917525773	753
0.0152659793814433	326	0.00127835051546392	813
0.0168948453608247	343	0.00142268041237113	858
0.0176123711340206	355	0.00150515463917526	883
0.0185979381443299	368	0.00154639175257732	913
0.0196577319587629	377	0.00167010309278351	903
0.020680412371134	383	0.00175257731958763	958
0.0217649484536082	397	0.00185567010309278	985
0.0225814432989691	402	0.00191752577319588	1003
0.0240041237113402	413	0.00206185567010309	1025
0.0246762886597938	419	0.00212371134020619	1043
0.025579381443299	431	0.00216494845360825	1063
0.0265731958762887	438	0.00228865979381443	1083
0.0274886597938144	449	0.00232989690721649	1105
0.0283175257731959	456	0.00239175257731959	1125
0.0294268041237113	470	0.00247422680412371	1163
0.0304907216494845	480	0.0025979381443299	1195
0.031480412371134	490	0.00265979381443299	1223
0.0322432989690722	500	0.00272164948453608	1245
0.032919587628866	505	0.00278350515463918	1255
0.0343546391752577	510	0.00292783505154639	1273
0.0350721649484536	514	0.00301030927835052	1280
0.0360742268041237	519	0.00307216494845361	1295
0.0368288659793814	523	0.00311340206185567	1300
0.0376536082474227	526	0.00317525773195876	1295
0.0383010309278351	532	0.00323711340206186	1310
0.0391463917525773	537	0.00329896907216495	1320
