4.12371134020619e-06	1
0.000482474226804124	16
0.00144329896907216	44
0.00228453608247423	75
0.00347628865979381	103
0.00452783505154639	126
0.00552989690721649	152
0.00664742268041237	182
0.0073979381443299	201
0.00840824742268041	215
0.00920412371134021	236
0.0101896907216495	252
0.0113773195876289	271
0.012259793814433	284
0.0134639175257732	300
0.0152659793814433	326
0.0168948453608247	343
0.0176123711340206	355
0.0185979381443299	368
0.0196577319587629	377
0.020680412371134	383
0.0217649484536082	397
0.0225814432989691	402
0.0240041237113402	413
0.0246762886597938	419
0.025579381443299	431
0.0265731958762887	438
0.0274886597938144	449
0.0283175257731959	456
0.0294268041237113	470
0.0304907216494845	480
0.031480412371134	490
0.0322432989690722	500
0.032919587628866	505
0.0343546391752577	510
0.0350721649484536	514
0.0360742268041237	519
0.0368288659793814	523
0.0376536082474227	526
0.0383010309278351	532
0.0391463917525773	537
