#変形角	gamma	gamma2	変位計1	変位計2	変位計3	変位計4	変位計5	変位計6	変位計7	変位計8	変位計9	変位計10	変位計11	変位計12	変位計13	荷重14	荷重0
4.12371134020619e-05	0.000412371134020619	0.08	-0.02	-0.04	-0.03	-0.01	-0.02	0.02	0	0.02	-0.02	0.26	1.5	0.5	5	5
0.00296494845360825	0.00247422680412371	7.38	0.19	-0.03	-0.01	0.22	-0.02	0.14	0.06	0.04	0	2.34	7	1	5	25
0.00295670103092783	0.00329896907216495	7.37	0.2	-0.03	-0.03	0.21	-0.03	0.15	0.07	0.06	0	2.68	9	1	13	25
0.00592577319587629	0.00577319587628866	14.78	0.41	-0.04	-0.04	0.37	-0.05	0.17	0.2	0.08	0.06	4.8	16	2	18	42
0.00715463917525773	0.00618556701030928	17.86	0.51	-0.04	-0.02	0.42	-0.06	0.16	0.24	0.1	0.12	5.72	19	4	18	48
0.00843298969072165	0.00762886597938144	20.96	0.51	-0.04	-0.04	0.48	-0.06	0.17	0.29	0.14	0.16	6.64	22	3.5	40	57
0.00917525773195876	0.00762886597938144	22.86	0.61	-0.05	-0.04	0.51	-0.07	0.16	0.32	0.24	0.34	7.08	24	5.5	68	69
0.00998762886597938	0.00865979381443299	24.85	0.63	-0.04	-0.06	0.55	-0.06	0.14	0.35	0.4	0.54	7.66	26	5	105	84
0.0108041237113402	0.00989690721649484	26.95	0.75	0	-0.04	0.61	-0.05	0.13	0.39	0.56	0.7	8.18	28	4	150	101
0.0110020618556701	0.0101030927835052	27.43	0.75	-0.01	-0.01	0.61	-0.05	0.12	0.4	0.56	0.72	8.36	28	3.5	135	97
0.0103463917525773	0.00927835051546392	25.8	0.71	-0.05	-0.05	0.55	-0.07	0.11	0.38	0.4	0.62	7.58	26.5	4	65	67
0.00960824742268041	0.0088659793814433	23.99	0.69	-0.06	-0.04	0.49	-0.08	0.1	0.35	0.3	0.42	7.32	25	3.5	10	42
0.00874226804123711	0.00783505154639175	21.91	0.71	-0.05	-0.06	0.41	-0.07	0.08	0.32	0.16	0.36	6.74	22	3	0	34
0.00801649484536082	0.00721649484536083	20.08	0.64	-0.01	0	0.37	-0.06	0.07	0.29	0.1	0.38	6.44	19.5	2	0	29
0.00717938144329897	0.0065979381443299	18.02	0.61	-0.02	0.01	0.31	-0.06	0.07	0.26	0	0.36	5.74	17.5	1.5	0	23
0.00637938144329897	0.00556701030927835	16.11	0.64	0.01	0	0.25	-0.05	0.05	0.24	-0.08	0.36	5.1	16	2.5	-3	20
0.00559587628865979	0.00556701030927835	14.11	0.54	0	0	0.19	-0.06	0.02	0.19	-0.18	0.34	4.44	14.5	1	-5	13
0.00477938144329897	0.00391752577319588	12.1	0.51	-0.04	-0.05	0.1	-0.06	-0.01	0.15	-0.28	0.3	3.8	12.5	3	-13	10
0.00401237113402062	0.00350515463917526	10.13	0.4	-0.05	-0.04	0.04	-0.07	-0.05	0.1	-0.38	0.28	3.12	11.5	3	-8	7
0.00330309278350515	0.00329896907216495	8.41	0.4	-0.06	-0.05	-0.02	-0.08	-0.07	0.07	-0.38	0.26	2.72	10	2	-10	3
0.00268453608247423	0.00206185567010309	6.8	0.29	-0.06	-0.05	-0.08	-0.08	-0.09	0.05	-0.44	0.26	2.16	7.5	2.5	-13	2
0.00245360824742268	0.00185567010309278	6.24	0.29	-0.06	-0.07	-0.08	-0.07	-0.09	0.03	-0.46	0.24	2.02	7.5	3	-13	-1
0.00221443298969072	0.00268041237113402	5.67	0.3	-0.02	-0.01	-0.08	-0.05	-0.1	0.05	-0.44	0.3	1.86	6.5	0	-3	3
0.00256494845360825	0.00309278350515464	6.52	0.3	-0.03	-0.02	-0.05	-0.04	-0.09	0.05	-0.38	0.3	2.04	8	0.5	5	12
0.00330721649484536	0.00391752577319588	8.32	0.3	0.01	-0.01	0.03	-0.05	-0.04	0.06	-0.34	0.3	2.64	9.5	0	5	18
0.00408659793814433	0.00329896907216495	10.32	0.41	-0.03	-0.04	0.11	-0.04	0.02	0.08	-0.26	0.28	3.28	11.5	3.5	3	24
0.0048659793814433	0.0045360824742268	12.21	0.41	-0.04	-0.05	0.2	-0.05	0.07	0.11	-0.16	0.26	3.84	14.5	3.5	5	28
0.00565360824742268	0.00474226804123711	14.11	0.4	-0.05	-0.05	0.26	-0.05	0.09	0.15	-0.12	0.24	4.5	15.5	4	8	32
0.00639587628865979	0.00556701030927835	16.01	0.5	-0.04	-0.04	0.32	-0.06	0.1	0.18	-0.08	0.26	5.1	17.5	4	8	37
0.00719587628865979	0.00680412371134021	18	0.55	0	-0.02	0.39	-0.04	0.1	0.23	-0.02	0.28	5.82	19	2.5	13	41
0.00803298969072165	0.00742268041237113	20.09	0.61	-0.05	-0.02	0.43	-0.05	0.1	0.25	0.02	0.28	6.52	21	3	20	47
0.00885360824742268	0.00824742268041237	22.07	0.6	-0.04	-0.01	0.48	-0.05	0.1	0.28	0.1	0.36	7.02	23	3	43	58
0.00958762886597938	0.00907216494845361	24	0.75	0	0.01	0.53	-0.05	0.1	0.31	0.26	0.48	7.46	25	3	80	69
0.0103298969072165	0.00948453608247423	25.8	0.75	0.01	-0.04	0.56	-0.05	0.09	0.34	0.38	0.64	8.06	26.5	3.5	128	89
0.0110762886597938	0.0101030927835052	27.61	0.75	0	-0.03	0.61	-0.05	0.1	0.38	0.56	0.8	8.12	28.5	4	185	110
0.0118144329896907	0.0103092783505155	29.51	0.86	-0.04	-0.06	0.66	-0.06	0.1	0.4	0.68	0.94	8.16	31	6	230	132
0.0126144329896907	0.0111340206185567	31.38	0.79	-0.07	-0.05	0.7	-0.07	0.1	0.43	0.84	1.12	8.32	32.5	5.5	278	148
0.0132948453608247	0.0121649484536082	33.14	0.9	0	-0.03	0.75	-0.05	0.09	0.46	1	1.34	8.58	34	4.5	323	163
0.0141360824742268	0.0127835051546392	35.24	0.96	0	0	0.82	-0.06	0.08	0.47	1.18	1.58	8.74	36	5	373	183
0.0148412371134021	0.0134020618556701	36.96	0.97	0	-0.03	0.86	-0.06	0.09	0.51	1.36	1.8	8.84	38	5.5	415	198
0.015080412371134	0.0134020618556701	37.63	1.06	0	-0.04	0.87	-0.06	0.09	0.53	1.44	1.88	8.88	38	5.5	413	205
0.0151216494845361	0.0136082474226804	37.73	1.06	-0.01	0.01	0.88	-0.07	0.08	0.52	1.48	1.9	9.2	37.5	4.5	378	188
0.0144907216494845	0.0134020618556701	36.2	1.06	-0.01	0.01	0.81	-0.07	0.07	0.52	1.4	1.76	9.2	36.5	4	255	144
0.0136247422680412	0.0123711340206186	34.1	1.06	0.01	-0.03	0.71	-0.05	0.05	0.48	1.22	1.5	8.98	34	4	148	101
0.0128	0.0117525773195876	32.1	1.06	-0.02	-0.01	0.66	-0.05	0.04	0.46	1.02	1.28	8.94	32	3.5	80	73
0.0120412371134021	0.0107216494845361	30.19	0.99	0	-0.01	0.6	-0.05	0.03	0.42	0.82	1.18	8.06	30.5	4.5	45	56
0.0112247422680412	0.0103092783505155	28.18	0.96	-0.04	-0.01	0.55	-0.06	0.02	0.38	0.58	0.98	7.84	28	3	13	41
0.0104	0.00969072164948454	26.18	0.96	0.01	-0.01	0.52	-0.05	0.01	0.35	0.48	0.9	7.5	26	2.5	5	33
0.00958762886597938	0.00865979381443299	24.08	0.83	-0.02	-0.03	0.49	-0.04	0.01	0.33	0.36	0.84	6.78	24	3	0	28
0.00876701030927835	0.00824742268041237	22.08	0.82	-0.05	-0.04	0.45	-0.05	0.01	0.29	0.26	0.8	6.28	22.5	2.5	0	26
0.00791340206185567	0.00701030927835052	20.01	0.82	-0.05	-0.05	0.42	-0.06	0.01	0.28	0.14	0.78	5.66	21	4	-5	20
0.00707216494845361	0.0065979381443299	17.91	0.76	-0.04	-0.06	0.36	-0.06	0.01	0.24	0	0.76	5.08	19	3	-5	16
0.00615670103092784	0.00556701030927835	15.63	0.7	-0.06	-0.05	0.3	-0.07	-0.02	0.19	-0.16	0.7	4.5	17	3.5	-8	13
0.00536907216494845	0.00515463917525773	13.64	0.62	-0.05	-0.05	0.23	-0.06	-0.04	0.16	-0.18	0.72	3.82	14.5	2	-5	9
0.00448659793814433	0.0045360824742268	11.45	0.57	-0.02	-0.01	0.14	-0.05	-0.07	0.12	-0.3	0.72	3.24	12	1	-8	7
0.00341443298969072	0.00371134020618557	8.78	0.5	-0.05	-0.04	0.02	-0.06	-0.08	0.07	-0.4	0.66	2.56	10.5	1.5	-10	2
0.00342680412371134	0.00329896907216495	8.8	0.49	-0.05	-0.04	0.01	-0.07	-0.09	0.07	-0.38	0.64	2.58	10	2	-10	4
0.00341030927835052	0.00288659793814433	8.79	0.52	-0.03	-0.06	0.02	-0.06	-0.09	0.06	-0.4	0.66	2.56	9.5	2.5	-5	5
0.0037319587628866	0.00329896907216495	9.55	0.5	-0.04	-0.04	0.04	-0.06	-0.08	0.07	-0.36	0.66	2.72	11	3	5	16
0.00454020618556701	0.0045360824742268	11.55	0.54	-0.03	-0.02	0.13	-0.06	-0.03	0.08	-0.26	0.68	3.4	12.5	1.5	3	21
0.00536907216494845	0.00494845360824742	13.54	0.52	-0.04	-0.02	0.22	-0.05	0.03	0.11	-0.2	0.66	4.02	15	3	3	25
0.00611546391752577	0.00618556701030928	15.44	0.61	-0.04	-0.01	0.28	-0.06	0.05	0.16	-0.12	0.66	4.68	17	2	8	32
0.0069319587628866	0.00639175257731959	17.43	0.62	-0.03	-0.02	0.36	-0.06	0.05	0.18	-0.06	0.66	5.36	18.5	3	5	33
0.00771546391752577	0.00680412371134021	19.33	0.62	-0.03	-0.04	0.4	-0.06	0.05	0.22	0.04	0.66	5.86	20.5	4	8	37
0.00845773195876289	0.00804123711340206	21.23	0.72	-0.03	-0.03	0.46	-0.05	0.05	0.23	0.02	0.64	6.44	22.5	3	15	43
0.00927835051546392	0.00804123711340206	23.23	0.73	-0.03	-0.03	0.5	-0.06	0.05	0.26	0.14	0.66	7.04	24.5	5	15	47
0.0100659793814433	0.00927835051546392	25.23	0.82	-0.04	-0.02	0.54	-0.05	0.05	0.3	0.22	0.7	7.58	26	3.5	38	55
0.0108494845360825	0.0103092783505155	27.14	0.83	-0.02	0	0.59	-0.06	0.05	0.33	0.42	0.88	7.96	28.5	3.5	73	69
0.0116824742268041	0.0107216494845361	29.16	0.83	-0.06	-0.05	0.61	-0.06	0.03	0.36	0.62	0.98	8.36	30.5	4.5	115	86
0.0124247422680412	0.0109278350515464	31.04	0.91	-0.05	-0.04	0.67	-0.06	0.04	0.39	0.82	1.12	8.56	32.5	6	165	105
0.0132123711340206	0.011340206185567	32.95	0.91	-0.05	-0.03	0.71	-0.07	0.04	0.42	1.02	1.32	8.58	33.5	6	228	129
0.014020618556701	0.0127835051546392	34.95	0.95	-0.05	-0.04	0.77	-0.06	0.04	0.45	1.2	1.56	8.76	36	5	303	154
0.0147381443298969	0.0127835051546392	36.76	1.02	-0.05	-0.05	0.82	-0.06	0.04	0.47	1.34	1.74	8.74	37	6	375	184
0.0154886597938144	0.0138144329896907	38.58	1.02	-0.05	-0.05	0.87	-0.06	0.04	0.5	1.48	2.02	8.84	40.5	7	440	208
0.0162020618556701	0.014639175257732	40.4	1.11	-0.06	-0.05	0.93	-0.06	0.04	0.53	1.66	2.28	9	41.5	6	490	227
0.0168329896907216	0.0152577319587629	41.93	1.11	-0.06	-0.05	0.99	-0.07	0.03	0.55	1.86	2.52	9.08	43.5	6.5	528	241
0.0176536082474227	0.0160824742268041	43.94	1.13	-0.05	-0.05	1.07	-0.06	0.02	0.59	2.12	2.82	9.18	45.5	6.5	565	258
0.0183134020618557	0.0169072164948454	45.68	1.27	-0.01	-0.01	1.13	-0.05	0.03	0.61	2.34	3.08	9.48	47	6	600	270
0.0190144329896907	0.0175257731958763	47.38	1.27	0	-0.04	1.17	-0.05	0.03	0.63	2.58	3.36	9.44	48.5	6	628	283
0.0196907216494845	0.0177319587628866	49.01	1.26	-0.01	-0.03	1.23	-0.06	0.02	0.64	2.8	3.58	9.5	49.5	6.5	655	293
0.0201278350515464	0.0181443298969072	50.17	1.36	-0.03	-0.03	1.26	-0.06	0.02	0.65	2.98	3.74	9.72	50.5	6.5	675	302
0.0203092783505155	0.0183505154639175	50.64	1.39	0	-0.05	1.27	-0.04	0.03	0.65	3.12	3.78	9.58	52	7.5	600	277
0.0196824742268041	0.0175257731958763	49.1	1.37	-0.04	-0.06	1.2	-0.06	0.03	0.65	3.04	3.6	9.62	49	6.5	460	230
0.0188948453608247	0.0167010309278351	47.19	1.37	0	-0.02	1.13	-0.05	0.02	0.63	2.92	3.34	9.66	47.5	7	348	187
0.0180989690721649	0.0162886597938144	45.27	1.38	0	-0.04	1.06	-0.06	0.01	0.61	2.78	3.08	9.6	45	5.5	250	148
0.0173525773195876	0.0156701030927835	43.45	1.37	-0.01	-0.01	1.03	-0.06	0	0.58	2.64	2.82	9.74	43.5	5.5	175	119
0.0165567010309278	0.0152577319587629	41.52	1.37	-0.02	-0.02	0.99	-0.05	-0.01	0.56	2.46	2.54	9.66	41.5	4.5	113	93
0.015859793814433	0.014639175257732	39.72	1.26	-0.01	0	0.96	-0.05	-0.01	0.51	2.24	2.3	9.46	40	4.5	70	73
0.0150309278350515	0.0138144329896907	37.71	1.26	0	0	0.95	-0.05	-0.02	0.47	2.06	2.22	8.76	37.5	4	43	59
0.0142020618556701	0.0131958762886598	35.71	1.27	0	-0.02	0.92	-0.05	-0.03	0.44	1.84	1.94	8.42	36	4	10	44
0.0133814432989691	0.0125773195876289	33.61	1.16	-0.01	-0.01	0.88	-0.05	-0.04	0.42	1.78	1.84	8.02	34.5	4	5	39
0.0125154639175258	0.0117525773195876	31.51	1.16	-0.04	-0.05	0.84	-0.05	-0.06	0.37	1.68	1.78	7.28	32	3.5	0	33
0.0116701030927835	0.0109278350515464	29.32	1.02	-0.06	-0.05	0.78	-0.06	-0.07	0.35	1.6	1.72	6.74	30	3.5	0	29
0.0107958762886598	0.0101030927835052	27.23	1.05	-0.05	-0.05	0.75	-0.05	-0.06	0.33	1.48	1.72	6.16	27.5	3	0	26
0.00991752577319588	0.00927835051546392	25.11	1.06	-0.01	-0.02	0.71	-0.06	-0.06	0.33	1.42	1.7	5.68	25.5	3	-5	21
0.0090639175257732	0.0088659793814433	22.93	0.95	0	-0.03	0.65	-0.05	-0.06	0.33	1.32	1.68	5.1	24	2.5	-5	18
0.00816494845360825	0.00804123711340206	20.75	0.95	-0.02	-0.02	0.55	-0.06	-0.06	0.32	1.22	1.64	4.56	22	2.5	-10	15
0.00734432989690722	0.00701030927835052	18.66	0.85	-0.02	-0.03	0.45	-0.06	-0.07	0.28	1.16	1.6	3.92	19.5	2.5	-5	12
0.00644948453608247	0.00639175257731959	16.48	0.84	-0.01	-0.02	0.33	-0.05	-0.07	0.22	1.08	1.58	3.3	17	1.5	-10	7
0.0056659793814433	0.00536082474226804	14.48	0.74	-0.01	-0.01	0.24	-0.06	-0.09	0.18	0.98	1.5	2.76	14.5	1.5	-10	5
0.00425979381443299	0.00474226804123711	10.97	0.64	-0.04	-0.04	0.15	-0.05	-0.09	0.11	0.9	1.48	1.78	13	1.5	-10	0
0.00404123711340206	0.00474226804123711	10.4	0.6	-0.04	-0.06	0.15	-0.05	-0.09	0.09	0.88	1.46	1.66	12.5	1	0	3
0.00442061855670103	0.0045360824742268	11.35	0.63	-0.04	-0.04	0.16	-0.04	-0.07	0.09	0.9	1.46	1.82	13	2	5	14
0.00524123711340206	0.00536082474226804	13.34	0.63	-0.04	-0.02	0.24	-0.05	-0.02	0.1	0.98	1.46	2.48	15	2	5	20
0.00610721649484536	0.00618556701030928	15.43	0.62	-0.04	-0.02	0.32	-0.04	0.01	0.14	1.08	1.44	3.02	17.5	2.5	5	25
0.00692783505154639	0.00680412371134021	17.52	0.72	-0.04	-0.03	0.39	-0.05	0.02	0.16	1.12	1.46	3.76	18.5	2	5	30
0.00775670103092784	0.00742268041237113	19.51	0.7	-0.05	-0.01	0.45	-0.05	0.03	0.17	1.16	1.44	4.54	20.5	2.5	8	33
0.00849484536082474	0.00804123711340206	21.41	0.81	-0.06	0	0.51	-0.07	0.02	0.21	1.24	1.44	5.2	22	2.5	8	37
0.00931958762886598	0.0088659793814433	23.41	0.81	-0.05	0	0.56	-0.05	0.01	0.22	1.26	1.44	5.76	25	3.5	10	41
0.0100948453608247	0.00989690721649484	25.34	0.86	0.01	0	0.61	-0.04	0.02	0.27	1.3	1.46	6.38	26.5	2.5	13	46
0.0109567010309278	0.0101030927835052	27.51	0.94	-0.01	-0.02	0.64	-0.04	0.01	0.29	1.36	1.48	6.8	29	4.5	18	50
0.0118185567010309	0.0109278350515464	29.61	0.95	-0.01	-0.04	0.69	-0.05	0.02	0.32	1.4	1.48	7.3	31.5	5	23	56
0.0126350515463918	0.0119587628865979	31.7	1.06	-0.04	-0.06	0.73	-0.05	0	0.35	1.48	1.52	7.76	34	5	35	64
0.013501030927835	0.0119587628865979	33.8	1.06	-0.03	-0.07	0.77	-0.05	0.01	0.38	1.64	1.68	8.28	35.5	6.5	63	75
0.0143051546391753	0.0123711340206186	35.8	1.11	-0.05	-0.05	0.82	-0.06	0.01	0.41	1.82	1.8	8.86	37	7	103	89
0.0150680412371134	0.014020618556701	37.71	1.17	0	-0.03	0.88	-0.05	0	0.43	1.98	2.04	9.34	39.5	5.5	158	109
0.0158515463917526	0.0148453608247423	39.6	1.16	-0.02	-0.01	0.93	-0.06	0.01	0.47	2.2	2.26	9.48	41.5	5.5	218	131
0.0166061855670103	0.0154639175257732	41.53	1.26	-0.01	-0.03	0.98	-0.06	0	0.49	2.36	2.54	9.52	43	5.5	283	156
0.0173938144329897	0.0158762886597938	43.45	1.27	-0.01	-0.01	1.04	-0.06	0.01	0.53	2.52	2.82	9.68	44.5	6	355	181
0.0181484536082474	0.0164948453608247	45.27	1.26	-0.02	-0.02	1.09	-0.06	0	0.55	2.68	3.08	9.68	46.5	6.5	425	207
0.0188907216494845	0.0171134020618557	47.18	1.37	0	-0.02	1.14	-0.06	0.01	0.59	2.78	3.36	9.6	48.5	7	500	235
0.0195670103092784	0.0177319587628866	48.82	1.37	0	-0.03	1.2	-0.07	0	0.61	2.94	3.58	9.62	49.5	6.5	573	261
0.0202762886597938	0.0181443298969072	50.54	1.37	0	-0.03	1.26	-0.06	0.01	0.63	3.06	3.8	9.74	51	7	638	286
0.0207505154639175	0.0187628865979381	51.69	1.37	0	-0.03	1.29	-0.06	0.01	0.64	3.22	3.96	9.7	53.5	8	675	302
0.0214556701030928	0.0197938144329897	53.51	1.48	-0.01	-0.04	1.36	-0.06	0	0.67	3.46	4.2	9.8	55	7	713	318
0.0218556701030928	0.0195876288659794	54.47	1.47	-0.14	-0.05	1.38	-0.1	0	0.69	3.52	4.48	9.82	55	7.5	723	322
0.0225319587628866	0.0204123711340206	56.11	1.47	-0.12	-0.01	1.48	-0.09	0	0.69	3.68	4.76	9.84	58	8.5	753	336
0.0231257731958763	0.0210309278350515	57.65	1.57	-0.15	-0.05	1.5	-0.1	0	0.71	3.82	5.02	9.96	59	8	780	347
0.0237731958762887	0.0218556701030928	59.22	1.57	-0.13	-0.04	1.55	-0.09	0.02	0.73	3.92	5.34	10.16	61	8	800	357
0.024160824742268	0.0218556701030928	60.16	1.57	-0.11	-0.04	1.59	-0.08	0.02	0.74	4.04	5.54	10.22	61.5	8.5	813	360
0.0247175257731959	0.0224742268041237	61.51	1.57	-0.11	-0.03	1.63	-0.08	0.01	0.75	4.1	5.72	10.4	63	8.5	833	371
0.0249237113402062	0.0224742268041237	62.09	1.65	-0.12	-0.03	1.64	-0.09	0.01	0.75	4.14	5.86	10.32	63.5	9	843	374
0.025360824742268	0.0228865979381443	63.17	1.67	-0.12	-0.05	1.66	-0.08	0.02	0.76	4.24	6.04	10.28	64.5	9	853	379
0.0259917525773196	0.0230927835051546	64.7	1.67	-0.17	-0.05	1.7	-0.1	0.02	0.77	4.32	6.26	10.24	66	10	878	391
0.0263876288659794	0.0239175257731959	65.66	1.67	-0.17	-0.06	1.73	-0.09	0.02	0.78	4.4	6.42	10.36	67.5	9.5	888	394
0.026639175257732	0.0243298969072165	66.26	1.66	-0.16	-0.06	1.74	-0.1	0.03	0.78	4.44	6.5	10.36	68.5	9.5	890	398
0.0267958762886598	0.0241237113402062	66.74	1.76	-0.14	-0.04	1.77	-0.1	0.02	0.78	4.46	6.56	10.38	68	9.5	895	397
0.0270432989690722	0.0239175257731959	67.33	1.75	-0.17	-0.04	1.78	-0.1	0.04	0.79	4.5	6.64	10.42	68.5	10.5	905	400
0.0273567010309278	0.0243298969072165	68.1	1.76	-0.16	-0.04	1.79	-0.11	0.04	0.78	4.54	6.74	10.46	69	10	920	406
0.0277525773195876	0.0247422680412371	69.06	1.76	-0.17	-0.05	1.84	-0.1	0.04	0.78	4.6	6.92	10.54	70	10	933	411
0.0282927835051546	0.025360824742268	70.37	1.76	-0.17	-0.04	1.86	-0.1	0.04	0.83	4.7	6.94	10.5	71.5	10	875	420
0.0284742268041237	0.0255670103092784	70.91	1.86	-0.16	-0.04	1.91	-0.13	0.03	0.83	4.74	7.02	10.48	72	10	890	402
0.0287134020618557	0.0255670103092784	71.49	1.86	-0.14	-0.03	1.94	-0.13	0.03	0.84	4.74	7.02	10.52	72	10	880	406
0.0289484536082474	0.0261855670103093	72.06	1.86	-0.14	-0.03	1.95	-0.13	0.03	0.84	4.76	7.08	10.56	73.5	10	880	404
0.0292701030927835	0.0261855670103093	72.85	1.87	-0.13	-0.02	1.97	-0.14	0.02	0.89	4.3	8.3	9.9	73.5	10	615	312
0.0295505154639175	0.0265979381443299	73.52	1.86	-0.13	-0.03	2	-0.15	0.04	0.92	4.24	7.98	9.56	75.5	11	465	277
0.029859793814433	0.0270103092783505	74.39	1.98	-0.09	-0.02	2.03	-0.13	0.03	0.92	4.24	8.32	9.8	75.5	10	483	280
0.0306268041237113	0.0278350515463918	76.24	1.97	-0.12	-0.03	2.06	-0.14	0.03	0.96	4.28	9.44	9.68	77.5	10	513	293
0.0310639175257732	0.0278350515463918	77.31	1.98	-0.11	-0.01	2.1	-0.15	0.04	0.97	4.3	17.32	9.84	78	10.5	513	294
0.0313896907216495	0.0280412371134021	78.09	1.97	-0.11	0.01	2.13	-0.15	0.03	0.98	4.28	17.52	9.96	78.5	10.5	515	300
0.0318639175257732	0.0284536082474227	79.26	1.99	-0.09	0.02	2.16	-0.14	0.04	0.99	4.3	64.24	10.02	79.5	10.5	533	306
0.0325072164948454	0.0288659793814433	80.82	1.99	-0.12	0.01	2.21	-0.14	0.05	1.02	4.28	64.78	9.84	81	11	503	304
0.032498969072165	0.0290721649484536	80.92	2.11	-0.12	0	2.22	-0.15	0.04	1.02	4.26	65.1	9.84	80.5	10	450	278
0.0324948453608247	0.0288659793814433	80.92	2.12	-0.12	-0.02	2.21	-0.15	0.03	1.03	4.26	0	13.54	81	11	443	275
0.0324948453608247	0.0288659793814433	80.93	2.13	-0.12	-0.03	2.22	-0.14	0.03	1.01	4.2	0	13.36	81	11	440	273
0.033039175257732	0.0296907216494845	82.24	2.12	-0.12	-0.02	2.25	-0.14	0.03	1.03	4.3	0	13.5	82.5	10.5	515	298
0.0337855670103093	0.0301030927835052	84.05	2.12	-0.13	-0.02	2.29	-0.15	0.03	1.06	4.26	0	13.46	84.5	11.5	523	309
0.0344123711340206	0.0307216494845361	85.56	2.11	-0.13	-0.02	2.36	-0.14	0.04	1.09	4.3	0	13.44	86	11.5	523	313
0.0351546391752577	0.031340206185567	87.46	2.21	-0.12	-0.02	2.42	-0.14	0.05	1.13	4.26	0	13.26	88	12	470	298
0.0358474226804124	0.0319587628865979	89.15	2.22	-0.12	-0.02	2.47	-0.14	0.06	1.15	4.24	0	13.12	89.5	12	468	302
0.0366350515463918	0.0323711340206186	91.05	2.21	-0.13	-0.04	2.52	-0.15	0.07	1.19	4.3	0	12.9	91.5	13	493	313
0.0373278350515464	0.0329896907216495	92.76	2.24	-0.11	-0.05	2.57	-0.15	0.07	1.21	4.32	0	12.98	93.5	13.5	503	322
0.0380371134020619	0.0329896907216495	94.46	2.22	-0.12	-0.05	2.63	-0.14	0.08	1.24	4.32	0	12.88	95	15	515	329
0.0386969072164948	0.0344329896907217	96.06	2.22	-0.11	-0.02	2.69	-0.13	0.08	1.26	4.34	0	13.36	96	12.5	528	335
0.0389360824742268	0.034639175257732	96.73	2.31	-0.23	0	2.72	-0.11	0.1	1.42	3.1	0	8.98	97.5	13.5	5	288
0.0392164948453608	0.0348453608247423	97.42	2.32	-0.17	-0.01	2.81	-0.04	0.15	1.43	3.1	0	9.28	97.5	13	10	167
0.0394886597938144	0.0348453608247423	98.07	2.31	-0.17	0	2.83	-0.04	0.15	1.45	3.1	0	9.56	98.5	14	10	170
0.039760824742268	0.0350515463917526	98.73	2.31	-0.15	0.02	2.85	-0.03	0.14	1.46	3.1	0	9.8	98.5	13.5	15	172
0.0400164948453608	0.0354639175257732	99.4	2.36	-0.15	0	2.87	-0.03	0.15	1.47	3.1	0	9.98	99.5	13.5	18	174
0.0402639175257732	0.0358762886597938	100.06	2.42	-0.15	-0.01	2.89	-0.03	0.15	1.5	3.1	0	10.02	101	14	23	176
0.0405443298969072	0.0358762886597938	100.73	2.41	-0.13	-0.02	2.88	-0.03	0.15	1.5	3.1	0	9.96	101	14	18	179
0.0412865979381443	0.0364948453608247	102.54	2.42	-0.17	-0.02	2.95	-0.03	0.15	1.54	3.1	0	9.98	102.5	14	13	180
0.0422639175257732	0.0371134020618557	104.91	2.42	-0.13	-0.03	3.03	-0.03	0.18	1.59	3.1	0	9.66	105	15	15	184
0.0422886597938144	0.0371134020618557	105.09	2.54	-0.16	-0.03	3.23	-0.04	0.18	1.59	3.12	0	9.66	105	15	13	174
0.0428948453608247	0.0379381443298969	106.52	2.5	-0.16	-0.03	3.29	-0.04	0.18	1.61	3.08	0	9.68	106.5	14.5	10	177
0.0436247422680412	0.0377319587628866	108.32	2.53	-0.16	-0.04	3.33	-0.05	0.18	1.65	3.08	0	9.64	108.5	17	5	181
0.0443752577319588	0.0383505154639175	110.12	2.51	-0.17	-0.05	3.39	-0.05	0.2	1.67	3.04	0	9.52	110.5	17.5	3	186
0.045080412371134	0.0389690721649485	111.94	2.62	-0.16	-0.05	3.47	-0.04	0.21	1.73	3.08	0	9.54	112	17.5	3	189
0.0458226804123711	0.04	113.74	2.62	-0.16	-0.05	3.58	-0.04	0.2	1.76	3.08	0	9.5	115	18	3	192
0.0465649484536083	0.04	115.54	2.62	-0.17	-0.05	3.71	-0.03	0.22	1.8	3.08	0	9.6	115.5	18.5	0	196
0.0473154639175258	0.0416494845360825	117.37	2.63	-0.17	-0.05	3.87	-0.03	0.24	1.84	3.08	0	9.68	118	17	3	199
0.0481360824742268	0.0420618556701031	119.36	2.63	-0.19	-0.04	4.11	-0.01	0.26	1.88	3.1	0	9.96	119	17	3	201
0.0489979381443299	0.042680412371134	121.45	2.63	-0.23	-0.03	4.4	-0.01	0.27	1.91	3.08	0	10.12	120.5	17	3	203
0.0498721649484536	0.0437113402061856	123.66	2.72	-0.24	-0.01	4.67	-0.01	0.26	1.95	3.08	0	10.36	122.5	16.5	5	206
0.0506927835051546	0.0441237113402062	125.65	2.72	-0.24	-0.01	4.82	-0.01	0.26	1.99	3.1	0	10.34	124.5	17.5	5	210
0.0514432989690722	0.0447422680412371	127.47	2.72	-0.24	-0.01	4.95	0	0.26	2.03	3.1	0	10.5	125.5	17	5	211
0.0522721649484536	0.0451546391752577	129.48	2.72	-0.24	-0.01	5.06	0	0.27	2.08	3.1	0	10.52	127.5	18	5	215
0.0530556701030928	0.045979381443299	131.38	2.72	-0.24	0	5.17	0.01	0.27	2.1	3.08	0	10.42	129.5	18	5	217
0.0538432989690722	0.045979381443299	133.39	2.82	-0.25	-0.04	5.26	0	0.26	2.13	3.08	0	10.46	131.5	20	0	221
0.0545938144329897	0.0474226804123711	135.21	2.82	-0.24	-0.02	5.33	0.02	0.27	2.17	3.08	0	10.68	134	19	3	222
0.0554061855670103	0.0478350515463918	137.19	2.83	-0.23	-0.03	5.42	0.02	0.24	2.22	3.08	0	11.12	135	19	-3	226
0.0564041237113402	0.048659793814433	139.63	2.85	-0.24	-0.04	5.52	0.03	0.27	2.28	3.08	0	21.1	137.5	19.5	3	229
0.0571175257731959	0.0490721649484536	141.45	2.94	-0.24	-0.05	5.6	0.03	0.27	2.31	3.08	0	21.14	139	20	3	232
0.057859793814433	0.0498969072164948	143.27	2.96	-0.2	-0.01	5.68	0.04	0.27	2.35	3.06	0	21.3	141	20	5	234
0.0585814432989691	0.0505154639175258	144.99	2.93	-0.24	-0.06	5.74	0.04	0.26	2.38	3.06	0	21.2	143	20.5	3	237
0.0592907216494845	0.0509278350515464	146.73	2.95	-0.21	-0.04	5.83	0.05	0.27	2.41	3.06	0	21.22	144.5	21	8	240
0.0601237113402062	0.0519587628865979	148.84	3.04	-0.21	-0.02	5.93	0.05	0.26	2.45	3.04	0	21.3	146.5	20.5	5	243
0.0608412371134021	0.0527835051546392	150.58	3.04	-0.21	0	6	0.05	0.26	2.49	3.04	0	21.34	148.5	20.5	5	245
0.0615505154639175	0.0527835051546392	152.32	3.06	-0.21	0	6.06	0.05	0.27	2.52	3.04	0	21.34	149.5	21.5	3	249
0.062280412371134	0.0538144329896907	154.15	3.12	-0.2	-0.02	6.15	0.05	0.26	2.55	3.02	0	21.48	151.5	21	3	250
0.0629773195876289	0.054639175257732	155.89	3.17	-0.21	-0.03	6.22	0.05	0.27	2.59	3.02	0	21.36	154	21.5	0	254
0.0637154639175258	0.0550515463917526	157.64	3.13	-0.25	-0.06	6.3	0.04	0.26	2.62	3.02	0	21.3	156	22.5	3	254
0.0644742268041237	0.0558762886597938	159.48	3.13	-0.23	-0.05	6.38	0.05	0.26	2.66	3.02	0	21.4	157.5	22	3	260
0.0651340206185567	0.0560824742268041	161.12	3.17	-0.26	-0.06	6.45	0.04	0.26	2.68	3.02	0	21.12	158.5	22.5	3	260
0.0659134020618557	0.0567010309278351	163.05	3.21	-0.25	-0.05	6.51	0.03	0.26	2.72	2.98	0	21.2	160.5	23	5	263
0.0666309278350515	0.0575257731958763	164.81	3.23	-0.21	-0.02	6.6	0.05	0.26	2.76	3	0	21.48	162	22.5	3	265
0.0673896907216495	0.0583505154639175	166.65	3.23	-0.26	-0.04	6.69	0.02	0.25	2.79	3.02	0	21.44	164.5	23	3	268
0.0680742268041237	0.0587628865979381	168.41	3.33	-0.26	-0.04	6.76	0.03	0.25	2.81	3	0	21.34	166	23.5	3	270
0.0687835051546392	0.0591752577319588	170.17	3.37	-0.21	-0.03	6.85	0.05	0.25	2.86	3	0	21.62	167.5	24	5	273
0.0696041237113402	0.0597938144329897	172.12	3.33	-0.25	-0.04	6.92	0.04	0.24	2.89	3	0	21.46	169	24	3	276
0.0703257731958763	0.0606185567010309	173.88	3.34	-0.23	-0.04	7	0.04	0.25	2.92	3.02	0	21.46	171.5	24.5	5	278
0.0710103092783505	0.0612371134020619	175.66	3.46	-0.21	-0.02	7.08	0.05	0.25	2.96	3.02	0	21.52	173	24.5	3	280
0.0717690721649484	0.0618556701030928	177.5	3.46	-0.22	-0.04	7.15	0.05	0.24	3	3.02	0	21.52	174.5	24.5	5	281
0.0725938144329897	0.0620618556701031	179.46	3.42	-0.26	-0.06	7.23	0.04	0.15	3.03	3	0	21.34	176	25.5	5	285
0.0732701030927835	0.0630927835051546	181.21	3.53	-0.26	-0.04	7.3	0.05	0.16	3.07	3	0	21.4	178	25	5	287
0.0740288659793815	0.0639175257731959	183.08	3.56	-0.22	0	7.39	0.05	0.14	3.12	2.98	0	21.48	180	25	5	289
0.0747958762886598	0.0645360824742268	184.95	3.57	-0.32	0.01	7.47	0.04	0.14	3.16	2.92	0	21.38	181.5	25	5	290
0.0750515463917526	0.0641237113402062	185.64	3.64	-0.36	-0.04	7.5	0.05	0.09	3.15	2.86	0	21.04	181.5	26	3	281
0.0744	0.0635051546391753	184.06	3.64	-0.36	-0.05	7.43	0.04	0.08	3.13	2.8	0	20.86	179.5	25.5	3	266
0.0735752577319588	0.063298969072165	182.1	3.68	-0.31	-0.04	7.39	0.04	0.07	3.09	2.74	0	21.1	178	24.5	0	257
0.0727670103092784	0.0620618556701031	180.13	3.67	-0.31	-0.05	7.31	0.05	0.06	3.06	2.7	0	21.02	175.5	25	0	249
0.0719546391752577	0.0620618556701031	178.19	3.7	-0.31	-0.04	7.24	0.06	0.05	3.02	2.64	0	21.24	174	23.5	0	242
0.0710309278350515	0.0612371134020619	175.94	3.69	-0.31	-0.03	7.17	0.06	0.04	2.97	2.56	0	21.18	172	23.5	0	235
0.0699463917525773	0.0602061855670103	173.21	3.59	-0.32	-0.04	7.07	0.05	0.02	2.9	2.46	0	21.06	169.5	23.5	3	223
0.0690268041237113	0.0593814432989691	170.95	3.56	-0.31	-0.02	6.99	0.05	0.01	2.86	2.4	0	21.06	167	23	0	216
0.0681278350515464	0.0587628865979381	168.78	3.57	-0.23	-0.03	6.91	0.05	-0.01	2.8	2.36	0	21.02	165.5	23	0	211
0.0673030927835052	0.0579381443298969	166.74	3.53	-0.26	-0.06	6.84	0.05	-0.01	2.75	2.32	0	20.82	163.5	23	0	201
0.0665154639175258	0.0571134020618557	164.83	3.53	-0.26	-0.06	6.76	0.06	-0.02	2.71	2.26	0	20.84	161.5	23	0	195
0.0656288659793814	0.0564948453608247	162.68	3.53	-0.26	-0.03	6.67	0.05	-0.03	2.67	2.24	0	20.96	159	22	3	191
0.0648329896907217	0.0556701030927835	160.65	3.43	-0.22	-0.04	6.58	0.06	-0.04	2.63	2.22	0	21.06	157	22	0	185
0.0639917525773196	0.0556701030927835	158.61	3.43	-0.26	-0.05	6.47	0.05	-0.05	2.58	2.16	0	20.92	155.5	20.5	3	180
0.0631463917525773	0.0544329896907216	156.58	3.45	-0.22	-0.03	6.38	0.05	-0.07	2.54	2.14	0	21.06	153	21	3	174
0.0622680412371134	0.0542268041237113	154.46	3.46	-0.24	-0.02	6.28	0.05	-0.08	2.5	2.12	0	21.02	151.5	20	3	169
0.061459793814433	0.0534020618556701	152.5	3.46	-0.22	-0.03	6.18	0.05	-0.09	2.45	2.1	0	20.74	149.5	20	0	164
0.0604536082474227	0.0521649484536083	149.92	3.32	-0.23	-0.01	6.06	0.05	-0.1	2.4	2.08	0	21.46	146.5	20	0	155
0.0594969072164948	0.051340206185567	147.6	3.32	-0.23	-0.02	5.94	0.05	-0.12	2.34	2.04	0	25.48	144	19.5	3	151
0.0585278350515464	0.0505154639175258	145.29	3.36	-0.21	-0.01	5.83	0.04	-0.13	2.29	2	0	25.44	142	19.5	5	145
0.057080412371134	0.0494845360824742	141.63	3.21	-0.28	-0.02	5.64	0.05	-0.15	2.21	1.98	0	100.98	138.5	18.5	5	135
0.0560742268041237	0.0484536082474227	139.2	3.22	-0.26	-0.03	5.5	0.05	-0.17	2.16	1.94	0	100.88	136	18.5	0	131
0.0551917525773196	0.0480412371134021	137.09	3.25	-0.23	0.02	5.39	0.06	-0.19	2.13	1.9	0	101.18	133.5	17	3	127
0.054379381443299	0.0472164948453608	135	3.13	-0.22	-0.03	5.28	0.05	-0.2	2.08	1.86	0	100.94	132	17.5	0	121
0.0535092783505155	0.0468041237113402	132.91	3.15	-0.21	0.01	5.18	0.06	-0.21	2.04	1.84	0	101.1	130.5	17	3	117
0.0526350515463918	0.0457731958762887	130.81	3.17	-0.2	-0.01	5.05	0.06	-0.25	1.98	1.8	0	101.04	128	17	3	113
0.0518268041237113	0.0447422680412371	128.8	3.12	-0.26	-0.05	4.94	0.04	-0.26	1.94	1.78	0	100.7	126	17.5	0	109
0.0510103092783505	0.0437113402061856	126.7	3	-0.27	-0.05	4.82	0.03	-0.27	1.9	1.74	0	100.74	124	18	3	104
0.0501855670103093	0.0435051546391753	124.7	3	-0.27	-0.04	4.73	0.05	-0.28	1.85	1.72	0	100.72	122.5	17	3	99
0.049220618556701	0.0424742268041237	122.41	3.05	-0.18	-0.01	4.63	0.06	-0.3	1.81	1.68	0	100.96	119.5	16.5	0	95
0.0483752577319588	0.0420618556701031	120.22	2.91	-0.13	-0.02	4.51	0.05	-0.3	1.77	1.66	0	100.84	118	16	0	91
0.0470226804123711	0.0408247422680412	116.97	2.94	-0.11	-0.02	4.34	0.06	-0.32	1.71	1.62	0	100.92	114.5	15.5	3	85
0.0461154639175258	0.0402061855670103	114.74	2.91	-0.12	-0.03	4.24	0.05	-0.33	1.67	1.6	0	100.78	112.5	15	0	81
0.0453567010309278	0.0391752577319588	112.79	2.8	-0.13	0.01	4.11	0.02	-0.34	1.62	1.56	0	100.96	109.5	14.5	3	75
0.0444783505154639	0.0385567010309278	110.69	2.83	-0.12	0	4.02	0.04	-0.35	1.59	1.54	0	101	108	14.5	3	74
0.0436123711340206	0.0379381443298969	108.6	2.84	-0.11	-0.02	3.91	0.04	-0.36	1.55	1.52	0	100.86	106.5	14.5	5	69
0.0428082474226804	0.0371134020618557	106.52	2.71	-0.13	-0.01	3.8	0.04	-0.38	1.51	1.48	0	100.86	104.5	14.5	0	66
0.0419092783505155	0.0360824742268041	104.33	2.7	-0.14	-0.02	3.69	0.03	-0.38	1.46	1.46	0	100.7	102	14.5	0	60
0.0410432989690722	0.0354639175257732	102.24	2.71	-0.12	-0.04	3.57	0.04	-0.41	1.43	1.44	0	100.7	100.5	14.5	0	55
0.0401484536082474	0.034639175257732	99.96	2.6	-0.13	-0.04	3.47	0.04	-0.41	1.39	1.4	0	100.72	97.5	13.5	0	54
0.0393649484536082	0.034020618556701	98.07	2.61	-0.13	-0.04	3.37	0.05	-0.42	1.35	1.38	0	100.78	96	13.5	0	48
0.0384453608247423	0.0338144329896907	95.76	2.53	-0.1	0	3.27	0.04	-0.42	1.32	1.32	0	101.08	94	12	3	43
0.0376412371134021	0.0329896907216495	93.81	2.53	-0.11	0.01	3.17	0.04	-0.44	1.28	1.34	0	101.04	91.5	11.5	0	39
0.0366762886597938	0.0319587628865979	91.43	2.49	-0.12	-0.02	3.06	0.05	-0.45	1.24	1.28	0	100.86	89.5	12	0	36
0.0358556701030928	0.0311340206185567	89.35	2.4	-0.13	-0.03	2.96	0.04	-0.46	1.2	1.26	0	100.78	87.5	12	0	30
0.0349814432989691	0.0305154639175258	87.26	2.43	-0.1	-0.01	2.85	0.05	-0.48	1.17	1.24	0	100.98	85.5	11.5	-3	30
0.0341278350515464	0.0298969072164948	85.08	2.32	-0.09	-0.02	2.76	0.04	-0.47	1.13	1.4	0	100.32	83.5	11	0	29
0.0332783505154639	0.0284536082474227	82.99	2.29	-0.11	-0.04	2.62	0.04	-0.48	1.1	1.4	0	100.1	81.5	12.5	-3	30
0.0324577319587629	0.0284536082474227	80.91	2.2	-0.11	-0.04	2.52	0.04	-0.49	1.08	1.34	0	100.06	80	11	0	27
0.0315670103092784	0.0276288659793814	78.64	2.09	-0.11	-0.01	2.43	0.05	-0.5	1.04	1.32	0	100.3	77.5	10.5	3	23
0.0306515463917526	0.0272164948453608	76.45	2.12	-0.1	-0.03	2.33	0.05	-0.49	1.01	1.3	0	100.28	76	10	3	21
0.0297979381443299	0.0261855670103093	74.27	2.01	-0.09	-0.01	2.24	0.06	-0.5	0.99	1.32	0	100.32	73	9.5	0	19
0.0289979381443299	0.0257731958762887	72.2	1.88	-0.1	-0.02	2.14	0.08	-0.5	0.97	1.28	0	100.32	72	9.5	3	17
0.0279628865979381	0.0245360824742268	69.64	1.83	-0.12	-0.05	2.02	0.09	-0.51	0.93	1.26	0	100.1	69.5	10	3	14
0.027080412371134	0.0239175257731959	67.46	1.79	-0.12	-0.04	1.92	0.1	-0.51	0.91	1.24	0	100.2	67.5	9.5	-3	10
0.0262556701030928	0.0230927835051546	65.32	1.65	-0.14	-0.02	1.84	0.12	-0.51	0.91	1.22	0	100.26	65	9	3	12
0.0211628865979381	0.0191752577319588	52.53	1.21	-0.1	-0.02	1.35	0.25	-0.48	1.03	1.08	0	100.32	53.5	7	3	0
