4.12371134020619e-05	5	0.000412371134020619	5
0.00296494845360825	25	0.00247422680412371	5
0.00592577319587629	42	0.00577319587628866	18
0.00715463917525773	48	0.00618556701030928	18
0.00843298969072165	57	0.00762886597938144	40
0.00917525773195876	69	0.00762886597938144	68
0.00998762886597938	84	0.00865979381443299	105
0.0108041237113402	101	0.00989690721649484	150
0.0110762886597938	110	0.0101030927835052	185
0.0118144329896907	132	0.0103092783505155	230
0.0126144329896907	148	0.0111340206185567	278
0.0132948453608247	163	0.0121649484536082	323
0.0141360824742268	183	0.0127835051546392	373
0.0148412371134021	198	0.0134020618556701	415
0.015080412371134	205	0.0134020618556701	413
0.0154886597938144	208	0.0138144329896907	440
0.0162020618556701	227	0.014639175257732	490
0.0168329896907216	241	0.0152577319587629	528
0.0176536082474227	258	0.0160824742268041	565
0.0183134020618557	270	0.0169072164948454	600
0.0190144329896907	283	0.0175257731958763	628
0.0196907216494845	293	0.0177319587628866	655
0.0201278350515464	302	0.0181443298969072	675
0.0214556701030928	318	0.0197938144329897	713
0.0218556701030928	322	0.0195876288659794	723
0.0225319587628866	336	0.0204123711340206	753
0.0231257731958763	347	0.0210309278350515	780
0.0237731958762887	357	0.0218556701030928	800
0.024160824742268	360	0.0218556701030928	813
0.0247175257731959	371	0.0224742268041237	833
0.0249237113402062	374	0.0224742268041237	843
0.025360824742268	379	0.0228865979381443	853
0.0259917525773196	391	0.0230927835051546	878
0.0263876288659794	394	0.0239175257731959	888
0.026639175257732	398	0.0243298969072165	890
0.0270432989690722	400	0.0239175257731959	905
0.0273567010309278	406	0.0243298969072165	920
0.0277525773195876	411	0.0247422680412371	933
0.0282927835051546	420	0.025360824742268	875
