-0.00642886597938147	5
-0.00350515463917529	25
-0.000544329896907246	42
0.000684536082474194	48
0.00196288659793811	57
0.00270515463917522	69
0.00351752577319584	84
0.00433402061855667	101
0.00460618556701026	110
0.00534432989690716	132
0.00614432989690716	148
0.00682474226804116	163
0.00766597938144326	183
0.00837113402061856	198
0.00861030927835046	205
0.00901855670103086	208
0.00973195876288657	227
0.0103628865979381	241
0.0111835051546392	258
0.0118432989690722	270
0.0125443298969072	283
0.013220618556701	293
0.0136577319587629	302
0.0149855670103093	318
0.0153855670103093	322
0.0160618556701031	336
0.0166556701030928	347
0.0173030927835052	357
0.0176907216494845	360
0.0182474226804124	371
0.0184536082474227	374
0.0188907216494845	379
0.0195216494845361	391
0.0199175257731959	394
0.0201690721649485	398
0.0205731958762887	400
0.0208865979381443	406
0.0212824742268041	411
0.0218226804123711	420
