## NFILE T1 T2 CB1 CB2 P1 P2 RWALL1 RWALL2 XMAX1 XMAX2 GMAX1 GMAX2 YMAX1 YMAX2 CEMAX1 CEMAX2
 1    0.94076E+00    0.40618E+00    0.50000E-01    0.76737E-01    0.17682E+01    0.11754E+01    0.97022E+01    0.64491E+01    0.20008E+03    0.68843E+02    0.72758E+00    0.27537E+00    0.21725E+03    0.13780E+03    0.13406E+03    0.34136E+02
 2    0.66884E+00    0.29056E+00    0.10000E+00    0.14833E+00    0.35365E+01    0.22720E+01    0.19404E+02    0.12466E+02    0.12419E+02    0.68236E+01    0.45160E-01    0.27294E-01    0.77141E+02    0.33491E+02    0.28362E+03    0.82410E+02
 3    0.54812E+00    0.23905E+00    0.15000E+00    0.21755E+00    0.53047E+01    0.33321E+01    0.29107E+02    0.18283E+02    0.11200E+02    0.67445E+01    0.40726E-01    0.26978E-01    0.77165E+02    0.36824E+02    0.38737E+03    0.12678E+03
 4    0.47604E+00    0.20819E+00    0.20000E+00    0.28519E+00    0.70729E+01    0.43681E+01    0.38809E+02    0.23968E+02    0.10675E+02    0.69721E+01    0.38817E-01    0.27888E-01    0.78711E+02    0.39809E+02    0.47748E+03    0.15932E+03
 5    0.39029E+00    0.17135E+00    0.30000E+00    0.41753E+00    0.10609E+02    0.63952E+01    0.58213E+02    0.35090E+02    0.13814E+02    0.79909E+01    0.50232E-01    0.31964E-01    0.87839E+02    0.42219E+02    0.62655E+03    0.19956E+03
 6    0.33911E+00    0.14931E+00    0.40000E+00    0.54631E+00    0.14146E+02    0.83677E+01    0.77618E+02    0.45913E+02    0.14300E+02    0.72304E+01    0.51999E-01    0.28921E-01    0.83669E+02    0.33883E+02    0.73476E+03    0.20692E+03
 7    0.30411E+00    0.13419E+00    0.50000E+00    0.67280E+00    0.17682E+02    0.10305E+02    0.97022E+02    0.56543E+02    0.10849E+02    0.10929E+02    0.39452E-01    0.43717E-01    0.60557E+02    0.46970E+02    0.64762E+03    0.23690E+03
 8    0.27823E+00    0.12298E+00    0.60000E+00    0.79750E+00    0.21219E+02    0.12215E+02    0.11643E+03    0.67024E+02    0.11917E+02    0.67727E+01    0.43336E-01    0.27091E-01    0.57678E+02    0.26967E+02    0.61741E+03    0.18369E+03
 9    0.25808E+00    0.11424E+00    0.70000E+00    0.92077E+00    0.24755E+02    0.14103E+02    0.13583E+03    0.77383E+02    0.10632E+02    0.33648E+01    0.38662E-01    0.13459E-01    0.52191E+02    0.21953E+02    0.59783E+03    0.13024E+03
10    0.24181E+00    0.10717E+00    0.80000E+00    0.10428E+01    0.28292E+02    0.15973E+02    0.15524E+03    0.87643E+02    0.78086E+01    0.17880E+01    0.28395E-01    0.71522E-02    0.40964E+02    0.20619E+02    0.53807E+03    0.82040E+02
11    0.22831E+00    0.10129E+00    0.90000E+00    0.11639E+01    0.31828E+02    0.17827E+02    0.17464E+03    0.97816E+02    0.27592E+01    0.19103E+01    0.10034E-01    0.76414E-02    0.31500E+02    0.24685E+02    0.38800E+03    0.10460E+03
12    0.21688E+00    0.96309E-01    0.10000E+01    0.12841E+01    0.35365E+02    0.19668E+02    0.19404E+03    0.10792E+03    0.21153E+01    0.16751E+01    0.76921E-02    0.67006E-02    0.25830E+02    0.21626E+02    0.25718E+03    0.10060E+03
