## NFILE T1 T2 CB1 CB2 P1 P2 RWALL1 RWALL2 XMAX1 XMAX2 GMAX1 GMAX2 YMAX1 YMAX2 CEMAX1 CEMAX2
 1    0.10143E+01    0.40386E+00    0.50000E-01    0.10816E+00    0.17682E+01    0.16566E+01    0.97022E+01    0.90898E+01    0.20005E+03    0.51126E+02    0.72745E+00    0.20451E+00    0.22816E+03    0.11111E+03    0.11932E+03    0.19477E+02
 2    0.71988E+00    0.28925E+00    0.10000E+00    0.20930E+00    0.35365E+01    0.32058E+01    0.19404E+02    0.17590E+02    0.25348E+02    0.28810E+01    0.92176E-01    0.11524E-01    0.82499E+02    0.23990E+02    0.27000E+03    0.25675E+02
 3    0.58926E+00    0.23818E+00    0.15000E+00    0.30714E+00    0.53047E+01    0.47043E+01    0.29107E+02    0.25813E+02    0.20003E+03    0.18800E+01    0.72740E+00    0.75201E-02    0.12962E+03    0.19325E+02    0.15624E+03    0.14123E+02
 4    0.51125E+00    0.20750E+00    0.20000E+00    0.40317E+00    0.70729E+01    0.61752E+01    0.38809E+02    0.33883E+02    0.13905E+02    0.63308E+01    0.50563E-01    0.25323E-01    0.87574E+02    0.26922E+02    0.47876E+03    0.62590E+02
 5    0.41869E+00    0.17105E+00    0.30000E+00    0.58977E+00    0.10609E+02    0.90334E+01    0.58213E+02    0.49566E+02    0.18279E+02    0.85396E+01    0.66469E-01    0.34159E-01    0.99574E+02    0.29425E+02    0.64157E+03    0.87058E+02
 6    0.36342E+00    0.14918E+00    0.40000E+00    0.77188E+00    0.14146E+02    0.11823E+02    0.77618E+02    0.64871E+02    0.21409E+02    0.20817E+01    0.77851E-01    0.83268E-02    0.11066E+03    0.22929E+02    0.83542E+03    0.29684E+02
 7    0.32565E+00    0.13417E+00    0.50000E+00    0.95072E+00    0.17682E+02    0.14562E+02    0.97022E+02    0.79900E+02    0.27041E+02    0.18002E+01    0.98329E-01    0.72009E-02    0.96174E+02    0.19868E+02    0.81158E+03    0.24155E+02
 8    0.29770E+00    0.12299E+00    0.60000E+00    0.11282E+01    0.21219E+02    0.17280E+02    0.11643E+03    0.94815E+02    0.23428E+02    0.15662E+01    0.85193E-01    0.62647E-02    0.82045E+02    0.18025E+02    0.77934E+03    0.22263E+02
 9    0.27602E+00    0.11435E+00    0.70000E+00    0.13013E+01    0.24755E+02    0.19931E+02    0.13583E+03    0.10936E+03    0.19850E+02    0.14122E+01    0.72183E-01    0.56489E-02    0.73301E+02    0.16070E+02    0.76219E+03    0.22228E+02
10    0.25849E+00    0.10733E+00    0.80000E+00    0.14738E+01    0.28292E+02    0.22573E+02    0.15524E+03    0.12386E+03    0.15820E+02    0.13193E+01    0.57526E-01    0.52774E-02    0.63524E+02    0.14123E+02    0.72236E+03    0.24134E+02
11    0.24396E+00    0.10149E+00    0.90000E+00    0.16448E+01    0.31828E+02    0.25193E+02    0.17464E+03    0.13824E+03    0.70148E+01    0.11407E+01    0.25508E-01    0.45629E-02    0.42269E+02    0.19849E+02    0.53117E+03    0.42416E+02
12    0.23166E+00    0.96532E-01    0.10000E+01    0.18146E+01    0.35365E+02    0.27794E+02    0.19404E+03    0.15250E+03    0.31989E+01    0.14430E+01    0.11632E-01    0.57720E-02    0.43623E+02    0.20014E+02    0.37656E+03    0.66938E+02
