#変形角	gamma	gamma2	変位計1	変位計2	変位計3	変位計4	変位計5	変位計6	変位計7	変位計8	変位計9	変位計10	変位計11	変位計12	変位計13	荷重14	荷重0
4.5360824742268e-05	0	0.1	-0.01	-0.02	-0.02	-0.03	0	0	0	-0.02	-0.02	-0.02	0.05	0.05	0	5
4.5360824742268e-05	-2.06185567010309e-05	0.1	-0.01	-0.01	-0.02	-0.01	0	0	0	0	-0.02	0.04	-0.05	0	3	6
0.00065979381443299	4.12371134020619e-05	1.72	0.12	-0.03	0	0	0	0.01	0	0	-0.02	0.66	0.1	0	0	19
0.00131958762886598	0.000103092783505155	3.32	0.12	0.02	0.01	0.01	0	0	0	0.02	0.34	0.8	0.3	0.05	8	26
0.00202474226804124	0.000185567010309278	5.02	0.11	0.01	0	0.01	0.02	-0.03	0.01	0.02	0.36	1.22	0.5	0.05	20	34
0.00273814432989691	0.000206185567010309	6.73	0.09	0	-0.02	0	-0.01	-0.03	0.02	0.06	0.34	1.48	0.65	0.15	25	39
0.00344742268041237	0.000247422680412371	8.53	0.17	-0.04	-0.02	0.04	0	-0.04	0.03	0.08	0.36	2	0.85	0.25	23	43
0.00411134020618557	0.000329896907216495	10.14	0.17	-0.04	-0.03	0.08	0	-0.05	0.04	0.08	0.36	2.58	1	0.2	23	46
0.00479175257731959	0.00043298969072165	11.84	0.22	0.01	0	0.11	-0.01	-0.06	0.06	0.24	0.5	3.26	1.2	0.15	53	58
0.00541443298969072	0.000474226804123711	13.46	0.33	0	0.01	0.13	-0.01	-0.08	0.05	0.3	0.72	3.58	1.3	0.15	88	71
0.00607422680412371	0.000556701030927835	15.06	0.33	0	0.01	0.15	-0.02	-0.1	0.05	0.36	0.92	3.68	1.5	0.15	128	86
0.00664742268041237	0.000577319587628866	16.45	0.33	0.01	0	0.19	-0.02	-0.11	0.06	0.46	1.08	3.86	1.6	0.2	163	101
0.0068659793814433	0.000597938144329897	17.07	0.42	0.02	0	0.2	-0.02	-0.12	0.05	0.5	1.16	3.78	1.7	0.25	138	86
0.00621030927835052	0.000515463917525773	15.45	0.39	-0.03	-0.03	0.18	-0.02	-0.12	0.08	0.4	1.08	3.46	1.45	0.2	58	49
0.00554226804123711	0.00045360824742268	13.74	0.3	0	-0.02	0.16	0	-0.11	0.1	0.28	0.9	3.48	1.25	0.15	13	27
0.00484123711340206	0.000412371134020619	12.04	0.3	0	-0.02	0.15	0.01	-0.11	0.1	0.22	0.82	3.14	1.2	0.2	-3	18
0.00402474226804124	0.000329896907216495	10.05	0.29	0.01	-0.02	0.13	0	-0.11	0.1	0.18	0.82	2.4	0.95	0.15	-3	11
0.00323711340206186	0.000247422680412371	8.14	0.29	0	-0.01	0.09	0	-0.1	0.1	0.14	0.82	1.94	0.7	0.1	-3	7
0.00304329896907216	0.000309278350515464	7.57	0.19	0	-0.01	0.09	0.01	-0.1	0.09	0.1	0.82	1.96	0.85	0.1	-3	6
0.0025360824742268	0.00022680412371134	6.35	0.2	0.01	-0.01	0.07	0	-0.1	0.07	0.08	0.78	1.48	0.6	0.05	-13	0
0.00235463917525773	0.000206185567010309	5.93	0.22	-0.02	0.01	0.06	0	-0.07	0.06	0.08	0.8	1.68	0.5	0	-8	6
0.00283711340206186	0.000206185567010309	7.1	0.22	-0.02	-0.01	0.06	0	-0.07	0.06	0.08	0.78	2.02	0.7	0.2	-3	22
0.00358350515463918	0.000288659793814433	9	0.31	0	0	0.06	0	-0.08	0.07	0.08	0.76	2.58	0.85	0.15	0	29
0.00435463917525773	0.000350515463917526	10.89	0.33	0.02	0.01	0.07	-0.01	-0.08	0.07	0.08	0.78	3.28	1.05	0.2	5	36
0.00511752577319588	0.000391752577319588	12.7	0.29	0.01	-0.01	0.08	-0.01	-0.11	0.07	0.18	0.76	3.34	1.3	0.35	45	53
0.00590515463917526	0.000474226804123711	14.59	0.27	-0.03	-0.03	0.12	0	-0.12	0.09	0.34	0.94	3.6	1.45	0.3	88	73
0.00651546391752577	0.000597938144329897	16.21	0.41	0.02	-0.01	0.16	0	-0.13	0.08	0.46	1.12	4.04	1.7	0.25	135	88
0.00710103092783505	0.000597938144329897	17.64	0.42	0.01	-0.01	0.2	-0.01	-0.14	0.07	0.54	1.36	4.34	1.7	0.25	183	110
0.0077979381443299	0.000639175257731959	19.34	0.43	0	0.01	0.23	-0.01	-0.12	0.08	0.64	1.54	4.5	1.9	0.35	225	124
0.00845773195876289	0.000701030927835052	20.92	0.41	0.01	-0.01	0.27	-0.02	-0.13	0.08	0.72	1.74	4.36	2	0.3	268	137
0.00909690721649484	0.000762886597938144	22.47	0.41	0.01	0	0.3	-0.03	-0.15	0.09	0.84	1.9	4.42	2.2	0.35	308	151
0.00965360824742268	0.000845360824742268	23.92	0.51	0.01	-0.01	0.33	-0.03	-0.15	0.1	0.94	2.08	4.54	2.4	0.35	345	165
0.0102762886597938	0.000804123711340206	25.42	0.5	0.01	-0.02	0.36	-0.04	-0.15	0.1	1.06	2.24	4.5	2.45	0.5	383	179
0.0108701030927835	0.000845360824742268	26.86	0.5	-0.03	-0.03	0.38	-0.04	-0.18	0.1	1.14	2.42	4.52	2.6	0.55	423	195
0.0111711340206186	0.00088659793814433	27.61	0.52	0.01	-0.01	0.4	-0.03	-0.16	0.11	1.2	2.5	4.72	2.7	0.55	443	201
0.011319587628866	0.000927835051546392	28.08	0.63	0.02	-0.01	0.41	-0.07	-0.18	0.13	1.26	2.58	4.9	2.75	0.5	390	191
0.0107298969072165	0.000907216494845361	26.65	0.63	0.02	0.01	0.39	-0.06	-0.16	0.13	1.24	2.52	4.98	2.5	0.3	293	146
0.0100989690721649	0.000845360824742268	25.12	0.63	-0.03	-0.02	0.36	-0.07	-0.17	0.15	1.16	2.38	4.94	2.35	0.3	213	113
0.00975670103092783	0.000824742268041237	24.27	0.61	0	0.01	0.36	-0.04	-0.16	0.15	1.12	2.28	4.88	2.3	0.3	173	99
0.00897319587628866	0.000701030927835052	22.38	0.62	0	0	0.33	-0.04	-0.16	0.17	0.94	2.02	4.62	2.1	0.4	100	70
0.00823505154639175	0.000701030927835052	20.58	0.61	0	0.01	0.31	-0.02	-0.16	0.16	0.82	1.8	4.72	1.95	0.25	63	49
0.00751752577319588	0.000639175257731959	18.77	0.54	0	0.01	0.28	-0.03	-0.16	0.17	0.68	1.58	4.72	1.75	0.2	30	33
0.00678350515463918	0.000597938144329897	16.97	0.52	-0.01	-0.01	0.25	-0.01	-0.16	0.18	0.52	1.36	4.3	1.65	0.2	3	20
0.00604123711340206	0.000515463917525773	15.16	0.51	0.02	-0.01	0.2	-0.01	-0.16	0.18	0.4	1.3	3.82	1.55	0.3	-3	15
0.0053360824742268	0.000391752577319588	13.35	0.41	-0.03	-0.02	0.15	-0.01	-0.17	0.17	0.32	1.26	3.16	1.25	0.3	-3	12
0.00455670103092784	0.000371134020618557	11.46	0.41	0.01	-0.01	0.12	-0.01	-0.16	0.18	0.26	1.22	2.72	1.15	0.25	-8	6
0.00355051546391753	0.000350515463917526	8.98	0.37	0.01	0.01	0.07	-0.01	-0.14	0.16	0.22	1.16	2.26	0.9	0.05	-13	0
0.00331134020618557	0.000288659793814433	8.34	0.31	0	-0.02	0.05	0	-0.13	0.17	0.18	1.14	1.94	0.9	0.2	-10	6
0.00388865979381443	0.000329896907216495	9.75	0.32	0.02	-0.01	0.06	-0.01	-0.13	0.14	0.2	1.12	2.48	1.05	0.25	-3	23
0.00455257731958763	0.000412371134020619	11.45	0.41	0.01	0	0.07	-0.01	-0.14	0.15	0.18	1.1	2.84	1.35	0.35	-5	29
0.00529072164948454	0.000474226804123711	13.26	0.43	0.02	0	0.05	-0.02	-0.13	0.14	0.22	1.1	3.64	1.4	0.25	-5	35
0.00596288659793814	0.000494845360824742	14.88	0.42	0.01	0	0.07	0	-0.13	0.15	0.26	1.1	4	1.45	0.25	30	50
0.00665154639175258	0.000577319587628866	16.67	0.54	0.02	0.01	0.11	0	-0.14	0.15	0.42	1.2	4.3	1.6	0.2	63	64
0.00731958762886598	0.00065979381443299	18.29	0.54	-0.01	0.01	0.12	-0.01	-0.14	0.15	0.56	1.34	4.56	1.8	0.2	98	78
0.00802061855670103	0.000701030927835052	19.98	0.53	-0.03	0	0.18	0	-0.15	0.15	0.68	1.58	4.58	1.95	0.25	145	95
0.00868041237113402	0.000721649484536082	21.57	0.52	0	0	0.23	0	-0.16	0.15	0.8	1.82	4.64	2.05	0.3	200	112
0.00947216494845361	0.000804123711340206	23.51	0.54	0.01	0.01	0.28	-0.02	-0.16	0.15	0.94	2.08	4.84	2.25	0.3	268	137
0.0101278350515464	0.000824742268041237	25.13	0.57	0.01	0	0.31	-0.02	-0.16	0.15	1.04	2.26	4.82	2.45	0.45	323	159
0.0107257731958763	0.000948453608247423	26.63	0.62	0.01	0	0.36	-0.03	-0.17	0.16	1.16	2.44	4.84	2.65	0.35	385	181
0.011360824742268	0.000989690721649484	28.17	0.62	0.02	0.01	0.4	-0.04	-0.17	0.16	1.26	2.62	4.86	2.75	0.35	443	201
0.0119546391752577	0.00103092783505155	29.6	0.61	-0.01	0	0.41	-0.05	-0.17	0.15	1.32	2.74	5	2.9	0.4	488	219
0.0125278350515464	0.00109278350515464	31.02	0.64	0	0.01	0.46	-0.05	-0.16	0.14	1.42	2.86	5.22	3.05	0.4	525	234
0.0131587628865979	0.00111340206185567	32.54	0.63	0	0	0.49	-0.05	-0.17	0.15	1.5	3.02	5.14	3.15	0.45	560	248
0.0137154639175258	0.00119587628865979	33.98	0.72	-0.03	-0.01	0.51	-0.06	-0.17	0.15	1.6	3.18	5.06	3.35	0.45	590	262
0.0143051546391753	0.00115463917525773	35.41	0.72	-0.01	-0.02	0.53	-0.05	-0.17	0.16	1.68	3.34	5.1	3.45	0.65	620	270
0.0148948453608247	0.00125773195876289	36.84	0.72	-0.03	-0.02	0.56	-0.05	-0.18	0.18	1.76	3.52	5.16	3.6	0.55	653	282
0.0152907216494845	0.00123711340206186	37.79	0.71	-0.07	-0.03	0.58	-0.05	-0.18	0.18	1.82	3.66	5.18	3.7	0.7	668	292
0.0159010309278351	0.00134020618556701	39.32	0.76	-0.08	-0.05	0.6	-0.04	-0.18	0.2	1.94	3.86	5.12	4	0.75	698	303
0.0160989690721649	0.00129896907216495	39.89	0.85	-0.1	0.01	0.6	-0.05	-0.21	0.21	2.08	4.1	5.66	3.8	0.65	618	277
0.0155505154639175	0.00125773195876289	38.55	0.84	-0.1	0	0.59	-0.03	-0.2	0.24	2.1	4.08	5.44	3.65	0.6	505	228
0.0148824742268041	0.00121649484536082	36.93	0.84	-0.1	-0.01	0.57	-0.02	-0.2	0.24	2.08	4.02	5.32	3.5	0.55	415	192
0.0141360824742268	0.00117525773195876	35.12	0.84	-0.09	0.01	0.56	-0.01	-0.2	0.24	2.06	3.92	5.3	3.35	0.5	325	159
0.0134309278350515	0.00111340206185567	33.4	0.83	-0.1	-0.01	0.56	0	-0.2	0.25	1.94	3.72	5.42	3.2	0.5	248	123
0.0127958762886598	0.00107216494845361	31.88	0.85	-0.11	0.01	0.56	0.01	-0.2	0.25	1.84	3.52	5.3	3.1	0.5	195	104
0.0121319587628866	0.000969072164948454	30.26	0.84	-0.12	-0.01	0.56	0.01	-0.2	0.25	1.7	3.34	5.2	2.85	0.5	145	81
0.0114680412371134	0.000969072164948454	28.64	0.83	-0.11	-0.01	0.56	0.02	-0.21	0.24	1.52	3.12	4.96	2.85	0.5	105	65
0.0107216494845361	0.00088659793814433	26.84	0.84	-0.11	-0.01	0.53	0.03	-0.21	0.24	1.36	2.84	4.66	2.6	0.45	65	53
0.0100412371134021	0.000865979381443299	25.12	0.77	-0.12	-0.01	0.48	0.02	-0.2	0.25	1.24	2.6	4.64	2.55	0.45	40	39
0.00931134020618557	0.000824742268041237	23.3	0.72	-0.12	-0.01	0.43	0.03	-0.2	0.26	1.1	2.36	4.68	2.4	0.4	15	31
0.00857319587628866	0.000701030927835051	21.52	0.73	-0.11	-0.01	0.39	0.03	-0.2	0.27	0.92	2.18	4.46	2.05	0.35	0	21
0.00783092783505155	0.000680412371134021	19.62	0.63	-0.12	-0.01	0.33	0.03	-0.2	0.27	0.84	2.12	4.12	1.95	0.3	-3	16
0.00708453608247423	0.000639175257731959	17.82	0.64	-0.12	0.01	0.26	0.03	-0.2	0.27	0.8	2.06	3.84	1.75	0.2	-3	11
0.00634226804123711	0.000556701030927835	16.01	0.63	-0.12	-0.01	0.2	0.03	-0.21	0.27	0.72	2	3.22	1.6	0.25	-3	7
0.00575257731958763	0.000474226804123711	14.48	0.53	-0.12	0	0.15	0.03	-0.21	0.27	0.7	1.98	2.78	1.45	0.3	-8	4
0.00497731958762887	0.000412371134020619	12.59	0.52	-0.12	-0.02	0.1	0.03	-0.22	0.25	0.62	1.9	2.16	1.25	0.25	-13	2
0.00474639175257732	0.000371134020618557	12.02	0.51	-0.13	-0.01	0.09	0.04	-0.2	0.25	0.6	1.9	2.02	1.15	0.25	-18	0
0.00412371134020619	0.000350515463917526	10.51	0.51	-0.11	0	0.07	0.03	-0.2	0.22	0.52	1.78	1.84	1.1	0.25	-13	0
0.00457731958762887	0.000391752577319588	11.63	0.53	-0.11	-0.01	0.06	0.03	-0.18	0.22	0.58	1.78	2.2	1.25	0.3	-3	22
0.00528247422680412	0.000474226804123711	13.35	0.54	-0.12	0.01	0.07	0.03	-0.18	0.22	0.58	1.78	2.84	1.35	0.2	-3	28
0.00599587628865979	0.000536082474226804	15.05	0.51	-0.12	-0.02	0.06	0.03	-0.19	0.23	0.54	1.74	3.14	1.7	0.4	-8	35
0.00679175257731959	0.000577319587628866	17.04	0.57	-0.12	-0.02	0.08	0.03	-0.18	0.23	0.58	1.74	3.76	1.75	0.35	5	42
0.00743917525773196	0.000618556701030928	18.66	0.62	-0.13	-0.01	0.11	0.04	-0.17	0.23	0.68	1.74	4.2	1.85	0.35	23	54
0.00818556701030928	0.00065979381443299	20.47	0.62	-0.13	-0.01	0.14	0.03	-0.18	0.23	0.84	1.78	4.26	2	0.4	53	64
0.00889072164948454	0.000742268041237113	22.18	0.62	-0.12	-0.02	0.18	0.01	-0.18	0.22	0.98	2.02	4.42	2.2	0.4	88	76
0.00955463917525773	0.000824742268041237	23.89	0.72	-0.12	-0.03	0.23	0.04	-0.18	0.22	1.1	2.26	4.58	2.5	0.5	128	93
0.0101855670103093	0.000824742268041237	25.42	0.72	-0.11	-0.03	0.26	0.03	-0.18	0.22	1.18	2.48	4.66	2.5	0.5	170	111
0.0108865979381443	0.00088659793814433	27.12	0.72	-0.11	-0.03	0.3	0.04	-0.18	0.23	1.3	2.7	4.7	2.7	0.55	220	128
0.0115381443298969	0.000927835051546392	28.69	0.71	-0.13	-0.02	0.33	0.02	-0.19	0.21	1.42	2.92	4.6	2.85	0.6	270	148
0.0121814432989691	0.000989690721649484	30.25	0.71	-0.13	-0.02	0.37	0.03	-0.19	0.22	1.54	3.12	4.74	3	0.6	320	167
0.0127670103092784	0.00103092783505155	31.78	0.82	-0.13	-0.01	0.42	0.01	-0.18	0.22	1.68	3.32	4.92	3.1	0.6	373	186
0.0133938144329897	0.0011340206185567	33.3	0.82	-0.14	-0.02	0.45	0.01	-0.19	0.22	1.78	3.52	4.8	3.3	0.55	430	207
0.0140288659793814	0.0011340206185567	34.84	0.82	-0.12	-0.03	0.49	0	-0.2	0.22	1.88	3.7	4.92	3.4	0.65	480	223
0.0146845360824742	0.00115463917525773	36.45	0.84	-0.12	-0.02	0.53	0	-0.19	0.23	1.96	3.84	5.24	3.45	0.65	538	242
0.0152742268041237	0.00127835051546392	37.87	0.83	-0.12	-0.01	0.55	-0.01	-0.19	0.21	1.98	3.96	5.18	3.7	0.6	590	262
0.015839175257732	0.00129896907216495	39.25	0.84	-0.1	0	0.59	0	-0.19	0.23	2.06	4.1	5.4	3.8	0.65	645	281
0.0164082474226804	0.00144329896907216	40.64	0.85	-0.13	0.01	0.62	-0.01	-0.2	0.23	2.12	4.24	5.38	4	0.5	693	296
0.0169896907216495	0.00144329896907216	42.05	0.85	-0.13	0	0.64	0.01	-0.19	0.23	2.18	4.42	5.6	4.05	0.55	730	313
0.0174927835051546	0.00152577319587629	43.36	0.94	-0.13	-0.01	0.67	-0.01	-0.2	0.24	2.28	4.64	5.54	4.25	0.55	755	323
0.0180618556701031	0.00156701030927835	44.75	0.95	-0.1	0.01	0.71	0	-0.2	0.28	2.32	5.06	5.62	4.4	0.6	745	321
0.0186268041237113	0.00156701030927835	46.11	0.94	-0.09	-0.01	0.74	0	-0.2	0.29	2.36	5.4	5.68	4.45	0.65	765	330
0.0191711340206186	0.00164948453608247	47.43	0.94	-0.08	0.01	0.77	0	-0.2	0.32	2.42	5.7	5.68	4.65	0.65	785	339
0.0197360824742268	0.00169072164948454	48.78	0.92	-0.09	-0.01	0.81	0.01	-0.2	0.32	2.5	6	5.62	4.75	0.65	800	346
0.0200453608247423	0.00171134020618557	49.53	0.92	-0.09	-0.02	0.81	0.01	-0.2	0.36	2.52	6.58	5.48	4.9	0.75	740	328
0.0203587628865979	0.00175257731958763	50.5	1.13	-0.08	0	0.95	0.05	-0.22	0.51	2.56	8.3	5.74	4.95	0.7	480	251
0.0211381443298969	0.00183505154639175	52.41	1.15	-0.08	0	0.96	0.05	-0.23	0.53	2.54	8.94	5.58	5.2	0.75	493	255
0.0216907216494845	0.00179381443298969	53.75	1.15	-0.09	0	0.96	0.05	-0.24	0.55	2.56	9.42	5.56	5.25	0.9	503	262
0.0222927835051546	0.00187628865979381	55.2	1.14	-0.09	-0.02	1	0.06	-0.25	0.57	2.54	9.86	5.44	5.4	0.85	523	269
0.0229649484536082	0.00195876288659794	56.82	1.13	-0.1	-0.02	1.03	0.05	-0.25	0.59	2.54	10.4	5.26	5.65	0.9	535	277
0.0235876288659794	0.002	58.36	1.16	-0.12	-0.01	1.05	0.06	-0.26	0.6	2.52	10.96	5.32	5.75	0.9	545	284
0.0240989690721649	0.00204123711340206	59.7	1.26	-0.16	-0.02	1.08	0.07	-0.26	0.63	2.52	11.48	5.3	5.85	0.9	543	285
0.0246762886597938	0.00212371134020619	61.09	1.25	-0.14	-0.01	1.12	0.08	-0.26	0.66	2.52	11.96	5.38	6.05	0.9	543	289
0.0252948453608247	0.00218556701030928	62.59	1.25	-0.14	-0.01	1.16	0.09	-0.27	0.68	2.54	12.5	5.5	6.2	0.9	548	291
0.0258762886597938	0.00222680412371134	64.04	1.29	-0.11	-0.01	1.2	0.1	-0.28	0.71	2.56	13.02	5.58	6.3	0.9	543	296
0.0264041237113402	0.00224742268041237	65.39	1.36	-0.11	0	1.24	0.12	-0.28	0.75	2.54	13.52	5.66	6.4	0.95	543	296
0.0270020618556701	0.00228865979381443	66.85	1.37	-0.11	0.01	1.29	0.12	-0.29	0.77	2.54	14.06	5.68	6.45	0.9	540	298
0.0275917525773196	0.0023298969072165	68.28	1.37	-0.11	0.01	1.36	0.13	-0.29	0.8	2.54	14.56	5.64	6.65	1	533	298
0.0281484536082474	0.00239175257731959	69.73	1.47	-0.09	0	1.46	0.14	-0.29	0.83	2.54	15.08	5.64	6.8	1	528	300
0.0287711340206186	0.00243298969072165	71.22	1.45	-0.09	-0.01	1.53	0.14	-0.3	0.85	2.54	15.64	5.5	6.95	1.05	520	300
0.0293484536082474	0.00249484536082474	72.63	1.46	-0.1	-0.01	1.61	0.16	-0.3	0.87	2.52	16.12	5.58	7.1	1.05	520	302
0.0299134020618557	0.00251546391752577	74.09	1.55	-0.1	-0.02	1.66	0.16	-0.31	0.89	2.5	16.6	5.4	7.2	1.1	513	302
0.0304618556701031	0.0025979381443299	75.44	1.57	-0.1	0	1.77	0.17	-0.31	0.91	2.52	17.14	5.74	7.35	1.05	505	303
0.0310185567010309	0.00261855670103093	76.8	1.58	-0.11	0.02	1.84	0.17	-0.32	0.94	2.52	17.66	5.64	7.45	1.1	503	304
0.0316659793814433	0.00268041237113402	78.45	1.66	-0.1	-0.01	1.89	0.2	-0.32	0.97	2.5	18.26	5.58	7.65	1.15	490	303
0.032259793814433	0.00274226804123711	79.9	1.67	-0.1	-0.02	1.94	0.21	-0.33	1	2.5	18.86	5.56	7.8	1.15	473	300
0.0325855670103093	0.00274226804123711	80.69	1.67	-0.1	-0.01	1.98	0.22	-0.33	1.02	2.5	19.14	5.62	7.85	1.2	465	298
0.0328247422680412	0.00278350515463918	81.27	1.67	-0.1	-0.01	2	0.22	-0.35	1.02	2.44	19.4	5.46	7.95	1.2	460	299
0.0333484536082474	0.00282474226804124	82.54	1.67	-0.11	0	2.04	0.23	-0.35	1.06	2.48	19.86	5.46	8.05	1.2	453	298
0.0339917525773196	0.00284536082474227	84.19	1.76	-0.15	-0.02	2.08	0.25	-0.36	1.08	2.48	20.48	5.24	8.2	1.3	440	297
0.0346762886597938	0.00292783505154639	85.85	1.76	-0.1	0	2.15	0.25	-0.38	1.13	2.46	21.1	5.56	8.35	1.25	428	294
0.0352329896907216	0.00301030927835052	87.31	1.87	-0.1	-0.01	2.19	0.27	-0.39	1.16	2.46	21.66	5.52	8.55	1.25	413	293
0.035839175257732	0.00301030927835052	88.77	1.86	-0.13	-0.02	2.24	0.29	-0.39	1.2	2.44	22.22	5.38	8.6	1.3	403	293
0.0364742268041237	0.00309278350515464	90.32	1.87	-0.14	-0.03	2.29	0.3	-0.41	1.23	2.42	22.8	5.3	8.8	1.3	388	290
0.0370103092783505	0.00315463917525773	91.7	1.95	-0.1	-0.01	2.34	0.32	-0.41	1.28	2.42	23.42	5.58	8.95	1.3	363	286
0.0374762886597938	0.00315463917525773	92.87	1.99	-0.1	0.01	2.38	0.35	-0.42	1.3	2.38	23.84	5.68	9	1.35	335	277
0.0374350515463918	0.00315463917525773	92.87	2.09	-0.09	0.01	2.38	0.38	-0.47	1.28	2.32	24	5.72	8.95	1.3	303	258
0.0374268041237113	0.0031340206185567	92.86	2.1	-0.1	0	2.38	0.37	-0.48	1.31	2.34	24.04	5.88	9	1.4	318	259
0.038098969072165	0.00325773195876289	94.48	2.09	-0.1	-0.01	2.39	0.38	-0.48	1.32	2.3	24.5	5.66	9.3	1.4	338	275
0.0386845360824742	0.00325773195876289	95.9	2.09	-0.1	-0.01	2.45	0.38	-0.48	1.35	2.3	25	5.74	9.35	1.45	338	279
0.0393360824742268	0.00327835051546392	97.58	2.19	-0.11	-0.02	2.49	0.38	-0.5	1.37	2.26	25.58	5.36	9.45	1.5	325	279
0.0399711340206186	0.00336082474226804	99.12	2.19	-0.1	-0.02	2.55	0.4	-0.49	1.41	2.26	26.18	5.48	9.7	1.55	310	278
0.0408783505154639	0.00348453608247423	101.3	2.17	-0.11	-0.02	2.64	0.42	-0.49	1.46	2.24	26.94	5.58	10	1.55	293	276
0.0414886597938144	0.00348453608247423	102.81	2.2	-0.11	-0.02	2.68	0.44	-0.48	1.5	2.22	27.48	5.54	10.05	1.6	283	277
0.0421072164948454	0.00356701030927835	104.41	2.3	-0.12	-0.02	2.74	0.44	-0.49	1.52	2.22	28.12	5.84	10.2	1.55	253	270
0.0427835051546392	0.00360824742268041	106.04	2.29	-0.13	0	2.78	0.47	-0.49	1.56	2.18	28.68	5.78	10.35	1.6	243	268
0.0434845360824742	0.00364948453608247	107.75	2.3	-0.12	-0.01	2.82	0.48	-0.5	1.6	2.14	29.28	5.8	10.5	1.65	230	268
0.044020618556701	0.00369072164948454	109.16	2.41	-0.12	-0.01	2.86	0.49	-0.5	1.64	2.16	29.82	5.94	10.6	1.65	223	268
0.0447711340206186	0.00379381443298969	110.97	2.4	-0.11	-0.01	2.92	0.51	-0.52	1.67	2.12	30.44	5.9	10.85	1.65	215	268
0.0453938144329897	0.00381443298969072	112.49	2.41	-0.12	-0.02	2.96	0.52	-0.54	1.7	2.06	30.98	5.6	10.95	1.7	205	266
0.0460371134020619	0.00385567010309278	114.16	2.52	-0.1	0.01	3	0.53	-0.55	1.73	2.08	31.54	5.98	11.05	1.7	195	267
0.0466432989690722	0.00391752577319588	115.62	2.51	-0.12	-0.01	3.03	0.54	-0.56	1.76	2.06	32.06	5.9	11.25	1.75	185	267
0.0473113402061856	0.00397938144329897	117.24	2.51	-0.12	0	3.11	0.56	-0.57	1.79	2.06	32.58	6	11.4	1.75	178	266
0.0478144329896907	0.00402061855670103	118.56	2.61	-0.12	-0.01	3.13	0.58	-0.59	1.82	2.04	33.08	5.9	11.5	1.75	178	267
0.0484082474226804	0.00412371134020619	119.99	2.6	-0.12	-0.02	3.17	0.58	-0.59	1.85	2	33.58	5.72	11.75	1.75	170	266
0.0490350515463918	0.00412371134020619	121.51	2.6	-0.12	-0.03	3.21	0.59	-0.61	1.87	1.98	34.14	5.72	11.85	1.85	160	267
0.0496824742268041	0.00414432989690722	123.19	2.71	-0.12	0	3.26	0.64	-0.68	2	1.82	35.24	5.88	11.95	1.9	55	234
0.0502762886597938	0.00422680412371134	124.74	2.82	-0.09	0	3.29	0.65	-0.69	2.01	1.82	35.74	5.94	12.15	1.9	55	236
0.0508989690721649	0.0042680412371134	126.26	2.83	-0.09	0.01	3.34	0.65	-0.71	2.03	1.8	36.38	5.92	12.3	1.95	50	234
0.0515670103092783	0.00439175257731959	127.88	2.83	-0.12	0.01	3.38	0.67	-0.7	2.07	1.78	37	5.98	12.45	1.8	53	236
0.0521567010309278	0.00437113402061856	129.4	2.92	-0.12	0	3.42	0.67	-0.71	2.1	1.76	37.7	5.96	12.55	1.95	45	238
0.0527546391752577	0.00443298969072165	130.84	2.91	-0.12	-0.02	3.46	0.69	-0.73	2.14	1.74	38.38	5.7	12.75	2	40	237
0.0534515463917526	0.00455670103092783	132.55	2.93	-0.09	0.04	3.52	0.69	-0.73	2.18	1.74	39	6.06	12.95	1.9	38	240
0.0539958762886598	0.00457731958762887	133.98	3.04	-0.13	0.01	3.56	0.7	-0.74	2.2	1.72	39.48	5.9	13	1.9	40	241
0.0546144329896907	0.00461855670103093	135.48	3.04	-0.13	0	3.61	0.69	-0.76	2.23	1.7	39.86	6	13.15	1.95	38	243
0.0552536082474227	0.00465979381443299	137.02	3.03	-0.09	0.01	3.66	0.72	-0.76	2.26	1.7	40.12	6.04	13.35	2.05	35	245
0.0559587628865979	0.00474226804123711	138.84	3.14	-0.11	0	3.71	0.73	-0.76	2.3	1.7	40.46	5.96	13.45	1.95	35	248
0.0565896907216495	0.00478350515463918	140.37	3.14	-0.09	0.02	3.76	0.74	-0.77	2.33	1.66	40.88	5.94	13.65	2.05	33	248
0.057179381443299	0.00488659793814433	141.8	3.14	-0.1	0.01	3.8	0.74	-0.78	2.35	1.66	40.88	5.96	13.85	2	33	250
0.0577690721649485	0.00488659793814433	143.23	3.14	-0.1	0.01	3.84	0.75	-0.79	2.38	1.64	40.88	5.88	13.95	2.1	30	252
0.0583175257731959	0.00490721649484536	144.67	3.25	-0.1	0.01	3.89	0.75	-0.8	2.41	1.64	40.88	5.98	14.1	2.2	28	253
0.0589154639175258	0.00501030927835052	146.11	3.24	-0.11	0	3.91	0.76	-0.8	2.44	1.62	40.9	5.78	14.3	2.15	33	255
0.0595505154639175	0.00505154639175258	147.64	3.23	-0.14	-0.01	3.96	0.76	-0.81	2.46	1.58	40.9	5.62	14.35	2.1	33	259
0.0600824742268041	0.00503092783505155	148.97	3.27	-0.14	-0.02	3.99	0.76	-0.82	2.48	1.58	40.92	5.56	14.55	2.35	28	260
0.0606845360824742	0.00511340206185567	150.51	3.35	-0.12	0	4.05	0.79	-0.82	2.51	1.58	40.9	5.52	14.65	2.25	35	264
0.0612453608247423	0.0051340206185567	151.86	3.34	-0.14	-0.02	4.08	0.79	-0.83	2.54	1.58	40.9	5.5	14.85	2.4	28	264
0.0617979381443299	0.00517525773195876	153.21	3.35	-0.12	-0.01	4.11	0.8	-0.85	2.57	1.54	40.9	5.46	14.95	2.4	28	267
0.0623587628865979	0.00529896907216495	154.64	3.42	-0.09	0.03	4.18	0.81	-0.84	2.61	1.56	40.9	5.96	15.05	2.2	28	268
0.0629814432989691	0.00534020618556701	156.18	3.45	-0.09	0	4.21	0.81	-0.85	2.64	1.56	40.88	6.04	15.25	2.3	28	270
0.063579381443299	0.00536082474226804	157.62	3.44	-0.1	0	4.25	0.83	-0.86	2.67	1.54	40.88	5.8	15.35	2.35	28	272
0.0641731958762887	0.00544329896907217	159.07	3.45	-0.1	0	4.28	0.83	-0.87	2.7	1.52	40.88	5.78	15.55	2.35	25	276
0.0647134020618557	0.00550515463917526	160.49	3.56	-0.09	0.02	4.34	0.85	-0.87	2.73	1.52	40.88	6.16	15.6	2.25	20	274
0.0652865979381443	0.00554639175257732	161.88	3.56	-0.11	0.04	4.37	0.86	-0.88	2.74	1.5	40.9	6.14	15.8	2.35	20	275
0.065880412371134	0.00560824742268041	163.31	3.55	-0.11	0.01	4.42	0.85	-0.88	2.78	1.5	40.88	6.16	16	2.4	18	279
0.0664701030927835	0.00562886597938144	164.76	3.57	-0.13	0.05	4.47	0.87	-0.89	2.82	1.5	40.9	6.34	15.95	2.3	18	279
0.0670226804123711	0.00569072164948454	166.21	3.68	-0.13	0.02	4.48	0.87	-0.89	2.85	1.48	40.88	6.26	16.15	2.35	15	280
0.0676247422680412	0.0057319587628866	167.65	3.66	-0.16	0.03	4.55	0.89	-0.9	2.87	1.46	40.88	6.18	16.3	2.4	15	283
0.0682226804123711	0.00579381443298969	169.1	3.66	-0.17	0.01	4.59	0.89	-0.91	2.9	1.44	40.9	6.2	16.5	2.45	18	285
0.0688	0.00583505154639175	170.56	3.72	-0.21	0.01	4.63	0.9	-0.92	2.92	1.44	40.92	5.96	16.65	2.5	18	287
0.069340206185567	0.00587628865979381	171.91	3.76	-0.22	0.01	4.67	0.9	-0.93	2.95	1.4	40.92	5.92	16.8	2.55	18	289
0.0699051546391753	0.00589690721649485	173.28	3.76	-0.2	0.01	4.71	0.91	-0.93	2.98	1.4	40.9	6.04	16.85	2.55	13	289
0.0704618556701031	0.006	174.63	3.76	-0.2	0.02	4.78	0.92	-0.93	3.01	1.4	40.92	6.26	17.1	2.55	13	293
0.071059793814433	0.00606185567010309	176.18	3.86	-0.19	0.02	4.83	0.93	-0.94	3.04	1.38	40.92	6.2	17.25	2.55	10	294
0.0716577319587629	0.00608247422680412	177.64	3.87	-0.21	0	4.89	0.94	-0.94	3.08	1.38	40.92	6.12	17.3	2.55	10	296
0.0722886597938144	0.00612371134020619	179.17	3.87	-0.23	-0.02	4.92	0.94	-0.94	3.1	1.34	40.92	6	17.5	2.65	15	298
0.0728329896907216	0.00618556701030928	180.56	3.94	-0.2	0.01	4.98	0.96	-0.95	3.14	1.36	40.92	6.36	17.55	2.55	13	301
0.0734185567010309	0.00622680412371134	182.01	3.97	-0.2	0.02	5.02	0.96	-0.95	3.17	1.34	40.92	6.44	17.7	2.6	10	301
0.0739381443298969	0.00624742268041237	183.28	3.98	-0.2	0.01	5.05	0.97	-0.97	3.18	1.34	40.92	6.28	17.8	2.65	13	304
0.0742639175257732	0.00622680412371134	184.06	3.97	-0.19	-0.01	5.07	0.97	-0.97	3.2	1.34	40.92	6.24	17.8	2.7	13	305
0.0745525773195876	0.00630927835051546	184.75	3.96	-0.19	0	5.1	0.98	-0.96	3.24	1.32	40.92	6.14	18	2.7	13	305
0.0752288659793814	0.00632989690721649	186.5	4.07	-0.2	0	5.18	1	-0.98	3.28	1.3	40.92	6.22	18.15	2.8	8	308
0.0759134020618557	0.00643298969072165	188.16	4.07	-0.2	0	5.2	1	-0.97	3.29	1.28	40.92	6.1	18.35	2.75	8	308
0.0765154639175258	0.00647422680412371	189.62	4.07	-0.21	0.01	5.25	1.01	-0.99	3.33	1.3	40.92	6.16	18.45	2.75	13	310
0.077039175257732	0.00655670103092783	190.99	4.17	-0.19	0.01	5.3	1.02	-0.99	3.36	1.28	40.92	6.08	18.7	2.8	10	312
0.078140206185567	0.00661855670103093	193.66	4.17	-0.2	0	5.39	1.06	-1.02	3.41	1.28	13.42	5.98	18.9	2.85	8	313
0.0793855670103093	0.00670103092783505	196.79	4.28	-0.21	0.02	5.51	1.06	-1.01	3.48	1.28	15.82	5.84	19.1	2.85	5	318
0.0802309278350515	0.00678350515463918	198.84	4.28	-0.25	-0.01	5.57	1.08	-1.03	3.52	1.3	17.68	5.38	19.35	2.9	0	321
0.0805154639175258	0.00678350515463918	199.63	4.38	-0.21	0	5.6	1.09	-1.02	3.52	1.3	17.88	5.36	19.4	2.95	5	317
0.0805154639175258	0.00680412371134021	199.73	4.48	-0.19	-0.02	5.59	1.12	-1.09	3.52	1.26	65.48	5.3	19.4	2.9	0	300
0.0802268041237113	0.00676288659793815	199.04	4.49	-0.19	0	5.53	1.13	-1.09	3.53	1.28	65.48	5.16	19.3	2.9	0	285
0.0794515463917526	0.00670103092783505	197.16	4.49	-0.2	0	5.56	1.13	-1.1	3.53	1.28	65.6	4.28	19.15	2.9	-3	275
0.0788082474226804	0.00663917525773196	195.6	4.49	-0.19	0	5.55	1.13	-1.1	3.53	1.28	65.8	3.82	18.95	2.85	-8	265
0.0781237113402062	0.00657731958762887	193.94	4.49	-0.2	0.01	5.53	1.13	-1.1	3.52	1.3	65.58	3.82	18.8	2.85	-10	256
0.0774762886597938	0.00651546391752577	192.36	4.48	-0.2	-0.01	5.51	1.13	-1.1	3.49	1.28	65.24	3.72	18.65	2.85	-8	251
0.0767752577319588	0.00647422680412371	190.61	4.43	-0.21	0	5.47	1.13	-1.1	3.46	1.28	64.8	3.58	18.5	2.8	-5	244
0.0761030927835052	0.00639175257731959	188.93	4.38	-0.21	-0.01	5.41	1.13	-1.1	3.43	1.26	64.34	3.7	18.3	2.8	-5	235
0.0753814432989691	0.00635051546391753	187.18	4.38	-0.21	-0.01	5.38	1.13	-1.1	3.4	1.26	63.66	3.7	18.15	2.75	-10	230
0.0741319587628866	0.00628865979381443	184.16	4.39	-0.21	0.01	5.28	1.12	-1.09	3.33	1.28	61.74	4.12	17.85	2.6	-5	222
0.0725649484536083	0.00612371134020619	180.35	4.38	-0.21	0.01	5.15	1.13	-1.09	3.23	1.26	62.38	4.26	17.5	2.65	-8	210
0.0715134020618557	0.00604123711340206	177.7	4.28	-0.21	0.01	5.06	1.13	-1.09	3.16	1.26	61.46	4.38	17.25	2.6	-3	200
0.07	0.00591752577319588	174.03	4.28	-0.22	0	4.92	1.13	-1.11	3.07	1.24	60.18	4.02	16.95	2.6	-5	191
0.0677278350515464	0.00571134020618557	168.43	4.19	-0.21	0.01	4.71	1.12	-1.08	2.95	1.26	58.2	4.42	16.35	2.5	-5	176
0.0646309278350516	0.0054639175257732	160.9	4.17	-0.21	0.02	4.44	1.13	-1.12	2.77	1.24	51.86	4.54	15.6	2.35	-8	160
0.0631587628865979	0.00529896907216495	157.23	4.07	-0.21	0	4.29	1.12	-1.1	2.7	1.24	51.86	4.36	15.2	2.35	-3	151
0.0612989690721649	0.00517525773195876	152.71	4.06	-0.21	0	4.13	1.11	-1.1	2.59	1.22	105.34	4.68	14.75	2.2	-5	140
0.0596659793814433	0.00501030927835052	148.67	3.98	-0.22	0	3.96	1.13	-1.09	2.5	1.2	105.34	4.68	14.3	2.15	-3	131
0.0553814432989691	0.00463917525773196	138.16	3.86	-0.21	-0.01	3.56	1.13	-1.12	2.26	1.1	104.28	4.34	13.3	2.05	-5	111
0.0534680412371134	0.00447422680412371	133.4	3.74	-0.15	-0.02	3.39	1.13	-1.1	2.18	1.12	103.14	4.42	12.8	1.95	-5	100
0.0516742268041237	0.00430927835051546	128.96	3.65	-0.12	-0.01	3.23	1.13	-1.07	2.1	1.12	102.06	4.62	12.35	1.9	-5	91
0.0496164948453608	0.00412371134020619	123.87	3.55	-0.11	-0.01	3.03	1.13	-1.08	1.99	1.1	100.66	4.46	11.85	1.85	-5	80
0.0474639175257732	0.00393814432989691	118.55	3.45	-0.11	-0.01	2.84	1.13	-1.09	1.89	1.06	99.4	4.56	11.3	1.75	-5	69
0.0453567010309278	0.0037319587628866	113.44	3.45	-0.11	0	2.65	1.14	-1.09	1.79	1.06	98.66	4.7	10.75	1.7	-5	62
0.0429319587628866	0.00354639175257732	107.36	3.25	-0.1	0	2.44	1.14	-1.08	1.71	1.02	96.98	4.76	10.25	1.65	-5	50
0.0407463917525773	0.00336082474226804	101.95	3.14	-0.1	0	2.25	1.12	-1.09	1.65	1	95.88	4.68	9.7	1.55	-5	42
0.0384123711340206	0.00319587628865979	96.17	3.02	-0.09	-0.01	2.11	1.11	-1.06	1.63	0.92	95.64	4.54	9.15	1.4	-5	30
0.0362268041237113	0.00305154639175258	90.77	2.92	-0.07	0	1.96	1.03	-1.06	1.61	0.9	94.34	4.62	8.7	1.3	0	21
0.0340824742268041	0.00284536082474227	85.37	2.72	-0.1	0	1.81	1.03	-1.05	1.61	0.86	93.76	4.4	8.2	1.3	-10	12
0.0316	0.00257731958762887	79.19	2.56	-0.1	0.02	1.66	0.99	-1.04	1.62	0.8	93.04	4.8	7.5	1.25	-13	-1
