4.5360824742268e-05	5	0	0
4.5360824742268e-05	6	-2.06185567010309e-05	3
0.00065979381443299	19	4.12371134020619e-05	0
0.00131958762886598	26	0.000103092783505155	8
0.00202474226804124	34	0.000185567010309278	20
0.00273814432989691	39	0.000206185567010309	25
0.00344742268041237	43	0.000247422680412371	23
0.00411134020618557	46	0.000329896907216495	23
0.00479175257731959	58	0.00043298969072165	53
0.00541443298969072	71	0.000474226804123711	88
0.00607422680412371	86	0.000556701030927835	128
0.00664742268041237	101	0.000577319587628866	163
0.00710103092783505	110	0.000597938144329897	183
0.0077979381443299	124	0.000639175257731959	225
0.00845773195876289	137	0.000701030927835052	268
0.00909690721649484	151	0.000762886597938144	308
0.00965360824742268	165	0.000845360824742268	345
0.0102762886597938	179	0.000804123711340206	383
0.0108701030927835	195	0.000845360824742268	423
0.0111711340206186	201	0.00088659793814433	443
0.0119546391752577	219	0.00103092783505155	488
0.0125278350515464	234	0.00109278350515464	525
0.0131587628865979	248	0.00111340206185567	560
0.0137154639175258	262	0.00119587628865979	590
0.0143051546391753	270	0.00115463917525773	620
0.0148948453608247	282	0.00125773195876289	653
0.0152907216494845	292	0.00123711340206186	668
0.0159010309278351	303	0.00134020618556701	698
0.0169896907216495	313	0.00144329896907216	730
0.0174927835051546	323	0.00152577319587629	755
0.0186268041237113	330	0.00156701030927835	765
0.0191711340206186	339	0.00164948453608247	785
0.0197360824742268	346	0.00169072164948454	800
