-0.00208942109436954	5
-0.00208942109436954	6
-0.00147498810467882	19
-0.000815194290245831	26
-0.000110039651070571	34
0.000603362410785098	39
0.00131264076130056	43
0.00197655828707376	46
0.00265697065820778	58
0.00327965107057891	71
0.0039394448850119	86
0.00451264076130056	101
0.00496624900872324	110
0.00566315622521809	124
0.00632295003965108	137
0.00696212529738303	151
0.00751882632831087	165
0.00814150674068199	179
0.00873532117367169	195
0.00903635210150679	201
0.00981985725614589	219
0.0103930531324346	234
0.0110239809674861	248
0.011580681998414	262
0.0121703727200635	270
0.0127600634417129	282
0.0131559397303727	292
0.0137662490087233	303
0.0148549088025377	313
0.0153580015860428	323
0.0164920222045995	330
0.0170363521015068	339
0.017601300555115	346
