## NFILE T1 T2 CB1 CB2 P1 P2 RWALL1 RWALL2 XMAX1 XMAX2 GMAX1 GMAX2 YMAX1 YMAX2 CEMAX1 CEMAX2
 1    0.10596E+01    0.45658E+00    0.50000E-01    0.77545E-01    0.17682E+01    0.11877E+01    0.97022E+01    0.65171E+01    0.17773E+03    0.20001E+03    0.64630E+00    0.80005E+00    0.21733E+03    0.35394E+03    0.78312E+02    0.16901E+02
 2    0.75304E+00    0.32641E+00    0.10000E+00    0.15020E+00    0.35365E+01    0.23005E+01    0.19404E+02    0.12623E+02    0.20000E+03    0.11323E+02    0.72727E+00    0.45291E-01    0.20625E+03    0.32547E+02    0.17809E+03    0.56358E+02
 3    0.61699E+00    0.26845E+00    0.15000E+00    0.22053E+00    0.53047E+01    0.33777E+01    0.29107E+02    0.18534E+02    0.20002E+03    0.10816E+02    0.72736E+00    0.43264E-01    0.14688E+03    0.38728E+02    0.27635E+03    0.86464E+02
 4    0.53576E+00    0.23376E+00    0.20000E+00    0.28929E+00    0.70729E+01    0.44309E+01    0.38809E+02    0.24312E+02    0.20001E+03    0.90087E+01    0.72732E+00    0.36035E-01    0.12017E+03    0.33676E+02    0.46808E+03    0.12276E+03
 5    0.43915E+00    0.19234E+00    0.30000E+00    0.42400E+00    0.10609E+02    0.64942E+01    0.58213E+02    0.35633E+02    0.19007E+02    0.46254E+01    0.69116E-01    0.18502E-01    0.75220E+02    0.27430E+02    0.63592E+03    0.12552E+03
 6    0.38152E+00    0.16758E+00    0.40000E+00    0.55503E+00    0.14146E+02    0.85012E+01    0.77618E+02    0.46646E+02    0.11175E+02    0.72231E+01    0.40637E-01    0.28892E-01    0.65770E+02    0.31075E+02    0.55955E+03    0.14988E+03
 7    0.34211E+00    0.15060E+00    0.50000E+00    0.68371E+00    0.17682E+02    0.10472E+02    0.97022E+02    0.57460E+02    0.57652E+01    0.11247E+02    0.20964E-01    0.44989E-01    0.51832E+02    0.50983E+02    0.45051E+03    0.21594E+03
 8    0.31297E+00    0.13802E+00    0.60000E+00    0.81055E+00    0.21219E+02    0.12415E+02    0.11643E+03    0.68120E+02    0.11864E+02    0.26188E+01    0.43142E-01    0.10475E-01    0.60998E+02    0.39831E+02    0.68996E+03    0.85418E+02
 9    0.29029E+00    0.12821E+00    0.70000E+00    0.93590E+00    0.24755E+02    0.14335E+02    0.13583E+03    0.78655E+02    0.91314E+01    0.22283E+01    0.33205E-01    0.89133E-02    0.49913E+02    0.34600E+02    0.46108E+03    0.91279E+02
10    0.27199E+00    0.12028E+00    0.80000E+00    0.10600E+01    0.28292E+02    0.16236E+02    0.15524E+03    0.89084E+02    0.94961E+01    0.18407E+01    0.34531E-01    0.73628E-02    0.60467E+02    0.37209E+02    0.54229E+03    0.69599E+02
11    0.25680E+00    0.11368E+00    0.90000E+00    0.11830E+01    0.31828E+02    0.18120E+02    0.17464E+03    0.99424E+02    0.44272E+01    0.29669E+01    0.16099E-01    0.11868E-01    0.44340E+02    0.39026E+02    0.27131E+03    0.13222E+03
12    0.24394E+00    0.10809E+00    0.10000E+01    0.13051E+01    0.35365E+02    0.19990E+02    0.19404E+03    0.10969E+03    0.34602E+01    0.24583E+01    0.12583E-01    0.98332E-02    0.43300E+02    0.37766E+02    0.25353E+03    0.12728E+03
