#変形角	gamma	gamma2	変位計1	変位計2	変位計3	変位計4	変位計5	変位計6	変位計7	変位計8	変位計9	変位計10	変位計11	変位計12	変位計13	荷重14	荷重0
3.71134020618557e-05	0	0.08	-0.01	0	-0.01	0	0.01	0	0.01	0.02	0	0	0.5	0.5	0	4
0.000742268041237113	0.000618556701030928	1.8	0	-0.01	0.01	0.14	-0.04	0.06	-0.24	-0.02	-0.16	0	2	0.5	0	63
0.0029319587628866	0.00268041237113402	7.32	0.21	-0.09	0.3	0.62	-0.24	0.17	-0.9	0.22	-0.02	0	8	1.5	0	222
0.00391340206185567	0.00309278350515464	9.79	0.3	-0.1	0.3	0.8	-0.31	0.21	-0.94	0.52	0.2	0	9	1.5	0	281
0.00371546391752577	0.00268041237113402	9.33	0.32	-0.09	0.31	0.71	-0.32	0.21	-0.94	0.56	0.2	0	7.5	1	0	231
0.00270515463917526	0.00164948453608247	6.88	0.32	-0.1	0.21	0.57	-0.31	0.18	-0.68	0.56	0.2	0	4.5	0.5	0	105
0.00108453608247423	0.000412371134020619	2.93	0.3	-0.1	0.1	0.28	-0.18	0.1	-0.34	0.56	0.22	0	1	0	0	14
0.000255670103092783	0	0.83	0.21	-0.11	-0.03	0.09	-0.12	0.05	-0.26	0.34	0.14	0	0	0	0	-14
-0.000123711340206186	-0.000412371134020619	-0.1	0.2	-0.1	-0.01	0	-0.09	0.01	-0.15	0.24	0.14	0	0	1	0	-34
-0.000750515463917526	-0.000824742268041237	-1.72	0.1	-0.1	-0.13	-0.16	-0.01	-0.05	0.07	0.42	0.3	0	-2	0	0	-83
-0.00134845360824742	-0.00144329896907216	-3.25	0.02	-0.1	-0.33	-0.29	0.05	-0.13	0.14	0.92	0.76	0	-4	-0.5	0	-122
-0.00181855670103093	-0.00144329896907216	-4.4	0.01	-0.1	-0.43	-0.42	0.06	-0.21	0.13	1.48	1.32	0	-4.5	-1	0	-147
-0.00317525773195876	-0.00268041237113402	-7.81	-0.11	-0.1	-0.43	-0.78	0.07	-0.43	0.01	2.94	3.12	0	-7.5	-1	0	-185
-0.00404123711340206	-0.00329896907216495	-10.11	-0.31	-0.09	-0.43	-0.95	0.06	-0.54	-0.06	3.74	4.2	0	-9	-1	0	-195
-0.00497731958762887	-0.00412371134020619	-12.48	-0.41	-0.1	-0.41	-1.1	0.07	-0.62	-0.14	4.52	5.16	0	-11.5	-1.5	0	-206
-0.00515876288659794	-0.00391752577319588	-12.94	-0.43	-0.1	-0.41	-1.1	0.05	-0.66	-0.16	4.52	5.18	0	-11	-1.5	0	-202
-0.0045360824742268	-0.00329896907216495	-11.33	-0.33	-0.09	-0.42	-1.05	0.05	-0.65	-0.15	3.98	4.66	0	-9.5	-1.5	0	-181
-0.00407835051546392	-0.00329896907216495	-10.2	-0.31	-0.09	-0.42	-1	0.06	-0.62	-0.1	3.56	4.2	0	-8.5	-0.5	0	-168
-0.00352577319587629	-0.00309278350515464	-8.75	-0.2	-0.09	-0.39	-0.89	0.07	-0.59	-0.02	2.96	3.58	0	-7.5	0	0	-151
-0.00290309278350515	-0.0022680412371134	-7.25	-0.21	-0.09	-0.41	-0.78	0.07	-0.55	0.08	2.22	2.84	0	-6	-0.5	0	-128
-0.00231340206185567	-0.00185567010309278	-5.72	-0.11	-0.09	-0.39	-0.62	0.1	-0.46	0.19	1.48	2.12	0	-4.5	0	0	-100
-0.00157113402061856	-0.00103092783505155	-3.91	-0.1	-0.11	-0.39	-0.43	0.1	-0.32	0.24	0.7	1.34	0	-2.5	0	0	-59
-0.000668041237113402	-0.000618556701030928	-1.62	0	-0.1	-0.32	-0.18	0.06	-0.18	0.15	0.04	0.44	0	-1.5	0	0	1
-0.000474226804123711	-0.000412371134020619	-1.15	0	-0.1	-0.2	-0.13	0.04	-0.15	0.12	0	0.34	0	-1	0	0	11
-0.000202061855670103	-0.000412371134020619	-0.49	0	-0.09	-0.19	-0.07	0.02	-0.12	0.08	0	0.28	0	-0.5	0.5	0	23
-4.94845360824742e-05	-0.000206185567010309	-0.11	0.01	-0.09	-0.22	-0.06	0.01	-0.1	0.06	0	0.26	0	0	0.5	0	26
0.000230927835051546	0.000206185567010309	0.65	0.09	-0.1	-0.22	0.02	-0.03	-0.06	0.02	0.1	0.2	0	0.5	0	0	37
0.000424742268041237	0.000618556701030928	1.13	0.1	-0.08	-0.19	0.07	-0.05	-0.04	-0.01	0.16	0.14	0	1.5	0	0	35
0.000775257731958763	0.00103092783505155	1.99	0.11	-0.1	-0.09	0.16	-0.08	-0.01	-0.08	0.2	0.12	0	2.5	0	0	57
0.00124536082474227	0.00144329896907216	3.22	0.2	-0.1	-0.12	0.25	-0.13	0.03	-0.21	0.28	0.1	0	4	0.5	0	75
0.00185154639175258	0.00144329896907216	4.69	0.2	-0.1	0.09	0.35	-0.19	0.06	-0.49	0.34	0.1	0	4.5	1	0	104
0.00234639175257732	0.0022680412371134	5.89	0.2	-0.1	0.21	0.46	-0.23	0.08	-0.7	0.38	0.1	0	6.5	1	0	133
0.00269278350515464	0.00206185567010309	6.84	0.31	-0.09	0.32	0.53	-0.25	0.11	-0.79	0.44	0.1	0	6.5	1.5	0	161
0.0031340206185567	0.00268041237113402	7.92	0.32	-0.1	0.31	0.63	-0.28	0.13	-0.84	0.5	0.14	0	8	1.5	0	202
0.00345567010309278	0.00268041237113402	8.68	0.3	-0.11	0.41	0.68	-0.29	0.15	-0.85	0.54	0.16	0	8	1.5	0	228
0.00343917525773196	0.00247422680412371	8.64	0.3	-0.1	0.41	0.65	-0.3	0.15	-0.86	0.54	0.16	0	7	1	0	217
0.00284536082474227	0.00288659793814433	7.22	0.32	-0.1	0.31	0.56	-0.29	0.15	-0.75	0.58	0.18	0	7	0	0	132
0.00242061855670103	0.00185567010309278	6.18	0.31	-0.11	0.1	0.53	-0.25	0.15	-0.52	0.58	0.2	0	5	0.5	0	92
0.00190103092783505	0.00164948453608247	4.93	0.32	-0.12	0	0.45	-0.23	0.13	-0.3	0.64	0.22	0	3.5	-0.5	0	60
0.00149278350515464	0.000824742268041237	3.94	0.32	-0.1	-0.09	0.39	-0.21	0.11	-0.21	0.62	0.28	0	2.5	0.5	0	40
0.00088659793814433	0.000412371134020619	2.47	0.32	-0.1	-0.09	0.29	-0.14	0.07	-0.11	0.62	0.34	0	1	0	0	14
0.000531958762886598	0.000206185567010309	1.51	0.22	-0.11	-0.23	0.21	-0.09	0.04	-0.07	0.62	0.34	0	0.5	0	0	3
0.000338144329896907	0.000206185567010309	1.03	0.21	-0.1	-0.2	0.18	-0.08	0.03	-0.06	0.6	0.34	0	0.5	0	0	-1
0.000107216494845361	0.000412371134020619	0.46	0.2	-0.1	-0.23	0.1	-0.06	0	-0.04	0.54	0.34	0	1	0	0	-9
2.47422680412371e-05	-0.000206185567010309	0.27	0.21	-0.12	-0.2	0.09	-0.05	-0.01	-0.04	0.48	0.32	0	-0.5	0	0	-13
-0.00017319587628866	-0.000412371134020619	-0.2	0.22	-0.09	-0.19	0.04	-0.04	-0.02	-0.02	0.4	0.34	0	-1	0	0	-18
-0.00043298969072165	-0.000618556701030928	-0.87	0.18	-0.1	-0.19	0	-0.02	-0.04	0.03	0.34	0.36	0	-1.5	0	0	-27
-0.0008	-0.00103092783505155	-1.82	0.12	-0.09	-0.3	-0.11	0.01	-0.09	0.12	0.4	0.52	0	-2.5	0	0	-55
-0.00145567010309278	-0.00123711340206186	-3.42	0.11	-0.09	-0.3	-0.3	0.06	-0.21	0.22	0.88	1.04	0	-4	-1	0	-98
-0.002	-0.00164948453608247	-4.86	-0.01	-0.1	-0.4	-0.46	0.08	-0.31	0.21	1.5	1.7	0	-5	-1	0	-128
-0.00258969072164948	-0.0022680412371134	-6.38	-0.1	-0.1	-0.4	-0.65	0.07	-0.41	0.14	2.2	2.48	0	-6.5	-1	0	-151
-0.00356701030927835	-0.00288659793814433	-8.86	-0.21	-0.1	-0.4	-0.87	0.08	-0.51	0.03	3.16	3.6	0	-8.5	-1.5	0	-176
-0.0042639175257732	-0.00350515463917526	-10.66	-0.32	-0.09	-0.4	-1.03	0.07	-0.59	-0.05	3.84	4.4	0	-10	-1.5	0	-193
-0.00481237113402062	-0.00371134020618557	-12	-0.33	-0.1	-0.41	-1.1	0.07	-0.63	-0.09	4.24	4.9	0	-10.5	-1.5	0	-199
-0.00515876288659794	-0.00412371134020619	-12.95	-0.44	-0.09	-0.44	-1.16	0.05	-0.67	-0.12	4.6	5.26	0	-11.5	-1.5	0	-206
-0.00535670103092784	-0.00391752577319588	-13.4	-0.41	-0.09	-0.5	-1.15	0.04	-0.68	-0.14	4.62	5.28	0	-11.5	-2	0	-203
-0.00451134020618557	-0.00329896907216495	-11.25	-0.31	-0.08	-0.48	-1.06	0.04	-0.67	-0.13	3.9	4.64	0	-9	-1	0	-178
-0.00402474226804124	-0.00309278350515464	-10.09	-0.33	-0.1	-0.45	-0.99	0.04	-0.65	-0.07	3.44	4.16	0	-8.5	-1	0	-163
-0.00351752577319588	-0.00309278350515464	-8.76	-0.23	-0.11	-0.42	-0.9	0.06	-0.61	0	2.9	3.58	0	-7.5	0	0	-147
-0.00312577319587629	-0.00247422680412371	-7.81	-0.23	-0.1	-0.41	-0.81	0.06	-0.57	0.07	2.44	3.12	0	-6	0	0	-134
-0.00274639175257732	-0.0022680412371134	-6.88	-0.22	-0.11	-0.41	-0.72	0.08	-0.53	0.12	2.02	2.68	0	-5.5	0	0	-117
-0.00238350515463917	-0.0022680412371134	-5.89	-0.11	-0.09	-0.41	-0.63	0.09	-0.48	0.2	1.52	2.22	0	-4.5	1	0	-100
-0.00172371134020619	-0.00144329896907216	-4.29	-0.11	-0.1	-0.41	-0.44	0.11	-0.36	0.25	0.78	1.5	0	-3.5	0	0	-62
-0.00124948453608247	-0.00123711340206186	-3.15	-0.12	-0.11	-0.31	-0.31	0.1	-0.28	0.24	0.36	0.98	0	-3	0	0	-34
-0.000779381443298969	-0.000618556701030928	-1.91	-0.02	-0.1	-0.3	-0.2	0.07	-0.21	0.16	0.06	0.5	0	-1	0.5	0	-4
-0.00062680412371134	-0.000824742268041237	-1.53	-0.01	-0.1	-0.29	-0.16	0.06	-0.19	0.14	0.02	0.44	0	-1.5	0.5	0	5
-0.000478350515463917	-0.000618556701030928	-1.16	0	-0.1	-0.2	-0.11	0.04	-0.17	0.11	0	0.38	0	-1	0.5	0	13
-0.000164948453608247	0	-0.39	0.01	-0.09	-0.21	-0.06	0.02	-0.12	0.07	0	0.32	0	0.5	0.5	0	24
-0.000136082474226804	-0.000206185567010309	-0.3	0.03	-0.09	-0.19	-0.05	0.02	-0.11	0.07	0.02	0.3	0	0	0.5	0	22
0.000107216494845361	0.000206185567010309	0.37	0.11	-0.1	-0.2	0.02	-0.01	-0.07	0.04	0.1	0.26	0	0.5	0	0	33
0.000507216494845361	0.000824742268041237	1.32	0.09	-0.11	-0.21	0.1	-0.05	-0.05	-0.02	0.18	0.2	0	1.5	-0.5	0	46
0.000461855670103093	0.000618556701030928	1.22	0.1	-0.1	-0.2	0.1	-0.06	-0.04	0.01	0.26	0.14	0	1.5	0	0	35
0.00116701030927835	0.00144329896907216	3.03	0.2	-0.11	-0.11	0.26	-0.12	0.03	-0.18	0.32	0.1	0	3.5	0	0	71
0.00202886597938144	0.00103092783505155	5.13	0.21	-0.11	0.1	0.4	-0.21	0.07	-0.57	0.4	0.1	0	5	2.5	0	110
0.00277113402061856	0.00268041237113402	7.03	0.31	-0.11	0.3	0.57	-0.26	0.11	-0.8	0.48	0.14	0	7	0.5	0	165
0.00336494845360825	0.00288659793814433	8.48	0.32	-0.1	0.4	0.69	-0.3	0.14	-0.86	0.54	0.16	0	8.5	1.5	0	221
0.00395463917525773	0.00288659793814433	10	0.41	-0.11	0.4	0.84	-0.33	0.18	-0.88	0.66	0.28	0	9.5	2.5	0	289
0.00430515463917526	0.00350515463917526	10.86	0.42	-0.11	0.43	0.91	-0.36	0.2	-0.89	0.78	0.36	0	10	1.5	0	319
0.00470103092783505	0.00391752577319588	11.91	0.51	-0.09	0.51	0.98	-0.37	0.2	-0.9	0.94	0.5	0	11.5	2	0	350
0.00516701030927835	0.0045360824742268	13.05	0.52	-0.11	0.5	1.07	-0.4	0.23	-0.91	1.2	0.66	0	13.5	2.5	0	380
0.00555051546391753	0.00474226804123711	14.09	0.63	-0.1	0.5	1.14	-0.43	0.26	-0.93	1.42	0.84	0	14	2.5	0	406
0.0056	0.0043298969072165	14.3	0.72	-0.1	0.52	1.09	-0.45	0.27	-0.93	1.58	0.92	0	12.5	2	0	357
0.00496907216494845	0.00391752577319588	12.76	0.71	-0.1	0.5	1.01	-0.45	0.26	-0.93	1.54	0.84	0	11	1.5	0	255
0.0045319587628866	0.00371134020618557	11.71	0.72	-0.1	0.41	0.95	-0.43	0.25	-0.91	1.52	0.78	0	10	1	0	191
0.00406185567010309	0.00350515463917526	10.57	0.72	-0.11	0.3	0.9	-0.41	0.24	-0.8	1.5	0.74	0	9.5	1	0	140
0.00362474226804124	0.00309278350515464	9.51	0.72	-0.1	0.23	0.85	-0.38	0.23	-0.67	1.48	0.74	0	8.5	1	0	104
0.00297319587628866	0.00268041237113402	7.8	0.59	-0.11	-0.01	0.75	-0.35	0.21	-0.41	1.48	0.74	0	7	0.5	0	62
0.00256494845360825	0.00206185567010309	6.83	0.61	-0.1	-0.08	0.69	-0.31	0.19	-0.29	1.48	0.78	0	5.5	0.5	0	45
0.00193814432989691	0.00164948453608247	5.32	0.62	-0.1	-0.1	0.56	-0.26	0.16	-0.18	1.48	0.82	0	4	0	0	22
0.00150927835051546	0.00144329896907216	4.18	0.52	-0.11	-0.1	0.44	-0.2	0.12	-0.11	1.48	0.8	0	3.5	0	0	8
0.00119587628865979	0.00123711340206186	3.41	0.51	-0.12	-0.21	0.38	-0.17	0.11	-0.07	1.48	0.78	0	3	0	0	-2
0.0008	0.00103092783505155	2.46	0.52	-0.1	-0.2	0.3	-0.13	0.07	-0.05	1.38	0.68	0	2.5	0	0	-9
0.000639175257731959	0.000824742268041237	2.08	0.53	-0.11	-0.2	0.27	-0.13	0.06	-0.06	1.3	0.62	0	2	0	0	-11
0.000470103092783505	0.000412371134020619	1.6	0.46	-0.1	-0.2	0.22	-0.11	0.04	-0.06	1.24	0.56	0	1.5	0.5	0	-14
0.000136082474226804	0.000206185567010309	0.76	0.43	-0.1	-0.2	0.13	-0.11	0	-0.04	0.96	0.52	0	1	0.5	0	-23
-0.000334020618556701	0	-0.39	0.42	-0.1	-0.2	0.02	-0.09	-0.04	-0.04	0.5	0.5	0	-0.5	-0.5	0	-29
-0.00103505154639175	-0.000618556701030928	-2.2	0.31	-0.11	-0.3	-0.18	-0.03	-0.13	0.11	0.6	0.84	0	-2	-0.5	0	-69
-0.00162474226804124	-0.00103092783505155	-3.73	0.21	-0.1	-0.4	-0.33	0.01	-0.23	0.17	1.12	1.36	0	-3	-0.5	0	-107
-0.00237525773195876	-0.00144329896907216	-5.64	0.12	-0.11	-0.4	-0.56	0.01	-0.38	0.13	1.98	2.32	0	-4.5	-1	0	-142
-0.0030639175257732	-0.0022680412371134	-7.34	0.09	-0.1	-0.4	-0.72	0.03	-0.46	0.06	2.66	3.08	0	-6.5	-1	0	-162
-0.00383092783505155	-0.00309278350515464	-9.34	-0.05	-0.1	-0.43	-0.91	0.02	-0.55	-0.02	3.46	3.98	0	-9	-1.5	0	-182
-0.00458144329896907	-0.00371134020618557	-11.33	-0.22	-0.1	-0.45	-1.04	0.01	-0.61	-0.1	4.14	4.78	0	-10.5	-1.5	0	-195
-0.00508865979381443	-0.00391752577319588	-12.66	-0.32	-0.1	-0.49	-1.11	-0.01	-0.66	-0.14	4.56	5.28	0	-11.5	-2	0	-202
-0.00543505154639175	-0.0045360824742268	-13.51	-0.33	-0.1	-0.51	-1.16	-0.05	-0.69	-0.19	4.84	5.6	0	-12.5	-1.5	0	-208
-0.00555876288659794	-0.0043298969072165	-13.8	-0.32	-0.09	-0.5	-1.16	-0.05	-0.7	-0.18	4.84	5.54	0	-12	-1.5	0	-200
-0.00485360824742268	-0.00371134020618557	-11.98	-0.21	-0.09	-0.5	-1.08	-0.05	-0.69	-0.17	4.26	5.06	0	-10	-1	0	-184
-0.00388041237113402	-0.00329896907216495	-9.52	-0.11	-0.09	-0.5	-0.94	0	-0.64	-0.06	3.28	4.02	0	-8	0	0	-154
-0.00298556701030928	-0.0022680412371134	-7.24	0	-0.1	-0.44	-0.75	0.02	-0.57	0.08	2.3	2.98	0	-5.5	0	0	-122
-0.0022020618556701	-0.00144329896907216	-5.34	0	-0.1	-0.4	-0.56	0.04	-0.47	0.2	1.38	2.12	0	-4	-0.5	0	-88
-0.00170309278350515	-0.00103092783505155	-4.03	0.1	-0.1	-0.4	-0.41	0.06	-0.37	0.22	0.8	1.54	0	-3	-0.5	0	-59
-0.00118762886597938	-0.000824742268041237	-2.76	0.12	-0.09	-0.32	-0.29	0.05	-0.28	0.2	0.34	0.9	0	-2	0	0	-26
-0.000705154639175258	-0.000618556701030928	-1.54	0.17	-0.09	-0.3	-0.15	0.01	-0.2	0.12	0.1	0.48	0	-1	0.5	0	3
-0.000478350515463917	-0.000206185567010309	-0.95	0.21	-0.1	-0.29	-0.09	-0.01	-0.17	0.09	0.04	0.4	0	0	0.5	0	12
-0.000127835051546392	0.000206185567010309	-0.1	0.21	-0.09	-0.19	-0.03	-0.04	-0.14	0.05	0.06	0.4	0	0.5	0	0	23
-0.000131958762886598	0	-0.1	0.22	-0.09	-0.2	-0.04	-0.04	-0.13	0.05	0.02	0.4	0	0	0	0	24
0.000288659793814433	0.000412371134020619	1.04	0.34	-0.09	-0.2	0.08	-0.08	-0.07	0.01	0.22	0.38	0	1	0	0	36
0.000564948453608247	0.000824742268041237	1.7	0.33	-0.1	-0.2	0.14	-0.11	-0.03	-0.01	0.44	0.3	0	2	0	0	32
0.00103917525773196	0.000824742268041237	2.85	0.33	-0.1	-0.1	0.24	-0.14	0.02	-0.09	0.5	0.26	0	2.5	0.5	0	57
0.00162886597938144	0.00185567010309278	4.37	0.42	-0.11	-0.1	0.35	-0.19	0.06	-0.24	0.68	0.28	0	5	0.5	0	74
0.00234639175257732	0.00206185567010309	6.17	0.48	-0.09	0.1	0.48	-0.26	0.09	-0.53	0.86	0.28	0	6	1	0	104
0.00327422680412371	0.00288659793814433	8.48	0.54	-0.1	0.3	0.67	-0.33	0.14	-0.77	1.1	0.42	0	8.5	1.5	0	156
0.00382268041237113	0.00329896907216495	9.91	0.64	-0.1	0.41	0.8	-0.36	0.18	-0.82	1.22	0.52	0	9.5	1.5	0	200
0.00451134020618557	0.00391752577319588	11.58	0.64	-0.1	0.41	0.92	-0.39	0.23	-0.87	1.34	0.64	0	11	1.5	0	261
0.00492371134020619	0.00391752577319588	12.68	0.74	-0.1	0.51	1.02	-0.42	0.25	-0.88	1.44	0.76	0	12	2.5	0	306
0.00555051546391753	0.0045360824742268	14.19	0.73	-0.1	0.51	1.14	-0.46	0.26	-0.9	1.6	0.92	0	13.5	2.5	0	372
0.0058639175257732	0.00494845360824742	15.07	0.85	-0.1	0.51	1.21	-0.48	0.28	-0.92	1.72	1.04	0	14.5	2.5	0	409
0.00605773195876289	0.00515463917525773	15.53	0.84	-0.1	0.51	1.23	-0.48	0.29	-0.95	1.78	1.06	0	15	2.5	0	409
0.00605773195876289	0.00515463917525773	15.54	0.85	-0.1	0.5	1.17	-0.5	0.27	-0.93	1.86	1.12	0	14.5	2	0	388
0.00538556701030928	0.00474226804123711	14.01	0.95	-0.09	0.51	1.1	-0.5	0.28	-0.93	1.8	1.04	0	13.5	2	0	272
0.00475876288659794	0.00412371134020619	12.48	0.94	-0.09	0.41	1.03	-0.47	0.25	-0.9	1.8	1	0	11	1	0	189
0.00400824742268041	0.00371134020618557	10.66	0.94	-0.12	0.24	0.94	-0.44	0.24	-0.71	1.76	0.94	0	10	1	0	115
0.00365360824742268	0.00309278350515464	9.71	0.85	-0.1	0.11	0.88	-0.41	0.24	-0.53	1.74	0.94	0	8.5	1	0	87
0.00302268041237113	0.00247422680412371	8.18	0.85	-0.1	0	0.79	-0.35	0.23	-0.25	1.76	0.94	0	7	1	0	56
0.00247422680412371	0.0022680412371134	6.85	0.85	-0.09	-0.1	0.69	-0.31	0.2	-0.12	1.72	0.98	0	6	0.5	0	36
0.00181030927835052	0.00144329896907216	5.13	0.74	-0.1	-0.1	0.55	-0.24	0.15	-0.01	1.74	1	0	4	0.5	0	13
0.0012659793814433	0.00144329896907216	3.79	0.72	-0.11	-0.21	0.43	-0.17	0.11	0.05	1.74	0.96	0	3.5	0	0	-1
0.000841237113402062	0.00103092783505155	2.75	0.71	-0.1	-0.2	0.33	-0.15	0.07	0.07	1.62	0.86	0	2	-0.5	0	-9
0.000560824742268041	0.000618556701030928	1.99	0.63	-0.1	-0.19	0.23	-0.12	0.04	0.07	1.52	0.72	0	1.5	0	0	-16
-0.000288659793814433	0	-0.1	0.6	-0.09	-0.2	0.04	-0.1	-0.04	0.08	0.66	0.6	0	0	0	0	-27
-0.0010020618556701	-0.000412371134020619	-1.91	0.52	-0.1	-0.3	-0.14	-0.05	-0.13	0.18	0.6	0.86	0	-1	0	0	-64
-0.00155051546391753	-0.000824742268041237	-3.33	0.43	-0.11	-0.4	-0.3	0.01	-0.22	0.23	1.04	1.34	0	-2.5	-0.5	0	-98
-0.00256907216494845	-0.0022680412371134	-5.91	0.32	-0.09	-0.4	-0.57	0	-0.39	0.17	2.12	2.5	0	-6	-0.5	0	-143
-0.00331546391752577	-0.00247422680412371	-7.82	0.22	-0.09	-0.4	-0.78	0	-0.48	0.08	2.94	3.38	0	-7	-1	0	-167
-0.00428041237113402	-0.00329896907216495	-10.39	-0.01	-0.1	-0.44	-0.97	0	-0.59	-0.02	3.88	4.5	0	-9.5	-1.5	0	-188
-0.00525360824742268	-0.0043298969072165	-12.85	-0.11	-0.09	-0.5	-1.12	-0.05	-0.67	-0.1	4.66	5.4	0	-12.5	-2	0	-201
-0.00552577319587629	-0.00412371134020619	-13.61	-0.21	-0.09	-0.5	-1.15	-0.07	-0.68	-0.12	4.84	5.6	0	-12	-2	0	-200
-0.00472577319587629	-0.00350515463917526	-11.54	-0.08	-0.09	-0.5	-1.05	-0.05	-0.68	-0.12	4.14	4.96	0	-10	-1.5	0	-176
-0.00384742268041237	-0.00309278350515464	-9.32	0.01	-0.11	-0.5	-0.92	-0.02	-0.64	-0.01	3.3	4.06	0	-7.5	0	0	-151
-0.00291134020618557	-0.00206185567010309	-6.95	0.11	-0.09	-0.45	-0.7	0.01	-0.55	0.16	2.18	2.9	0	-5	0	0	-116
-0.00204536082474227	-0.00164948453608247	-4.76	0.2	-0.08	-0.43	-0.51	0.03	-0.42	0.27	1.18	1.96	0	-4	0	0	-75
-0.00116288659793814	-0.000824742268041237	-2.48	0.34	-0.09	-0.3	-0.25	0.03	-0.26	0.23	0.32	0.86	0	-1.5	0.5	0	-21
-0.000680412371134021	-0.000412371134020619	-1.34	0.31	-0.1	-0.33	-0.14	-0.01	-0.19	0.16	0.16	0.54	0	-1	0	0	6
-0.000482474226804124	-0.000206185567010309	-0.87	0.3	-0.12	-0.33	-0.09	-0.04	-0.16	0.12	0.08	0.46	0	-0.5	0	0	14
-0.00025979381443299	0.000206185567010309	-0.2	0.43	-0.1	-0.2	-0.03	-0.06	-0.13	0.1	0.06	0.44	0	0.5	0	0	21
-0.000164948453608247	0	-0.01	0.39	-0.14	-0.24	-0.03	-0.07	-0.12	0.09	0.08	0.44	0	0.5	0.5	0	22
-0.000136082474226804	0.000206185567010309	0.09	0.42	-0.1	-0.2	-0.01	-0.07	-0.12	0.09	0.06	0.44	0	0.5	0	0	22
0.000169072164948454	0.000412371134020619	0.83	0.42	-0.09	-0.19	0.07	-0.1	-0.08	0.06	0.2	0.44	0	1.5	0.5	0	32
0.0008	0.000824742268041237	2.45	0.51	-0.11	-0.23	0.2	-0.16	0	0	0.46	0.46	0	2.5	0.5	0	48
0.00119175257731959	0.00123711340206186	3.41	0.52	-0.12	-0.13	0.28	-0.19	0.03	-0.07	0.6	0.34	0	3.5	0.5	0	58
0.00171546391752577	0.00185567010309278	4.74	0.58	-0.11	-0.12	0.39	-0.24	0.06	-0.2	0.78	0.36	0	5.5	1	0	74
0.00221030927835052	0.00206185567010309	5.99	0.63	-0.13	0	0.48	-0.28	0.08	-0.41	0.96	0.38	0	6	1	0	90
0.00271752577319588	0.00247422680412371	7.22	0.63	-0.12	0.11	0.57	-0.31	0.11	-0.59	1.1	0.44	0	7	1	0	111
0.00334845360824742	0.00329896907216495	8.85	0.73	-0.09	0.32	0.69	-0.35	0.15	-0.74	1.3	0.56	0	9	1	0	148
0.00401649484536082	0.00371134020618557	10.47	0.73	-0.09	0.41	0.82	-0.39	0.16	-0.82	1.44	0.66	0	10.5	1.5	0	193
0.00444536082474227	0.00350515463917526	11.63	0.85	-0.1	0.41	0.92	-0.42	0.19	-0.85	1.52	0.74	0	11	2.5	0	229
0.00484123711340206	0.00391752577319588	12.57	0.83	-0.12	0.39	0.99	-0.43	0.24	-0.88	1.6	0.82	0	12	2.5	0	267
0.00523711340206186	0.00412371134020619	13.54	0.84	-0.09	0.52	1.07	-0.47	0.26	-0.88	1.68	0.9	0	13	3	0	309
0.00569896907216495	0.0045360824742268	14.75	0.93	-0.13	0.51	1.17	-0.5	0.27	-0.9	1.8	1.04	0	14.5	3.5	0	362
0.00605773195876289	0.00494845360824742	15.64	0.95	-0.11	0.51	1.25	-0.52	0.29	-0.92	1.92	1.16	0	15	3	0	407
0.00664742268041237	0.00536082474226804	17.17	1.05	-0.19	0.61	1.37	-0.56	0.3	-0.95	2.16	1.34	0	16.5	3.5	0	457
0.00711340206185567	0.00577319587628866	18.42	1.17	-0.19	0.6	1.44	-0.57	0.32	-0.96	2.42	1.54	0	17.5	3.5	0	482
0.0074639175257732	0.00618556701030928	19.37	1.27	-0.2	0.61	1.5	-0.58	0.34	-0.99	2.72	1.68	0	18.5	3.5	0	494
0.0077319587628866	0.00639175257731959	20.13	1.38	-0.2	0.61	1.56	-0.61	0.35	-0.98	3	1.78	0	19	3.5	0	506
0.00812371134020618	0.00701030927835052	21.09	1.39	-0.2	0.67	1.62	-0.61	0.37	-1	3.24	1.94	0	20.5	3.5	0	523
0.00844536082474227	0.00742268041237113	22.05	1.57	-0.21	0.63	1.67	-0.63	0.37	-1.02	3.46	2.1	0	21.5	3.5	0	538
0.00882886597938144	0.00721649484536083	23.1	1.69	-0.21	0.64	1.76	-0.66	0.39	-1.03	3.72	2.26	0	21.5	4	0	552
0.00913814432989691	0.00804123711340206	24.06	1.9	-0.2	0.61	1.81	-0.67	0.4	-1.03	3.98	2.44	0	23.5	4	0	563
0.00957525773195876	0.00824742268041237	25.25	2.03	-0.29	0.6	1.87	-0.7	0.42	-1.04	4.28	2.66	0	24.5	4.5	0	583
0.00992164948453608	0.00865979381443299	26.27	2.21	-0.3	0.61	1.93	-0.71	0.43	-1.06	4.54	2.84	0	26	5	0	598
0.0101484536082474	0.00907216494845361	26.94	2.33	-0.3	0.61	1.97	-0.72	0.44	-1.06	4.7	2.98	0	26	4	0	607
0.0101525773195876	0.00927835051546392	27.05	2.43	-0.3	0.61	1.96	-0.74	0.44	-1.07	4.88	3.12	0	26.5	4	0	544
0.00931546391752578	0.00804123711340206	25.01	2.42	-0.3	0.62	1.76	-0.74	0.43	-1.07	4.72	2.98	0	23.5	4	0	382
0.00859381443298969	0.00762886597938144	23.29	2.45	-0.31	0.61	1.72	-0.71	0.42	-1.01	4.58	2.88	0	21.5	3	0	273
0.00796288659793814	0.00680412371134021	21.75	2.44	-0.31	0.5	1.64	-0.67	0.41	-0.93	4.48	2.8	0	19.5	3	0	200
0.00748865979381443	0.00639175257731959	20.6	2.44	-0.31	0.4	1.59	-0.63	0.4	-0.79	4.42	2.74	0	18.5	3	0	152
0.00694432989690722	0.00597938144329897	19.26	2.42	-0.3	0.2	1.5	-0.58	0.39	-0.63	4.38	2.72	0	17.5	3	0	110
0.00644123711340206	0.00556701030927835	18.03	2.41	-0.31	0.1	1.43	-0.56	0.38	-0.5	4.34	2.7	0	16.5	3	0	80
0.00589278350515464	0.00494845360824742	16.69	2.4	-0.31	0	1.34	-0.52	0.36	-0.35	4.32	2.64	0	15.5	3.5	0	58
0.00543505154639175	0.00474226804123711	15.57	2.39	-0.32	-0.1	1.26	-0.49	0.35	-0.22	4.3	2.68	0	14.5	3	0	44
0.00486185567010309	0.0043298969072165	14.11	2.32	-0.31	-0.1	1.18	-0.45	0.33	0.03	4.32	2.74	0	13	2.5	0	25
0.00432164948453608	0.00371134020618557	12.78	2.3	-0.31	-0.1	1.07	-0.4	0.3	0.2	4.38	2.76	0	11.5	2.5	0	10
0.00391340206185567	0.00371134020618557	11.8	2.31	-0.31	-0.21	1	-0.36	0.29	0.3	4.46	2.76	0	11.5	2.5	0	1
0.00368659793814433	0.00350515463917526	11.14	2.2	-0.31	-0.2	0.95	-0.33	0.27	0.3	4.44	2.8	0	10.5	2	0	-7
0.00360412371134021	0.00350515463917526	10.95	2.21	-0.31	-0.21	0.93	-0.32	0.26	0.33	4.46	2.82	0	10.5	2	0	-10
0.00355876288659794	0.00371134020618557	10.85	2.22	-0.31	-0.2	0.92	-0.31	0.27	0.32	4.46	2.8	0	11.5	2.5	0	-9
0.00325773195876289	0.00329896907216495	10.1	2.2	-0.3	-0.21	0.84	-0.28	0.24	0.4	4.48	2.88	0	10	2	0	-21
0.00278350515463918	0.00288659793814433	8.95	2.2	-0.3	-0.2	0.75	-0.24	0.21	0.42	4.4	2.88	0	8.5	1.5	0	-29
0.00250721649484536	0.00247422680412371	8.18	2.1	-0.3	-0.21	0.64	-0.22	0.18	0.43	4.22	2.88	0	8	2	0	-37
0.00218144329896907	0.0022680412371134	7.41	2.12	-0.3	-0.2	0.55	-0.2	0.15	0.43	3.86	2.84	0	7	1.5	0	-41
0.00144742268041237	0.00164948453608247	5.52	2.01	-0.3	-0.2	0.41	-0.2	0.11	0.35	2.18	2.6	0	5.5	1.5	0	-32
0.00062680412371134	0.000824742268041237	3.52	2	-0.3	-0.21	0.22	-0.19	0.04	0.29	0.92	2.58	0	3.5	1.5	0	-35
-0.000115463917525773	0.000412371134020619	1.61	1.89	-0.27	-0.3	0.02	-0.17	-0.05	0.3	0.86	2.72	0	2	1	0	-60
-0.000898969072164949	-0.000206185567010309	-0.39	1.79	-0.25	-0.31	-0.15	-0.16	-0.11	0.27	0.7	1.28	0	0	0.5	0	-56
-0.00155876288659794	-0.000824742268041237	-2.1	1.68	-0.22	-0.41	-0.32	-0.12	-0.22	0.3	1.2	1.6	0	-1.5	0.5	0	-96
-0.00198350515463918	-0.00103092783505155	-3.24	1.57	-0.2	-0.41	-0.45	-0.11	-0.3	0.29	1.64	2.04	0	-2.5	0	0	-118
-0.00252783505154639	-0.00185567010309278	-4.66	1.47	-0.21	-0.41	-0.6	-0.11	-0.39	0.22	2.24	2.64	0	-4	0.5	0	-141
-0.00316701030927835	-0.00206185567010309	-6.29	1.39	-0.21	-0.41	-0.74	-0.12	-0.46	0.16	2.9	3.34	0	-5	0	0	-158
-0.00374020618556701	-0.00309278350515464	-7.72	1.35	-0.2	-0.46	-0.86	-0.11	-0.54	0.1	3.44	3.94	0	-7.5	0	0	-171
-0.00435876288659794	-0.00371134020618557	-9.34	1.23	-0.2	-0.51	-0.98	-0.15	-0.6	0.04	4.06	4.6	0	-9	0	0	-184
-0.00489896907216495	-0.00412371134020619	-10.82	1.06	-0.21	-0.51	-1.08	-0.17	-0.65	-0.02	4.56	5.2	0	-10	0	0	-191
-0.00557525773195876	-0.0043298969072165	-12.57	0.95	-0.2	-0.51	-1.17	-0.23	-0.7	-0.08	5.12	5.86	0	-11	-0.5	0	-199
-0.00611958762886598	-0.00515463917525773	-14	0.84	-0.2	-0.51	-1.24	-0.27	-0.73	-0.12	5.56	6.34	0	-13	-0.5	0	-207
-0.00638762886597938	-0.00515463917525773	-14.75	0.74	-0.2	-0.51	-1.26	-0.28	-0.75	-0.14	5.68	6.48	0	-13	-0.5	0	-205
-0.0056659793814433	-0.0043298969072165	-12.78	0.96	-0.2	-0.52	-1.19	-0.25	-0.76	-0.15	5.08	5.96	0	-10.5	0	0	-184
-0.00507216494845361	-0.00391752577319588	-11.24	1.06	-0.19	-0.51	-1.14	-0.19	-0.74	-0.09	4.58	5.44	0	-9	0.5	0	-171
-0.00440824742268041	-0.00309278350515464	-9.53	1.16	-0.19	-0.51	-1.02	-0.15	-0.71	-0.04	3.9	4.74	0	-7.5	0	0	-153
-0.00370309278350515	-0.00247422680412371	-7.72	1.26	-0.2	-0.51	-0.89	-0.12	-0.65	0.04	3.12	3.98	0	-6	0	0	-134
-0.00291958762886598	-0.00206185567010309	-5.81	1.27	-0.23	-0.52	-0.74	-0.11	-0.58	0.14	2.26	3.12	0	-4.5	0.5	0	-108
-0.00218969072164948	-0.00144329896907216	-3.93	1.38	-0.2	-0.4	-0.55	-0.09	-0.47	0.26	1.38	2.24	0	-2.5	1	0	-75
-0.00159587628865979	-0.00123711340206186	-2.49	1.38	-0.2	-0.4	-0.39	-0.06	-0.35	0.28	0.76	1.52	0	-2	1	0	-46
-0.00085360824742268	-0.000412371134020619	-0.59	1.48	-0.22	-0.3	-0.18	-0.09	-0.22	0.21	0.24	0.72	0	0	1	0	-5
-0.000387628865979381	0	0.64	1.58	-0.2	-0.3	-0.08	-0.15	-0.16	0.15	0.18	0.58	0	1	1	0	15
-6.5979381443299e-05	0.000412371134020619	1.43	1.59	-0.2	-0.3	-0.01	-0.16	-0.14	0.12	0.18	0.6	0	2	1	0	21
0.000280412371134021	0.000618556701030928	2.26	1.58	-0.2	-0.28	0.07	-0.19	-0.08	0.11	0.36	0.6	0	3	1.5	0	29
0.00110103092783505	0.00103092783505155	4.35	1.68	-0.2	-0.2	0.24	-0.26	0.01	0.05	0.96	0.62	0	4.5	2	0	43
0.00157525773195876	0.00164948453608247	5.6	1.78	-0.2	-0.2	0.34	-0.3	0.05	0	1.24	0.62	0	6	2	0	52
0.0026020618556701	0.0022680412371134	8.18	1.87	-0.21	-0.1	0.53	-0.36	0.11	-0.2	1.76	0.8	0	8.5	3	0	72
0.00357113402061856	0.00309278350515464	10.66	2	-0.2	0	0.71	-0.4	0.18	-0.46	2.36	1	0	10.5	3	0	92
0.00405360824742268	0.00350515463917526	11.81	1.98	-0.2	0.1	0.81	-0.42	0.18	-0.55	2.7	1.12	0	11.5	3	0	104
0.00451546391752577	0.00412371134020619	13.05	2.1	-0.2	0.2	0.89	-0.45	0.21	-0.61	2.98	1.26	0	13.5	3.5	0	119
0.00538144329896907	0.00494845360824742	15.15	2.1	-0.21	0.2	1.06	-0.48	0.26	-0.69	3.36	1.5	0	15.5	3.5	0	148
0.00577731958762887	0.00515463917525773	16.21	2.2	-0.21	0.32	1.15	-0.5	0.3	-0.75	3.54	1.7	0	16.5	4	0	167
0.00648659793814433	0.00577319587628866	17.93	2.2	-0.3	0.4	1.26	-0.53	0.33	-0.81	3.76	1.94	0	17.5	3.5	0	204
0.00732783505154639	0.00680412371134021	20.09	2.32	-0.31	0.4	1.44	-0.57	0.37	-0.86	4	2.22	0	20	3.5	0	267
0.00816907216494845	0.00762886597938144	22.24	2.43	-0.31	0.5	1.59	-0.62	0.39	-0.9	4.26	2.48	0	22.5	4	0	347
0.00871752577319588	0.00783505154639175	23.57	2.43	-0.31	0.5	1.71	-0.65	0.41	-0.94	4.44	2.68	0	23.5	4.5	0	403
0.00935257731958763	0.00865979381443299	25.21	2.53	-0.31	0.6	1.82	-0.69	0.43	-0.98	4.62	2.88	0	25	4	0	469
0.0098639175257732	0.00907216494845361	26.55	2.63	-0.31	1.25	1.93	-0.72	0.47	-1.02	4.8	3.06	0	26.5	4.5	0	531
0.0106061855670103	0.00948453608247423	28.46	2.74	-0.3	0.6	2.06	-0.75	0.48	-1.05	5.1	3.32	0	28	5	0	599
0.0110061855670103	0.00969072164948454	29.43	2.74	-0.31	0.61	2.12	-0.77	0.51	-1.06	5.28	3.48	0	28.5	5	0	626
0.0110061855670103	0.00969072164948454	29.53	2.84	-0.3	0.61	2.12	-0.78	0.51	-1.07	5.42	3.6	0	29	5.5	0	579
0.0103257731958763	0.00927835051546392	27.87	2.83	-0.3	0.62	1.94	-0.79	0.49	-1.07	5.28	3.5	0	26.5	4	0	443
0.00938556701030928	0.00865979381443299	25.6	2.84	-0.3	0.61	1.84	-0.76	0.47	-1.01	5.08	3.38	0	24.5	3.5	0	297
0.00851546391752577	0.00742268041237113	23.49	2.84	-0.31	0.51	1.74	-0.71	0.45	-0.9	4.9	3.26	0	22	4	0	192
0.00751340206185567	0.0065979381443299	21.08	2.86	-0.29	0.31	1.6	-0.62	0.44	-0.63	4.8	3.18	0	19.5	3.5	0	110
0.00657319587628866	0.00597938144329897	18.79	2.85	-0.3	0.1	1.47	-0.57	0.4	-0.39	4.74	3.14	0	18	3.5	0	64
0.00550927835051546	0.00494845360824742	16.11	2.75	-0.29	-0.07	1.31	-0.5	0.38	0.02	4.72	3.14	0	15	3	0	34
0.00461030927835052	0.00412371134020619	13.83	2.65	-0.28	-0.1	1.13	-0.44	0.33	0.34	4.8	3.14	0	13	3	0	8
0.00402474226804124	0.00371134020618557	12.38	2.62	-0.3	-0.22	1	-0.38	0.3	0.44	4.8	3.14	0	12	3	0	-7
0.0038680412371134	0.00391752577319588	12	2.62	-0.31	-0.2	0.98	-0.36	0.29	0.44	4.8	3.14	0	12	2.5	0	-10
0.00359175257731959	0.00309278350515464	11.23	2.52	-0.29	-0.2	0.9	-0.34	0.27	0.48	4.78	3.16	0	11	3.5	0	-17
0.00284948453608247	0.00309278350515464	9.42	2.51	-0.31	-0.19	0.74	-0.27	0.22	0.51	4.48	3.14	0	9.5	2	0	-30
0.00202474226804124	0.00185567010309278	7.33	2.42	-0.3	-0.2	0.54	-0.24	0.17	0.48	3.16	3.04	0	7	2.5	0	-35
0.00108041237113402	0.00144329896907216	4.94	2.32	-0.3	-0.2	0.32	-0.23	0.09	0.37	1.26	2.86	0	5.5	2	0	-29
0.000181443298969072	0.000618556701030928	2.66	2.22	-0.29	-0.2	0.08	-0.19	-0.01	0.38	0.8	2.96	0	3	1.5	0	-52
-0.000791752577319588	-0.000206185567010309	0.19	2.11	-0.3	-0.21	-0.13	-0.16	-0.08	0.33	0.72	1.38	0	0.5	1	0	-53
-0.00168247422680412	-0.00103092783505155	-2.1	1.98	-0.25	-0.3	-0.38	-0.14	-0.23	0.39	1.3	1.74	0	-1.5	1	0	-101
-0.00254020618556701	-0.00164948453608247	-4.39	1.77	-0.21	-0.4	-0.61	-0.13	-0.41	0.29	2.2	2.62	0	-3.5	0.5	0	-138
-0.00348453608247423	-0.00247422680412371	-6.77	1.68	-0.22	-0.4	-0.8	-0.14	-0.51	0.15	3.18	3.64	0	-6	0	0	-162
-0.0043298969072165	-0.00371134020618557	-9.04	1.46	-0.23	-0.4	-0.98	-0.19	-0.6	0.05	4.02	4.58	0	-8.5	0.5	0	-180
-0.00524948453608247	-0.00412371134020619	-11.42	1.31	-0.2	-0.48	-1.12	-0.26	-0.7	-0.04	4.8	5.48	0	-10.5	-0.5	0	-192
-0.00604536082474227	-0.00474226804123711	-13.52	1.14	-0.21	-0.51	-1.23	-0.32	-0.75	-0.12	5.46	6.2	0	-11.5	0	0	-203
-0.00623505154639175	-0.00515463917525773	-14.08	1.04	-0.2	-0.54	-1.26	-0.33	-0.77	-0.14	5.54	6.32	0	-12.5	0	0	-201
-0.00534020618556701	-0.00391752577319588	-11.71	1.24	-0.21	-0.5	-1.16	-0.3	-0.76	-0.12	4.78	5.7	0	-9.5	0	0	-176
-0.00441649484536082	-0.00309278350515464	-9.24	1.47	-0.2	-0.53	-1.04	-0.2	-0.71	-0.04	3.88	4.74	0	-7	0.5	0	-154
-0.00347628865979381	-0.00247422680412371	-6.85	1.58	-0.22	-0.54	-0.85	-0.17	-0.64	0.06	2.86	3.68	0	-5.5	0.5	0	-126
-0.00250309278350515	-0.00185567010309278	-4.39	1.68	-0.2	-0.52	-0.62	-0.15	-0.5	0.17	1.68	2.56	0	-3	1.5	0	-88
-0.00152164948453608	-0.00123711340206186	-1.9	1.79	-0.2	-0.41	-0.35	-0.13	-0.34	0.23	0.64	1.32	0	-1	2	0	-37
-0.00071340206185567	-0.000206185567010309	0.18	1.91	-0.2	-0.43	-0.16	-0.14	-0.21	0.16	0.2	0.64	0	0.5	1	0	4
-0.000160824742268041	-0.000412371134020619	1.51	1.9	-0.2	-0.3	-0.02	-0.2	-0.14	0.13	0.2	0.62	0	2	3	0	20
3.71134020618557e-05	-0.000206185567010309	1.99	1.9	-0.19	-0.3	0.01	-0.2	-0.12	0.11	0.22	0.68	0	2	2.5	0	22
0.000503092783505155	0.000824742268041237	3.22	2	-0.19	-0.29	0.12	-0.24	-0.05	0.09	0.52	0.66	0	3.5	1.5	0	32
0.00114639175257732	0.00164948453608247	4.89	2.11	-0.19	-0.3	0.26	-0.31	0	0.07	1.08	0.74	0	5	1	0	35
0.00189690721649485	0.00206185567010309	6.75	2.15	-0.19	-0.3	0.42	-0.35	0.06	-0.02	1.46	0.74	0	7.5	2.5	0	56
0.0029319587628866	0.00288659793814433	9.32	2.21	-0.2	-0.22	0.6	-0.4	0.14	-0.23	2.08	0.96	0	9.5	2.5	0	73
0.00383917525773196	0.00350515463917526	11.63	2.32	-0.2	-0.1	0.77	-0.44	0.2	-0.38	2.7	1.16	0	12	3.5	0	91
0.00477938144329897	0.0045360824742268	14.01	2.42	-0.21	0.01	0.94	-0.47	0.25	-0.52	3.36	1.42	0	14	3	0	112
0.00576082474226804	0.00536082474226804	16.5	2.53	-0.25	0.21	1.14	-0.5	0.3	-0.64	3.8	1.8	0	16.5	3.5	0	142
0.00686185567010309	0.00597938144329897	19.27	2.63	-0.3	0.41	1.36	-0.56	0.35	-0.78	4.16	2.24	0	19	4.5	0	194
0.00792164948453608	0.00701030927835052	21.86	2.65	-0.31	0.51	1.55	-0.61	0.41	-0.86	4.46	2.6	0	21.5	4.5	0	263
0.00875051546391752	0.00804123711340206	23.97	2.75	-0.3	0.51	1.71	-0.67	0.43	-0.9	4.72	2.86	0	24	4.5	0	341
0.00958350515463917	0.00824742268041237	26.08	2.84	-0.31	0.61	1.86	-0.72	0.45	-0.95	4.98	3.16	0	25.5	5.5	0	431
0.0104041237113402	0.00927835051546392	28.09	2.86	-0.3	0.63	2	-0.75	0.49	-1	5.24	3.42	0	27.5	5	0	520
0.0111587628865979	0.00989690721649484	30.01	2.95	-0.3	0.72	2.14	-0.79	0.5	-1.05	5.5	3.66	0	29.5	5.5	0	609
0.0119587628865979	0.0101030927835052	32.05	3.05	-0.4	0.72	2.28	-0.84	0.54	-1.1	5.96	3.96	0	31	6.5	0	660
0.0122721649484536	0.0107216494845361	32.81	3.05	-0.4	0.72	2.33	-0.83	0.54	-1.09	6.12	4.06	0	32	6	0	678
0.0125731958762887	0.0111340206185567	33.57	3.08	-0.39	0.72	2.38	-0.83	0.56	-1.11	6.3	4.2	0	33	6	0	693
0.013059793814433	0.0115463917525773	34.82	3.15	-0.41	0.72	2.44	-0.85	0.56	-1.11	6.58	4.38	0	34	6	0	723
0.0137319587628866	0.0121649484536082	36.56	3.26	-0.4	0.72	2.53	-0.87	0.58	-1.14	6.98	4.7	0	36	6.5	0	754
0.0142886597938144	0.0125773195876289	37.91	3.26	-0.4	0.72	2.6	-0.88	0.58	-1.17	7.3	4.94	0	37	6.5	0	780
0.014519587628866	0.0129896907216495	38.57	3.36	-0.5	0.72	2.63	-0.9	0.57	-1.18	7.46	5.08	0	38	6.5	0	797
0.0148412371134021	0.0134020618556701	39.35	3.36	-0.51	0.72	2.67	-0.9	0.57	-1.19	7.6	5.24	0	38.5	6	0	810
0.0151587628865979	0.0131958762886598	40.12	3.36	-0.51	0.72	2.72	-0.91	0.58	-1.2	7.84	5.36	0	38.5	6.5	0	820
0.0154350515463918	0.0138144329896907	40.91	3.48	-0.5	0.72	2.77	-0.93	0.58	-1.22	8.02	5.52	0	40	6.5	0	832
0.0157896907216495	0.0138144329896907	41.76	3.47	-0.6	0.72	2.79	-0.95	0.58	-1.23	8.26	5.66	0	40.5	7	0	847
0.016259793814433	0.014639175257732	43.02	3.59	-0.61	0.72	2.86	-0.95	0.57	-1.25	8.56	5.88	0	42	6.5	0	865
0.0166226804123711	0.0148453608247423	43.89	3.58	-0.62	0.72	2.9	-0.95	0.58	-1.26	8.8	6.02	0	42.5	6.5	0	878
0.0168659793814433	0.0150515463917526	44.6	3.7	-0.71	0.72	2.92	-0.96	0.58	-1.27	9	6.18	0	43.5	7	0	891
0.0172123711340206	0.0154639175257732	45.44	3.7	-0.72	0.72	2.97	-0.98	0.58	-1.27	9.22	6.32	0	44	6.5	0	902
0.0176123711340206	0.0156701030927835	46.4	3.69	-0.82	0.71	3.01	-0.98	0.58	-1.29	9.48	6.48	0	45	7	0	914
0.0178474226804124	0.0162886597938144	47.08	3.8	-0.81	0.72	3.08	-0.99	0.58	-1.3	9.7	6.58	0	46	6.5	0	921
0.0181237113402062	0.0160824742268041	47.75	3.8	-0.92	0.71	3.12	-0.99	0.58	-1.3	9.96	6.68	0	46.5	7.5	0	928
0.0184536082474227	0.0162886597938144	48.54	3.79	-0.92	0.72	3.15	-1	0.58	-1.31	10.22	6.78	0	46.5	7	0	935
0.0186886597938144	0.0167010309278351	49.22	3.9	-1.02	0.72	3.17	-1	0.58	-1.32	10.48	6.88	0	47.5	7	0	942
0.0190144329896907	0.0171134020618557	50	3.89	-1.02	0.73	3.2	-1	0.58	-1.33	10.82	6.96	0	48.5	7	0	946
0.0193030927835052	0.0169072164948454	50.77	3.96	-1.05	0.71	3.26	-1	0.58	-1.33	11.26	7.02	0	48.5	7.5	0	941
0.0195587628865979	0.0175257731958763	51.44	4.01	-1.12	0.71	3.3	-1.01	0.58	-1.34	11.72	7.06	0	50	7.5	0	936
0.0198474226804124	0.0179381443298969	52.23	4.1	-1.13	0.71	3.34	-1.01	0.58	-1.33	12.48	7.04	0	51	7.5	0	912
0.0201443298969072	0.0179381443298969	52.95	4.1	-1.12	0.71	3.39	-1.01	0.58	-1.33	13.24	7.04	0	51	7.5	0	875
0.0204	0.0187628865979381	53.68	4.21	-1.12	0.71	3.44	-1.01	0.59	-1.33	13.84	7.02	0	53.5	8	0	850
0.0207216494845361	0.0185567010309278	54.47	4.22	-1.12	0.72	3.47	-1.01	0.58	-1.33	14.42	7	0	53	8	0	845
0.0210474226804124	0.0185567010309278	55.32	4.28	-1.13	0.71	3.52	-1.01	0.58	-1.33	15.06	7.02	0	53.5	8.5	0	836
0.0213278350515464	0.0193814432989691	56.04	4.32	-1.12	0.71	3.55	-1.01	0.59	-1.33	15.56	7	0	54.5	7.5	0	832
0.021760824742268	0.0193814432989691	57.09	4.32	-1.12	0.71	3.63	-1.02	0.63	-1.33	16.28	7	0	56	9	0	821
0.022	0.0197938144329897	57.77	4.42	-1.15	0.72	3.69	-1.03	0.63	-1.31	16.82	7	0	56.5	8.5	0	814
0.0226432989690722	0.0204123711340206	59.32	4.41	-1.22	0.71	3.77	-1.03	0.64	-1.29	17.86	7.02	0	58	8.5	0	816
0.0230185567010309	0.0202061855670103	60.31	4.49	-1.22	0.72	3.81	-1.03	0.64	-1.29	18.52	7.02	0	58	9	0	808
0.0233690721649485	0.0208247422680412	61.19	4.52	-1.22	0.71	3.85	-1.03	0.64	-1.28	19.12	7	0	59.5	9	0	806
0.0237938144329897	0.0212371134020619	62.22	4.52	-1.23	0.71	3.95	-1.03	0.64	-1.28	19.88	7	0	60.5	9	0	797
0.0240865979381443	0.0210309278350515	63.03	4.62	-1.23	0.71	4.02	-1.03	0.65	-1.27	20.42	7.02	0	60.5	9.5	0	792
0.0244123711340206	0.0216494845360825	63.92	4.72	-1.23	0.71	4.13	-1.05	0.67	-1.21	21.66	6.9	0	62	9.5	0	730
0.024820618556701	0.0220618556701031	64.92	4.73	-1.23	0.71	4.17	-1.05	0.67	-1.19	22.38	6.88	0	63	9.5	0	709
0.0252948453608247	0.022680412371134	66.07	4.73	-1.23	0.7	4.23	-1.03	0.68	-1.18	23.18	6.9	0	65	10	0	703
0.0256536082474227	0.022680412371134	66.95	4.74	-1.23	0.71	4.3	-1.02	0.67	-1.17	23.78	6.92	0	65	10	0	701
0.0259422680412371	0.022680412371134	67.74	4.83	-1.23	0.71	4.35	-1.03	0.67	-1.16	24.32	6.9	0	65	10	0	701
0.0262639175257732	0.0230927835051546	68.52	4.83	-1.22	0.71	4.37	-1.01	0.68	-1.15	24.86	6.9	0	66	10	0	694
0.0266639175257732	0.0235051546391753	69.49	4.83	-1.22	0.71	4.43	-0.99	0.69	-1.14	25.56	6.9	0	67.5	10.5	0	690
0.0270639175257732	0.0241237113402062	70.49	4.86	-1.22	0.71	4.51	-1	0.69	-1.11	26.22	6.92	0	69	10.5	0	686
0.0276371134020619	0.0243298969072165	71.96	4.94	-1.22	0.71	4.58	-0.98	0.69	-1.09	27.18	6.92	0	70	11	0	688
0.0282103092783505	0.0249484536082474	73.35	4.94	-1.22	0.7	4.67	-0.96	0.71	-1.07	28.16	6.92	0	71.5	11	0	679
0.0285896907216495	0.0255670103092784	74.28	4.95	-1.22	0.7	4.73	-0.97	0.72	-1.05	28.78	6.92	0	72.5	10.5	0	658
0.0285731958762887	0.0251546391752577	74.32	5.03	-1.23	0.71	4.73	-0.95	0.71	-1.04	29.14	6.86	0	72	11	0	614
0.0285690721649484	0.0251546391752577	74.32	5.04	-1.22	0.73	4.73	-0.95	0.72	-1.03	29.32	6.86	0	72	11	0	593
0.0285649484536082	0.025360824742268	74.33	5.06	-1.24	0.73	4.74	-0.94	0.71	-1.03	29.34	6.86	0	72	10.5	0	591
0.0293814432989691	0.0261855670103093	76.31	5.06	-1.24	0.7	4.85	-0.94	0.72	-1.02	30.24	6.92	0	74.5	11	0	661
0.0302474226804124	0.0270103092783505	78.5	5.15	-1.24	0.69	5	-0.95	0.73	-1.02	31.5	6.94	0	76.5	11	0	678
0.0311752577319588	0.0274226804123711	80.74	5.14	-1.33	0.69	5.13	-0.93	0.74	-0.98	32.96	6.94	0	78.5	12	0	676
0.0320041237113402	0.0278350515463918	82.78	5.17	-1.34	0.69	5.26	-0.91	0.74	-0.96	34.2	6.94	0	80	12.5	0	677
0.0328371134020619	0.0290721649484536	84.87	5.24	-1.34	0.71	5.41	-0.89	0.76	-0.94	35.54	6.96	0	82.5	12	0	675
0.0336247422680412	0.0294845360824742	86.78	5.24	-1.34	0.68	5.53	-0.88	0.77	-0.9	36.8	6.9	0	84	12.5	0	672
0.0341319587628866	0.0301030927835052	88.12	5.35	-1.34	0.69	5.6	-0.85	0.78	-0.86	37.8	6.96	0	85.5	12.5	0	655
0.0344783505154639	0.0298969072164948	88.96	5.35	-1.34	0.7	5.66	-0.84	0.78	-0.84	38.44	6.96	0	86	13.5	0	641
0.0349484536082474	0.0305154639175258	90.1	5.35	-1.32	0.73	5.73	-0.83	0.79	-0.83	39.2	6.96	0	87.5	13.5	0	640
0.0354515463917526	0.0309278350515464	91.34	5.37	-1.34	0.7	5.81	-0.81	0.79	-0.8	40.1	6.98	0	89	14	0	631
0.0361237113402062	0.0317525773195876	93.05	5.45	-1.34	0.7	5.95	-0.75	0.82	-0.72	41.44	6.8	0	90.5	13.5	0	625
0.0364371134020619	0.0319587628865979	93.82	5.46	-1.34	0.72	5.98	-0.74	0.82	-0.71	42.02	6.8	0	91.5	14	0	586
0.0370515463917526	0.0329896907216495	95.44	5.59	-1.34	0.7	6.01	-0.71	0.81	-0.67	43.16	6.8	0	93.5	13.5	0	576
0.0376494845360825	0.0329896907216495	96.87	5.57	-1.34	0.7	6.1	-0.68	0.82	-0.64	44.08	6.8	0	94	14	0	571
0.0381649484536083	0.0334020618556701	98.12	5.57	-1.34	0.69	6.2	-0.66	0.83	-0.62	44.94	6.8	0	95.5	14.5	0	568
0.0393030927835052	0.034020618556701	100.98	5.67	-1.34	0.69	6.37	-0.61	0.84	-0.56	46.82	6.8	0	98.5	16	0	559
0.0399257731958763	0.0352577319587629	102.5	5.68	-1.34	0.72	6.48	-0.57	0.85	-0.52	47.86	6.8	0	100	14.5	0	553
0.0407092783505155	0.0354639175257732	104.51	5.79	-1.34	0.72	6.6	-0.53	0.85	-0.49	49.22	6.82	0	101.5	15.5	0	540
0.0415463917525773	0.0360824742268041	106.54	5.79	-1.34	0.72	6.71	-0.49	0.87	-0.44	50.56	6.8	0	103.5	16	0	530
0.0422515463917526	0.0369072164948454	108.34	5.88	-1.34	0.72	6.8	-0.42	0.87	-0.4	51.74	6.8	0	105.5	16	0	522
0.0428824742268041	0.037319587628866	109.87	5.88	-1.34	0.73	6.89	-0.4	0.87	-0.36	52.8	6.8	0	106.5	16	0	512
0.0434350515463918	0.0377319587628866	111.32	5.99	-1.35	0.72	6.97	-0.35	0.87	-0.32	53.78	6.8	0	108	16.5	0	507
0.0443628865979381	0.0387628865979381	113.57	5.99	-1.34	0.69	7.06	-0.31	0.88	-0.27	55.26	6.78	0	110.5	16.5	0	504
0.0452865979381443	0.0393814432989691	115.92	6.1	-1.35	0.72	7.19	-0.24	0.91	-0.22	56.82	6.8	0	112.5	17	0	498
0.0461154639175258	0.0402061855670103	118.03	6.2	-1.35	0.69	7.3	-0.18	0.89	-0.19	58.24	6.78	0	114.5	17	0	490
0.0467092783505155	0.0406185567010309	119.48	6.21	-1.34	0.69	7.36	-0.15	0.9	-0.13	59.26	6.8	0	116	17.5	0	479
0.0474144329896907	0.0410309278350515	121.29	6.31	-1.34	0.69	7.46	-0.11	0.89	-0.1	60.48	6.8	0	117.5	18	0	472
0.0482927835051546	0.0418556701030928	123.42	6.31	-1.34	0.72	7.57	-0.06	0.9	-0.03	61.9	6.82	0	120	18.5	0	465
0.0491216494845361	0.0422680412371134	125.53	6.41	-1.34	0.72	7.65	0	0.91	0.01	63.28	6.78	0	122	19.5	0	462
0.05	0.0430927835051546	127.66	6.41	-1.34	0.72	7.76	0.05	0.92	0.08	64.74	6.78	0	123.5	19	0	458
0.0503092783505155	0.0432989690721649	128.52	6.52	-1.34	0.73	7.81	0.06	0.93	0.09	65.28	6.78	0	124.5	19.5	0	454
0.0507628865979382	0.0437113402061856	129.61	6.51	-1.35	0.69	7.82	0.09	0.92	0.11	66.04	6.78	0	125.5	19.5	0	451
0.0514721649484536	0.0443298969072165	131.33	6.51	-1.34	0.73	7.92	0.12	0.91	0.16	67.22	6.78	0	127.5	20	0	446
0.0521030927835052	0.0449484536082474	132.98	6.63	-1.34	0.69	7.95	0.19	0.92	0.2	68.34	6.76	0	129	20	0	439
0.0530969072164949	0.0455670103092784	135.49	6.73	-1.34	0.72	8.1	0.25	0.92	0.27	70.08	6.76	0	130.5	20	0	422
0.0535381443298969	0.0455670103092784	136.65	6.82	-1.35	0.68	7.96	0.34	0.91	0.37	71.18	6.7	0	130.5	20	0	369
0.052659793814433	0.045360824742268	134.52	6.82	-1.35	0.57	7.89	0.39	0.91	0.56	71.1	6.56	0	129.5	19.5	0	271
0.0518185567010309	0.0445360824742268	132.49	6.83	-1.35	0.42	7.83	0.44	0.91	0.87	70.98	6.48	0	127	19	0	220
0.0508659793814433	0.0435051546391753	130.17	6.82	-1.34	0.27	7.72	0.48	0.91	1.23	70.68	6.44	0	125	19.5	0	176
0.0498680412371134	0.042680412371134	127.75	6.82	-1.24	0.07	7.63	0.52	0.92	1.69	70.34	6.44	0	122.5	19	0	147
0.0489113402061856	0.0420618556701031	125.43	6.82	-1.23	-0.03	7.54	0.53	0.92	2.04	69.94	6.46	0	120.5	18.5	0	123
0.0480824742268041	0.0412371134020619	123.32	6.72	-1.24	-0.12	7.36	0.52	0.9	2.18	69.32	6.46	0	118	18	0	109
0.0470432989690722	0.0404123711340206	120.82	6.74	-1.23	-0.12	7.1	0.53	0.89	2.24	68.24	6.42	0	115.5	17.5	0	93
0.046140206185567	0.0395876288659794	118.51	6.62	-1.24	-0.13	6.93	0.52	0.88	2.31	67.2	6.42	0	113.5	17.5	0	86
0.0451134020618557	0.0387628865979381	116.02	6.62	-1.15	-0.14	6.76	0.5	0.86	2.32	65.92	6.4	0	111.5	17.5	0	79
0.0442144329896907	0.0381443298969072	113.72	6.5	-1.14	-0.15	6.61	0.48	0.85	2.31	64.68	6.4	0	109	16.5	0	73
0.0432536082474227	0.037319587628866	111.41	6.52	-1.14	-0.23	6.43	0.46	0.84	2.32	63.46	6.38	0	107	16.5	0	68
0.0423587628865979	0.0364948453608247	109.1	6.38	-1.14	-0.23	6.28	0.46	0.83	2.42	62.68	6.36	0	105	16.5	0	57
0.0413690721649485	0.0358762886597938	106.72	6.4	-1.14	-0.23	6.16	0.44	0.84	2.61	62.34	6.36	0	103	16	0	44
0.040420618556701	0.0348453608247423	104.33	6.31	-1.15	-0.24	6	0.42	0.82	2.84	62.04	6.34	0	100.5	16	0	36
0.0394020618556701	0.034020618556701	101.85	6.3	-1.15	-0.24	5.99	0.4	0.84	3.48	61.84	6.18	0	98	15.5	0	33
0.0384164948453608	0.0331958762886598	99.36	6.2	-1.05	-0.24	5.87	0.39	0.84	3.86	61.72	6.08	0	95.5	15	0	24
0.0373896907216495	0.0323711340206186	96.87	6.2	-1.04	-0.23	5.7	0.38	0.82	3.86	61.58	5.88	0	93.5	15	0	14
0.0364123711340206	0.031340206185567	94.39	6.09	-1.04	-0.24	5.52	0.35	0.82	3.81	61.28	4.42	0	90.5	14.5	0	11
0.0355134020618557	0.0305154639175258	92.1	5.98	-1.04	-0.24	5.28	0.32	0.79	3.77	61.14	4.28	0	88.5	14.5	0	-4
0.0348742268041237	0.0305154639175258	90.57	6	-1.04	-0.24	5.19	0.31	0.79	3.74	60.76	4.32	0	87.5	13.5	0	-6
0.0344948453608247	0.0298969072164948	89.63	5.98	-1.02	-0.22	5.15	0.3	0.78	3.72	60.64	4.36	0	86.5	14	0	-9
0.0340742268041237	0.0296907216494845	88.57	5.94	-1.04	-0.24	5.04	0.29	0.78	3.7	60.52	4.54	0	85.5	13.5	0	-16
0.0330886597938144	0.0288659793814433	86.12	5.88	-1.03	-0.33	4.88	0.27	0.77	3.65	60.14	4.78	0	83	13	0	-23
0.032379381443299	0.0280412371134021	84.3	5.78	-1.04	-0.34	4.73	0.25	0.76	3.59	60.08	5.08	0	81	13	0	-29
0.0314020618556701	0.0272164948453608	81.93	5.78	-0.91	-0.32	4.58	0.22	0.76	3.53	60.2	5.52	0	79	13	0	-37
0.0309814432989691	0.0268041237113402	80.87	5.74	-0.94	-0.34	4.56	0.21	0.76	3.49	60.3	5.72	0	77.5	12.5	0	-38
0.0308164948453608	0.0270103092783505	80.4	5.67	-0.94	-0.33	4.59	0.2	0.76	3.47	59.08	5.46	0	78	12.5	0	-32
0.0317113402061856	0.0272164948453608	82.68	5.78	-0.94	-0.34	4.9	0.19	0.78	3.51	57.68	4.88	0	79.5	13.5	0	0
0.0321030927835051	0.0276288659793814	83.64	5.79	-0.94	-0.34	4.98	0.19	0.79	3.51	57.04	4.46	0	80.5	13.5	0	12
0.0324948453608247	0.0278350515463918	84.59	5.79	-0.94	-0.34	5.06	0.2	0.8	3.51	56.58	4.18	0	81	13.5	0	23
0.0327711340206186	0.0284536082474227	85.25	5.78	-0.94	-0.3	5.14	0.19	0.8	3.5	56.02	3.86	0	82.5	13.5	0	32
0.0332	0.028659793814433	86.3	5.79	-0.94	-0.23	5.22	0.2	0.81	3.45	55.46	3.5	0	83.5	14	0	46
0.034140206185567	0.0292783505154639	88.67	5.88	-0.93	-0.24	5.26	0.19	0.8	2.33	55.08	3.22	0	85.5	14.5	0	63
0.0350845360824742	0.0305154639175258	90.96	5.88	-0.94	-0.17	5.38	0.19	0.79	1.7	54.58	2.82	0	88	14	0	92
0.0360164948453608	0.0311340206185567	93.33	5.99	-0.94	-0.02	5.48	0.19	0.8	1.34	54.58	2.74	0	90	14.5	0	117
0.0369731958762887	0.0319587628865979	95.63	5.97	-0.94	0.03	5.63	0.19	0.83	1.14	55.12	2.74	0	92.5	15	0	137
0.0379546391752577	0.0329896907216495	98.12	6.08	-1.02	0.09	5.77	0.21	0.82	1.08	56.46	2.94	0	95	15	0	147
0.0388948453608247	0.0336082474226804	100.41	6.09	-1.01	0.13	5.95	0.22	0.83	1.08	57.82	3	0	97.5	16	0	149
0.039839175257732	0.0342268041237113	102.8	6.19	-1.04	0.09	6.08	0.25	0.84	1.09	59.06	3.06	0	99	16	0	161
0.0407835051546392	0.0350515463917526	105.09	6.19	-1.04	0.21	6.25	0.26	0.86	1.07	60.2	3.14	0	101.5	16.5	0	169
0.041760824742268	0.0360824742268041	107.57	6.3	-1.04	0.17	6.36	0.28	0.86	1.05	61.38	3.24	0	104	16.5	0	181
0.0426721649484536	0.0371134020618557	109.78	6.3	-1.04	0.18	6.51	0.3	0.87	1.04	62.4	3.32	0	106.5	16.5	0	191
0.0435340206185567	0.0377319587628866	111.98	6.41	-1.01	0.26	6.67	0.32	0.87	1.01	63.36	3.46	0	109	17.5	0	202
0.0447134020618557	0.0385567010309278	114.84	6.41	-1.04	0.27	6.81	0.33	0.87	0.94	64.24	3.88	0	111	17.5	0	222
0.046098969072165	0.0391752577319588	118.29	6.5	-1.14	0.41	7.01	0.35	0.88	0.88	65.44	4.36	0	114	19	0	242
0.0470515463917526	0.0402061855670103	120.72	6.62	-1.14	0.38	7.14	0.36	0.88	0.84	66.44	4.58	0	116	18.5	0	257
0.0481278350515464	0.0408247422680412	123.32	6.61	-1.15	0.38	7.29	0.36	0.9	0.78	67.4	4.8	0	118.5	19.5	0	275
0.0489525773195876	0.0418556701030928	125.43	6.72	-1.14	0.51	7.43	0.37	0.89	0.71	68.2	5	0	121.5	20	0	295
0.0498268041237113	0.0424742268041237	127.55	6.72	-1.15	0.52	7.57	0.37	0.89	0.64	68.96	5.18	0	123	20	0	318
0.050701030927835	0.0435051546391753	129.79	6.84	-1.15	0.57	7.7	0.38	0.89	0.62	69.82	5.32	0	125.5	20	0	344
0.0516164948453608	0.0441237113402062	132	6.83	-1.12	0.62	7.83	0.38	0.9	0.6	70.8	5.42	0	127	20	0	363
0.0529319587628866	0.045360824742268	135.29	6.93	-1.15	0.58	8	0.39	0.91	0.59	72.62	5.52	0	130.5	20.5	0	379
0.0536082474226804	0.045360824742268	136.94	6.94	-1.18	0.58	8.1	0.4	0.92	0.61	73.54	5.52	0	132	22	0	383
0.0544082474226804	0.0461855670103093	138.98	7.04	-1.24	0.59	8.2	0.41	0.92	0.63	74.8	5.58	0	133.5	21.5	0	386
0.0553731958762887	0.0468041237113402	141.31	7.03	-1.25	0.57	8.36	0.43	0.93	0.68	76.26	5.6	0	135.5	22	0	390
0.0562103092783505	0.0478350515463918	143.46	7.15	-1.25	0.58	8.46	0.45	0.93	0.73	77.7	5.64	0	138.5	22.5	0	387
0.0571628865979381	0.048659793814433	145.77	7.15	-1.25	0.58	8.57	0.47	0.94	0.8	79.22	5.68	0	140	22	0	381
0.0580164948453608	0.0496907216494845	147.94	7.25	-1.25	0.6	8.72	0.53	0.95	0.85	80.68	5.68	0	142.5	22	0	373
0.0589360824742268	0.0498969072164948	150.18	7.26	-1.25	0.58	8.79	0.56	0.95	0.91	82.18	5.7	0	144	23	0	367
0.0599092783505155	0.0509278350515464	152.52	7.24	-1.25	0.57	8.87	0.58	0.98	0.97	83.74	5.7	0	147	23.5	0	366
0.0607463917525773	0.0517525773195876	154.67	7.36	-1.23	0.61	8.97	0.62	0.98	1.03	85.12	5.72	0	149	23.5	0	361
0.0616865979381443	0.0517525773195876	156.94	7.35	-1.25	0.58	9.07	0.65	0.98	1.08	86.54	5.74	0	150.5	25	0	362
0.0625979381443299	0.0534020618556701	159.19	7.39	-1.25	0.61	9.16	0.68	0.98	1.16	88.1	5.76	0	154	24.5	0	356
0.063459793814433	0.0534020618556701	161.34	7.45	-1.24	0.61	9.25	0.69	0.97	1.23	89.5	5.8	0	154.5	25	0	351
0.0644618556701031	0.054639175257732	163.8	7.48	-1.22	0.62	9.35	0.76	0.97	1.3	91.12	5.84	0	157	24.5	0	350
0.0654927835051546	0.0550515463917526	166.37	7.55	-1.22	0.52	9.48	0.79	0.98	1.38	92.8	5.86	0	159	25.5	0	348
0.0663010309278351	0.0560824742268041	168.35	7.57	-1.24	0.5	9.54	0.82	0.99	1.46	93.96	5.9	0	161	25	0	341
0.0662927835051546	0.0558762886597938	168.43	7.67	-1.25	0.51	9.55	0.85	0.99	1.57	94.24	5.96	0	160	24.5	0	321
0.0662886597938144	0.0558762886597938	168.43	7.68	-1.24	0.51	9.53	0.85	0.97	1.59	94.32	5.96	0	160	24.5	0	313
0.0662639175257732	0.0558762886597938	168.47	7.78	-1.23	0.51	9.53	0.86	0.96	1.6	94.38	5.96	0	160	24.5	0	308
0.0670061855670103	0.0567010309278351	170.27	7.78	-1.23	0.49	9.57	0.86	0.96	1.61	95.44	5.98	0	163	25.5	0	328
0.0677484536082474	0.0571134020618557	172.06	7.77	-1.23	0.49	9.66	0.87	0.96	1.64	96.58	6	0	164.5	26	0	328
0.0680618556701031	0.0575257731958763	172.93	7.88	-1.23	0.49	9.69	0.88	0.96	1.67	97.1	6.04	0	165.5	26	0	329
0.0684536082474227	0.0579381443298969	173.87	7.87	-1.21	0.5	9.74	0.88	0.96	1.7	97.66	6	0	166.5	26	0	328
0.0692	0.0583505154639175	175.69	7.88	-1.22	0.5	9.86	0.9	0.96	1.77	98.88	6.08	0	167.5	26	0	325
0.0696701030927835	0.0587628865979381	176.82	7.87	-1.23	0.49	9.92	0.92	0.96	1.82	99.64	6.1	0	168.5	26	0	321
0.0704494845360825	0.0589690721649485	178.82	7.98	-1.23	0.38	10.01	0.96	0.96	1.94	101.08	6.18	0	170	27	0	310
0.0714721649484536	0.0595876288659794	181.29	7.97	-1.24	0.38	10.07	0.98	0.95	2.02	102.14	6.24	0	171.5	27	0	306
0.0724082474226804	0.0602061855670103	183.57	7.98	-1.23	0.41	10.16	1.02	0.96	2.13	103.76	6.34	0	172.5	26.5	0	300
0.0732701030927835	0.0614432989690722	185.76	8.08	-1.23	0.29	10.21	1.07	0.96	2.33	105.5	6.46	0	175.5	26.5	0	288
0.073859793814433	0.0614432989690722	187.19	8.08	-1.23	0.18	10.34	1.1	0.94	2.62	110.52	5.58	0	176.5	27.5	0	254
0.074560824742268	0.0620618556701031	189	8.19	-1.23	0.19	10.38	1.09	0.94	2.66	110.52	5.58	0	178	27.5	0	255
0.0754721649484536	0.0628865979381443	191.31	8.29	-1.23	0.18	10.5	1.08	0.91	2.72	112.6	5.14	0	180.5	28	0	257
0.0767546391752577	0.0637113402061856	194.42	8.29	-1.23	0.19	10.67	1.09	0.93	2.81	119.04	5.04	0	183	28.5	0	263
0.0783587628865979	0.0649484536082474	198.42	8.4	-1.24	0.17	10.84	1.1	0.93	2.88	119	4.98	0	186.5	29	0	269
0.0793814432989691	0.0655670103092783	201	8.5	-1.24	0.18	10.9	1.13	0.92	2.94	119	5.56	0	188.5	29.5	0	272
0.0800494845360825	0.065979381443299	202.62	8.5	-1.23	0.18	11	1.14	0.91	2.98	119.04	5.5	0	189.5	29.5	0	275
0.0810927835051546	0.0665979381443299	205.21	8.56	-1.24	0.18	11.09	1.14	0.91	3.02	119.02	5.5	0	191.5	30	0	278
0.0819835051546392	0.0674226804123711	207.42	8.61	-1.23	0.18	11.19	1.15	0.9	3.06	119.02	5.52	0	193.5	30	0	281
0.0828453608247423	0.0680412371134021	209.51	8.61	-1.24	0.18	11.27	1.15	0.91	3.1	119	5.54	0	195	30	0	283
0.0836329896907217	0.068659793814433	211.52	8.71	-1.24	0.18	11.33	1.15	0.89	3.17	119.02	5.56	0	197	30.5	0	286
0.0844989690721649	0.0692783505154639	213.63	8.72	-1.24	0.17	11.44	1.16	0.87	3.2	119.02	5.58	0	198	30	0	289
0.0850144329896907	0.0692783505154639	214.98	8.82	-1.24	0.18	11.47	1.16	0.87	3.22	119.02	5.6	0	199	31	0	294
0.0860865979381443	0.0696907216494845	217.57	8.81	-1.25	0.17	11.58	1.17	0.87	3.28	119.02	5.62	0	200.5	31.5	0	294
0.0867546391752577	0.0703092783505155	219.3	8.92	-1.24	0.17	11.67	1.18	0.85	3.31	119	5.64	0	202	31.5	0	298
0.0867463917525773	0.0701030927835052	219.38	9.02	-1.24	0.17	11.65	1.18	0.78	3.34	119	5.66	0	201.5	31.5	0	287
0.0860371134020619	0.0696907216494845	217.66	9.02	-1.23	0.17	11.66	1.19	0.76	3.34	119	5.66	0	200	31	0	268
0.0850886597938144	0.0694845360824742	215.26	8.92	-1.24	0.18	11.66	1.17	0.78	3.31	119.02	5.66	0	199	30.5	0	260
0.0842969072164949	0.068659793814433	213.34	8.92	-1.24	0.18	11.61	1.17	0.78	3.27	118.98	5.64	0	197	30.5	0	255
0.0834639175257732	0.0682474226804124	211.32	8.92	-1.24	0.18	11.54	1.16	0.77	3.22	118.98	5.6	0	196	30.5	0	249
0.082639175257732	0.0676288659793814	209.31	8.91	-1.23	0.19	11.46	1.16	0.79	3.2	119.02	5.58	0	193.5	29.5	0	243
0.0817690721649485	0.0672164948453608	207.11	8.82	-1.24	0.18	11.37	1.15	0.78	3.16	119.02	5.58	0	192.5	29.5	0	236
0.0808288659793814	0.0665979381443299	204.82	8.81	-1.24	0.18	11.28	1.15	0.78	3.11	119	5.54	0	190.5	29	0	230
0.0799175257731959	0.0657731958762887	202.62	8.82	-1.23	0.17	11.19	1.13	0.79	3.08	119	5.54	0	188.5	29	0	225
0.0790226804123711	0.0651546391752577	200.34	8.71	-1.23	0.13	10.94	1.12	0.77	3.03	119.02	5.52	0	186.5	28.5	0	211
0.078119587628866	0.0647422680412371	198.15	8.71	-1.14	0.07	10.71	1.13	0.76	2.98	118.96	5.48	0	185	28	0	202
0.0771958762886598	0.0641237113402062	195.91	8.71	-1.14	0.07	10.52	1.11	0.75	2.94	119.02	5.46	0	183.5	28	0	194
0.076379381443299	0.0637113402061856	193.84	8.62	-1.13	0.08	10.37	1.12	0.74	2.9	119	5.46	0	181.5	27	0	192
0.075439175257732	0.062680412371134	191.54	8.6	-1.13	0.1	10.23	1.1	0.74	2.86	119	5.46	0	179.5	27.5	0	185
0.0745814432989691	0.0622680412371134	189.46	8.6	-1.13	0.08	10.1	1.09	0.73	2.84	119	5.44	0	178	27	0	182
0.0736701030927835	0.0612371134020619	187.15	8.5	-1.14	0.07	9.93	1.08	0.73	2.81	119	5.42	0	175.5	27	0	174
0.0727175257731959	0.0606185567010309	184.85	8.51	-1.14	0.07	9.79	1.07	0.72	2.78	119	5.4	0	173.5	26.5	0	171
0.0718845360824742	0.0602061855670103	182.72	8.4	-1.14	0.07	9.62	1.06	0.71	2.74	119.02	5.38	0	172	26	0	166
0.070940206185567	0.0595876288659794	180.43	8.4	-1.14	0.08	9.51	1.05	0.7	2.71	119	5.36	0	169.5	25	0	158
0.0700824742268041	0.0577319587628866	178.34	8.39	-1.13	0.08	9.38	1.05	0.7	2.68	118.98	5.34	0	167	27	0	155
0.0691463917525773	0.0579381443298969	175.98	8.3	-1.15	0.06	9.22	1.03	0.7	2.65	119	5.32	0	165.5	25	0	149
0.0681237113402062	0.057319587628866	173.49	8.29	-1.13	0.08	8.96	1.01	0.69	2.61	119.02	5.3	0	163.5	24.5	0	143
0.0672907216494845	0.0562886597938144	171.37	8.19	-1.13	0.07	8.83	1.01	0.7	2.57	119	5.28	0	161.5	25	0	137
0.0663257731958763	0.0550515463917526	169.03	8.19	-1.04	-0.01	8.69	0.98	0.68	2.54	119	5.24	0	159	25.5	0	136
0.0654309278350515	0.0548453608247423	166.75	8.08	-1.03	-0.02	8.55	0.96	0.67	2.51	119	5.24	0	157	24	0	130
0.0644412371134021	0.0542268041237113	164.35	8.08	-1.03	-0.03	8.46	0.93	0.68	2.48	119	5.2	0	155	23.5	0	129
0.0635587628865979	0.0531958762886598	162.1	7.97	-1.03	-0.03	8.34	0.92	0.67	2.44	119.02	5.18	0	152.5	23.5	0	124
0.0626144329896907	0.0525773195876289	159.82	7.98	-1.03	-0.03	8.22	0.89	0.67	2.41	119	5.18	0	150.5	23	0	118
0.0617113402061856	0.0517525773195876	157.53	7.88	-1.03	-0.03	8.02	0.87	0.66	2.37	119	5.14	0	148	22.5	0	115
0.0607711340206186	0.0509278350515464	155.25	7.88	-1.04	-0.03	7.84	0.86	0.66	2.33	119	5.12	0	146	22.5	0	109
0.0599175257731959	0.0503092783505155	153.08	7.78	-1.04	-0.03	7.74	0.83	0.66	2.3	119	5.06	0	144.5	22.5	0	106
0.0589814432989691	0.0494845360824742	150.7	7.67	-1.04	-0.02	7.57	0.81	0.66	2.26	119.04	5.04	0	142	22	0	101
0.0580824742268041	0.0484536082474227	148.52	7.67	-1.03	-0.02	7.46	0.8	0.66	2.23	119.02	5	0	139.5	22	0	98
0.0571051546391753	0.0478350515463918	146.03	7.55	-1.03	-0.02	7.34	0.77	0.66	2.19	119.02	4.94	0	137.5	21.5	0	96
0.0560701030927835	0.0472164948453608	143.46	7.49	-0.94	-0.03	7.11	0.67	0.65	2.15	119.02	4.68	0	135.5	21	0	91
0.0546556701030928	0.045979381443299	139.98	7.44	-0.94	-0.02	7	0.63	0.63	2.11	118.94	4.54	0	132	20.5	0	90
0.0536701030927835	0.0449484536082474	137.5	7.35	-0.94	-0.04	6.78	0.62	0.64	2.07	119.06	4.48	0	129.5	20.5	0	79
0.0527505154639175	0.0441237113402062	135.16	7.24	-0.93	-0.04	6.72	0.6	0.63	2.05	119.04	4.34	0	127.5	20.5	0	79
0.0517979381443299	0.0437113402061856	132.86	7.25	-0.94	-0.04	6.63	0.58	0.63	2.01	119.04	4.44	0	125	19	0	76
0.0508907216494845	0.0428865979381443	130.56	7.15	-0.94	-0.07	6.49	0.56	0.64	1.97	119.02	4.4	0	123	19	0	71
0.0499505154639175	0.0424742268041237	128.17	7.04	-0.91	-0.1	6.34	0.54	0.63	1.93	119.02	4.42	0	121	18	0	65
0.0490185567010309	0.0412371134020619	125.8	6.93	-0.94	-0.13	6.2	0.51	0.62	1.9	119.02	4.36	0	118.5	18.5	0	62
0.047740206185567	0.04	122.6	6.83	-0.94	-0.13	6.04	0.49	0.62	1.85	119.02	4.34	0	115	18	0	55
0.0467835051546392	0.0393814432989691	120.29	6.84	-0.88	-0.13	5.95	0.48	0.62	1.83	119.04	4.34	0	113	17.5	0	54
0.0459587628865979	0.0385567010309278	118.18	6.73	-0.84	-0.13	5.8	0.45	0.63	1.8	119.06	4.32	0	110.5	17	0	49
0.0450474226804124	0.0377319587628866	115.87	6.63	-0.84	-0.11	5.68	0.43	0.62	1.75	119.02	4.28	0	108.5	17	0	45
0.044140206185567	0.0371134020618557	113.56	6.52	-0.84	-0.13	5.57	0.4	0.62	1.72	118.98	4.22	0	106.5	16.5	0	44
0.0431876288659794	0.0362886597938144	111.14	6.41	-0.84	-0.12	5.41	0.38	0.61	1.69	119.02	4.18	0	104.5	16.5	0	37
0.0422432989690722	0.0358762886597938	108.74	6.3	-0.84	-0.14	5.37	0.35	0.61	1.66	119.02	4.14	0	102.5	15.5	0	39
0.0413319587628866	0.0344329896907217	106.43	6.2	-0.85	-0.13	5.31	0.33	0.61	1.64	119.02	4.12	0	99.5	16	0	35
0.0404164948453608	0.0338144329896907	104.11	6.1	-0.84	-0.14	5.18	0.3	0.6	1.6	119.02	4.06	0	98	16	0	34
0.0395463917525773	0.0334020618556701	101.89	5.99	-0.84	-0.13	5.09	0.28	0.61	1.58	119.02	4	0	95.5	14.5	0	32
0.0386721649484536	0.0325773195876289	99.66	5.88	-0.84	-0.13	4.99	0.26	0.61	1.54	119.02	3.96	0	93.5	14.5	0	31
0.0377773195876289	0.031340206185567	97.4	5.79	-0.84	-0.13	4.86	0.25	0.62	1.51	119.02	3.92	0	91	15	0	26
0.0369113402061856	0.0309278350515464	95.19	5.68	-0.83	-0.13	4.79	0.23	0.61	1.48	119.02	3.88	0	89	14	0	27
0.0359876288659794	0.0301030927835052	92.85	5.58	-0.81	-0.12	4.67	0.21	0.62	1.45	119.02	3.82	0	86.5	13.5	0	23
0.0351134020618557	0.0290721649484536	90.61	5.46	-0.81	-0.12	4.64	0.19	0.62	1.41	119.02	3.76	0	84	13.5	0	21
0.0341979381443299	0.0282474226804124	88.28	5.35	-0.8	-0.13	4.48	0.17	0.61	1.37	119.02	3.74	0	82	13.5	0	17
0.0333030927835052	0.0276288659793814	86	5.24	-0.71	-0.12	4.41	0.15	0.62	1.34	119	3.66	0	79.5	12.5	0	17
0.0324536082474227	0.0265979381443299	83.75	5.05	-0.71	-0.12	4.31	0.12	0.61	1.31	119.02	3.64	0	77.5	13	0	14
0.0315711340206186	0.025979381443299	81.5	4.94	-0.71	-0.12	4.18	0.11	0.62	1.27	119.02	3.58	0	75.5	12.5	0	11
0.0306515463917526	0.0255670103092784	79.17	4.84	-0.74	-0.13	4.07	0.08	0.62	1.23	119.02	3.54	0	73.5	11.5	0	8
0.0293443298969072	0.0243298969072165	75.8	4.64	-0.73	-0.13	3.92	0.05	0.63	1.18	119.02	3.46	0	70.5	11.5	0	6
0.0291422680412371	0.0241237113402062	75.29	4.62	-0.71	-0.12	3.89	0.04	0.63	1.17	119.02	3.46	0	70	11.5	0	5
