3.71134020618557e-05	4
0.000742268041237113	63
0.0029319587628866	222
0.00391340206185567	281
0.00395463917525773	289
0.00430515463917526	319
0.00470103092783505	350
0.00516701030927835	380
0.00555051546391753	406
0.0058639175257732	409
0.00664742268041237	457
0.00711340206185567	482
0.0074639175257732	494
0.0077319587628866	506
0.00812371134020618	523
0.00844536082474227	538
0.00882886597938144	552
0.00913814432989691	563
0.00957525773195876	583
0.00992164948453608	598
0.0101484536082474	607
0.0110061855670103	626
0.0119587628865979	660
0.0122721649484536	678
0.0125731958762887	693
0.013059793814433	723
0.0137319587628866	754
0.0142886597938144	780
0.014519587628866	797
0.0148412371134021	810
0.0151587628865979	820
0.0154350515463918	832
0.0157896907216495	847
0.016259793814433	865
0.0166226804123711	878
0.0168659793814433	891
0.0172123711340206	902
0.0176123711340206	914
0.0178474226804124	921
0.0181237113402062	928
0.0184536082474227	935
0.0186886597938144	942
0.0190144329896907	946
