## NFILE T1 T2 CB1 CB2 P1 P2 RWALL1 RWALL2 XMAX1 XMAX2 GMAX1 GMAX2 YMAX1 YMAX2 CEMAX1 CEMAX2
 1    0.10433E+01    0.39226E+00    0.50000E-01    0.94631E-01    0.27518E+01    0.26299E+01    0.15099E+02    0.14430E+02    0.20007E+03    0.65791E+02    0.72752E+00    0.26316E+00    0.22749E+03    0.13542E+03    0.14860E+03    0.35167E+02
 2    0.74060E+00    0.28028E+00    0.10000E+00    0.18393E+00    0.55037E+01    0.51115E+01    0.30199E+02    0.28046E+02    0.14564E+02    0.36778E+01    0.52962E-01    0.14711E-01    0.80351E+02    0.27528E+02    0.40254E+03    0.66510E+02
 3    0.60629E+00    0.23043E+00    0.15000E+00    0.27068E+00    0.82555E+01    0.75226E+01    0.45298E+02    0.41276E+02    0.17654E+02    0.37363E+01    0.64198E-01    0.14945E-01    0.84026E+02    0.26983E+02    0.54061E+03    0.79202E+02
 4    0.52606E+00    0.20053E+00    0.20000E+00    0.35608E+00    0.11007E+02    0.98959E+01    0.60397E+02    0.54298E+02    0.13484E+02    0.35044E+01    0.49033E-01    0.14017E-01    0.84699E+02    0.29287E+02    0.73595E+03    0.10011E+03
 5    0.43086E+00    0.16501E+00    0.30000E+00    0.52263E+00    0.16511E+02    0.14524E+02    0.90596E+02    0.79694E+02    0.20000E+02    0.28998E+01    0.72728E-01    0.11599E-01    0.10091E+03    0.28108E+02    0.10247E+04    0.10081E+03
 6    0.37401E+00    0.14372E+00    0.40000E+00    0.68570E+00    0.22015E+02    0.19056E+02    0.12079E+03    0.10456E+03    0.16354E+02    0.11557E+02    0.59468E-01    0.46228E-01    0.99107E+02    0.45977E+02    0.11067E+04    0.23425E+03
 7    0.33516E+00    0.12913E+00    0.50000E+00    0.84623E+00    0.27518E+02    0.23517E+02    0.15099E+03    0.12904E+03    0.14597E+02    0.11576E+02    0.53079E-01    0.46304E-01    0.81036E+02    0.51544E+02    0.11270E+04    0.26439E+03
 8    0.30644E+00    0.11831E+00    0.60000E+00    0.10048E+01    0.33022E+02    0.27924E+02    0.18119E+03    0.15322E+03    0.12473E+02    0.29547E+01    0.45357E-01    0.11819E-01    0.59416E+02    0.25555E+02    0.11897E+04    0.14356E+03
 9    0.28409E+00    0.10988E+00    0.70000E+00    0.11617E+01    0.38526E+02    0.32286E+02    0.21139E+03    0.17715E+03    0.19548E+02    0.16494E+01    0.71083E-01    0.65975E-02    0.73988E+02    0.20106E+02    0.11713E+04    0.51204E+02
10    0.26606E+00    0.10307E+00    0.80000E+00    0.13174E+01    0.44030E+02    0.36611E+02    0.24159E+03    0.20088E+03    0.15742E+02    0.15313E+01    0.57243E-01    0.61251E-02    0.63966E+02    0.18161E+02    0.11195E+04    0.55775E+02
11    0.25111E+00    0.97404E-01    0.90000E+00    0.14718E+01    0.49533E+02    0.40904E+02    0.27179E+03    0.22444E+03    0.71946E+01    0.13219E+01    0.26162E-01    0.52875E-02    0.42639E+02    0.20910E+02    0.84637E+03    0.94202E+02
12    0.23845E+00    0.92603E-01    0.10000E+01    0.16253E+01    0.55037E+02    0.45169E+02    0.30199E+03    0.24784E+03    0.76020E+01    0.12375E+01    0.27644E-01    0.49499E-02    0.51746E+02    0.20756E+02    0.72623E+03    0.93257E+02
