## NFILE T1 T2 CB1 CB2 P1 P2 RWALL1 RWALL2 XMAX1 XMAX2 GMAX1 GMAX2 YMAX1 YMAX2 CEMAX1 CEMAX2
 1    0.10097E+01    0.42877E+00    0.50000E-01    0.10481E+00    0.14185E+01    0.11492E+01    0.77833E+01    0.63059E+01    0.20002E+03    0.53917E+02    0.72736E+00    0.21567E+00    0.24055E+03    0.12224E+03    0.92327E+02    0.13993E+02
 2    0.71673E+00    0.30742E+00    0.10000E+00    0.20228E+00    0.28370E+01    0.22181E+01    0.15567E+02    0.12170E+02    0.20005E+03    0.10658E+02    0.72747E+00    0.42631E-01    0.18486E+03    0.26525E+02    0.21268E+03    0.31148E+02
 3    0.58679E+00    0.25332E+00    0.15000E+00    0.29630E+00    0.42555E+01    0.32490E+01    0.23350E+02    0.17827E+02    0.20000E+03    0.32395E+01    0.72729E+00    0.12958E-01    0.15600E+03    0.25782E+02    0.30945E+03    0.32544E+02
 4    0.50917E+00    0.22081E+00    0.20000E+00    0.38848E+00    0.56740E+01    0.42597E+01    0.31133E+02    0.23373E+02    0.13657E+02    0.69565E+01    0.49662E-01    0.27826E-01    0.87515E+02    0.27629E+02    0.38218E+03    0.52144E+02
 5    0.41709E+00    0.18217E+00    0.30000E+00    0.56706E+00    0.85110E+01    0.62179E+01    0.46700E+02    0.34117E+02    0.13892E+02    0.47039E+01    0.50517E-01    0.18816E-01    0.82814E+02    0.28980E+02    0.46696E+03    0.52907E+02
 6    0.36211E+00    0.15897E+00    0.40000E+00    0.74095E+00    0.11348E+02    0.81246E+01    0.62266E+02    0.44579E+02    0.18869E+02    0.10227E+02    0.68615E-01    0.40907E-01    0.10259E+03    0.40320E+02    0.60758E+03    0.86652E+02
 7    0.32453E+00    0.14305E+00    0.50000E+00    0.91142E+00    0.14185E+02    0.99939E+01    0.77833E+02    0.54836E+02    0.18801E+02    0.20222E+01    0.68367E-01    0.80887E-02    0.88663E+02    0.24379E+02    0.69616E+03    0.24396E+02
 8    0.29675E+00    0.13123E+00    0.60000E+00    0.10792E+01    0.17022E+02    0.11834E+02    0.93400E+02    0.64933E+02    0.23674E+02    0.16942E+01    0.86086E-01    0.67768E-02    0.82526E+02    0.19697E+02    0.62479E+03    0.17107E+02
 9    0.27514E+00    0.12201E+00    0.70000E+00    0.12449E+01    0.19859E+02    0.13651E+02    0.10897E+03    0.74901E+02    0.20088E+02    0.15158E+01    0.73046E-01    0.60631E-02    0.73700E+02    0.17523E+02    0.61168E+03    0.17854E+02
10    0.25770E+00    0.11455E+00    0.80000E+00    0.14088E+01    0.22696E+02    0.15448E+02    0.12453E+03    0.84761E+02    0.15966E+02    0.14029E+01    0.58058E-01    0.56115E-02    0.63616E+02    0.15076E+02    0.57806E+03    0.19815E+02
11    0.24324E+00    0.10834E+00    0.90000E+00    0.15712E+01    0.25533E+02    0.17228E+02    0.14010E+03    0.94530E+02    0.70031E+01    0.12619E+01    0.25466E-01    0.50476E-02    0.42166E+02    0.21088E+02    0.42437E+03    0.34848E+02
12    0.23100E+00    0.10308E+00    0.10000E+01    0.17322E+01    0.28370E+02    0.18994E+02    0.15567E+03    0.10422E+03    0.32113E+01    0.15733E+01    0.11678E-01    0.62931E-02    0.43302E+02    0.21139E+02    0.30114E+03    0.52496E+02
