## NFILE T1 T2 CB1 CB2 P1 P2 RWALL1 RWALL2 XMAX1 XMAX2 GMAX1 GMAX2 YMAX1 YMAX2 CEMAX1 CEMAX2
 1    0.10228E+01    0.41546E+00    0.50000E-01    0.10050E+00    0.17682E+01    0.15394E+01    0.97022E+01    0.84466E+01    0.20009E+03    0.50806E+02    0.72760E+00    0.20322E+00    0.23063E+03    0.11704E+03    0.11436E+03    0.19876E+02
 2    0.72612E+00    0.29745E+00    0.10000E+00    0.19453E+00    0.35365E+01    0.29795E+01    0.19404E+02    0.16348E+02    0.14550E+02    0.34357E+01    0.52910E-01    0.13743E-01    0.81895E+02    0.26138E+02    0.26483E+03    0.33755E+02
 3    0.59449E+00    0.24487E+00    0.15000E+00    0.28549E+00    0.53047E+01    0.43727E+01    0.29107E+02    0.23993E+02    0.20588E+02    0.54590E+01    0.74866E-01    0.21836E-01    0.85155E+02    0.27578E+02    0.37468E+03    0.57505E+02
 4    0.51585E+00    0.21329E+00    0.20000E+00    0.37481E+00    0.70729E+01    0.57409E+01    0.38809E+02    0.31500E+02    0.14800E+02    0.32378E+01    0.53819E-01    0.12951E-01    0.86147E+02    0.27370E+02    0.48764E+03    0.48441E+02
 5    0.42255E+00    0.17578E+00    0.30000E+00    0.54833E+00    0.10609E+02    0.83986E+01    0.58213E+02    0.46083E+02    0.14112E+02    0.50772E+01    0.51316E-01    0.20309E-01    0.81592E+02    0.26280E+02    0.58418E+03    0.70973E+02
 6    0.36684E+00    0.15327E+00    0.40000E+00    0.71767E+00    0.14146E+02    0.10992E+02    0.77618E+02    0.60314E+02    0.16187E+02    0.70985E+01    0.58862E-01    0.28394E-01    0.88453E+02    0.49178E+02    0.71993E+03    0.12385E+03
 7    0.32876E+00    0.13783E+00    0.50000E+00    0.88396E+00    0.17682E+02    0.13539E+02    0.97022E+02    0.74290E+02    0.17760E+02    0.28548E+01    0.64581E-01    0.11419E-01    0.88565E+02    0.25564E+02    0.83123E+03    0.69224E+02
 8    0.30063E+00    0.12639E+00    0.60000E+00    0.10476E+01    0.21219E+02    0.16046E+02    0.11643E+03    0.88042E+02    0.23219E+02    0.17659E+01    0.84432E-01    0.70635E-02    0.81966E+02    0.20949E+02    0.77436E+03    0.25504E+02
 9    0.27872E+00    0.11744E+00    0.70000E+00    0.12099E+01    0.24755E+02    0.18532E+02    0.13583E+03    0.10168E+03    0.19875E+02    0.15710E+01    0.72274E-01    0.62839E-02    0.73853E+02    0.18624E+02    0.75843E+03    0.26266E+02
10    0.26105E+00    0.11022E+00    0.80000E+00    0.13703E+01    0.28292E+02    0.20989E+02    0.15524E+03    0.11516E+03    0.15867E+02    0.14597E+01    0.57699E-01    0.58388E-02    0.63754E+02    0.16419E+02    0.72018E+03    0.28908E+02
11    0.24639E+00    0.10421E+00    0.90000E+00    0.15294E+01    0.31828E+02    0.23425E+02    0.17464E+03    0.12853E+03    0.70798E+01    0.12853E+01    0.25745E-01    0.51411E-02    0.42341E+02    0.21052E+02    0.53452E+03    0.49966E+02
12    0.23398E+00    0.99116E-01    0.10000E+01    0.16872E+01    0.35365E+02    0.25843E+02    0.19404E+03    0.14180E+03    0.31785E+01    0.16042E+01    0.11558E-01    0.64166E-02    0.43519E+02    0.21183E+02    0.37513E+03    0.74519E+02
