## NFILE T1 T2 CB1 CB2 P1 P2 RWALL1 RWALL2 XMAX1 XMAX2 GMAX1 GMAX2 YMAX1 YMAX2 CEMAX1 CEMAX2
 1    0.11636E+01    0.47737E+00    0.50000E-01    0.51364E-01    0.27518E+01    0.14275E+01    0.15099E+02    0.78324E+01    0.11342E+03    0.20009E+03    0.41242E+00    0.80037E+00    0.16243E+03    0.38779E+03    0.12898E+03    0.28688E+02
 2    0.82792E+00    0.33999E+00    0.10000E+00    0.10002E+00    0.55037E+01    0.27796E+01    0.30199E+02    0.15251E+02    0.35870E+02    0.20003E+03    0.13044E+00    0.80014E+00    0.78446E+02    0.29031E+03    0.28731E+03    0.88967E+02
 3    0.67885E+00    0.27893E+00    0.15000E+00    0.14735E+00    0.82555E+01    0.40951E+01    0.45298E+02    0.22470E+02    0.11531E+02    0.20008E+03    0.41932E-01    0.80031E+00    0.71161E+02    0.23331E+03    0.38816E+03    0.13098E+03
 4    0.58982E+00    0.24243E+00    0.20000E+00    0.19380E+00    0.11007E+02    0.53858E+01    0.60397E+02    0.29552E+02    0.89590E+01    0.20009E+03    0.32578E-01    0.80035E+00    0.67762E+02    0.22345E+03    0.45846E+03    0.24640E+03
 5    0.48397E+00    0.19900E+00    0.30000E+00    0.28479E+00    0.16511E+02    0.79146E+01    0.90596E+02    0.43427E+02    0.85452E+01    0.10914E+02    0.31073E-01    0.43657E-01    0.65981E+02    0.79590E+02    0.55174E+03    0.39730E+03
 6    0.42058E+00    0.17297E+00    0.40000E+00    0.37437E+00    0.22015E+02    0.10404E+02    0.12079E+03    0.57087E+02    0.10066E+02    0.19255E+02    0.36603E-01    0.77020E-01    0.74985E+02    0.67955E+02    0.55301E+03    0.50185E+03
 7    0.37734E+00    0.15520E+00    0.50000E+00    0.46214E+00    0.27518E+02    0.12843E+02    0.15099E+03    0.70471E+02    0.84210E+01    0.21353E+02    0.30622E-01    0.85410E-01    0.60810E+02    0.10126E+03    0.59622E+03    0.68101E+03
 8    0.34535E+00    0.14205E+00    0.60000E+00    0.54883E+00    0.33022E+02    0.15252E+02    0.18119E+03    0.83689E+02    0.76440E+01    0.18756E+02    0.27796E-01    0.75025E-01    0.45886E+02    0.85721E+02    0.57303E+03    0.71798E+03
 9    0.32045E+00    0.13180E+00    0.70000E+00    0.63462E+00    0.38526E+02    0.17637E+02    0.21139E+03    0.96772E+02    0.12325E+02    0.19775E+02    0.44818E-01    0.79099E-01    0.57121E+02    0.55370E+02    0.62466E+03    0.57220E+03
10    0.30035E+00    0.12354E+00    0.80000E+00    0.71957E+00    0.44030E+02    0.19997E+02    0.24159E+03    0.10973E+03    0.10883E+02    0.17865E+02    0.39576E-01    0.71459E-01    0.52543E+02    0.52884E+02    0.59874E+03    0.58057E+03
11    0.28365E+00    0.11666E+00    0.90000E+00    0.80407E+00    0.49533E+02    0.22346E+02    0.27179E+03    0.12261E+03    0.44845E+01    0.17736E+02    0.16307E-01    0.70944E-01    0.33362E+02    0.76618E+02    0.33371E+03    0.64426E+03
12    0.26952E+00    0.11085E+00    0.10000E+01    0.88791E+00    0.55037E+02    0.24676E+02    0.30199E+03    0.13540E+03    0.20371E+01    0.16098E+02    0.74077E-02    0.64393E-01    0.21913E+02    0.65459E+02    0.17049E+03    0.63856E+03
