## NFILE T1 T2 CB1 CB2 P1 P2 RWALL1 RWALL2 XMAX1 XMAX2 GMAX1 GMAX2 YMAX1 YMAX2 CEMAX1 CEMAX2
 1    0.11084E+01    0.52998E+00    0.50000E-01    0.56918E-01    0.14185E+01    0.62411E+00    0.77833E+01    0.34245E+01    0.13371E+03    0.20011E+03    0.48622E+00    0.80045E+00    0.20496E+03    0.37331E+03    0.72173E+02    0.11350E+02
 2    0.78927E+00    0.37843E+00    0.10000E+00    0.11009E+00    0.28370E+01    0.12071E+01    0.15567E+02    0.66234E+01    0.26403E+02    0.20009E+03    0.96012E-01    0.80035E+00    0.79143E+02    0.27694E+03    0.16785E+03    0.37475E+02
 3    0.64755E+00    0.31098E+00    0.15000E+00    0.16146E+00    0.42555E+01    0.17704E+01    0.23350E+02    0.97143E+01    0.10649E+02    0.20006E+03    0.38723E-01    0.80025E+00    0.76851E+02    0.22980E+03    0.23568E+03    0.72454E+02
 4    0.56289E+00    0.27062E+00    0.20000E+00    0.21162E+00    0.56740E+01    0.23204E+01    0.31133E+02    0.12732E+02    0.10738E+02    0.20006E+03    0.39048E-01    0.80025E+00    0.76178E+02    0.20758E+03    0.28698E+03    0.10766E+03
 5    0.46223E+00    0.22254E+00    0.30000E+00    0.30938E+00    0.85110E+01    0.33924E+01    0.46700E+02    0.18614E+02    0.10623E+02    0.20005E+03    0.38629E-01    0.80022E+00    0.78284E+02    0.17413E+03    0.35048E+03    0.17635E+03
 6    0.40204E+00    0.19374E+00    0.40000E+00    0.40469E+00    0.11348E+02    0.44375E+01    0.62266E+02    0.24348E+02    0.11592E+02    0.22131E+02    0.42152E-01    0.88526E-01    0.79192E+02    0.92518E+02    0.39003E+03    0.23162E+03
 7    0.36078E+00    0.17396E+00    0.50000E+00    0.49867E+00    0.14185E+02    0.54680E+01    0.77833E+02    0.30002E+02    0.10700E+02    0.20451E+02    0.38910E-01    0.81804E-01    0.70621E+02    0.91718E+02    0.40955E+03    0.27257E+03
 8    0.33036E+00    0.15936E+00    0.60000E+00    0.59061E+00    0.17022E+02    0.64761E+01    0.93400E+02    0.35534E+02    0.19509E+02    0.10316E+02    0.70942E-01    0.41263E-01    0.70518E+02    0.47327E+02    0.42790E+03    0.21621E+03
 9    0.30666E+00    0.14797E+00    0.70000E+00    0.68135E+00    0.19859E+02    0.74711E+01    0.10897E+03    0.40994E+02    0.14227E+02    0.17985E+02    0.51736E-01    0.71942E-01    0.62058E+02    0.50763E+02    0.37555E+03    0.23739E+03
10    0.28752E+00    0.13877E+00    0.80000E+00    0.77110E+00    0.22696E+02    0.84552E+01    0.12453E+03    0.46394E+02    0.12156E+02    0.16020E+02    0.44204E-01    0.64078E-01    0.56561E+02    0.48037E+02    0.35213E+03    0.24046E+03
11    0.27164E+00    0.13113E+00    0.90000E+00    0.85999E+00    0.25533E+02    0.94300E+01    0.14010E+03    0.51742E+02    0.59790E+01    0.71142E+01    0.21742E-01    0.28457E-01    0.40255E+02    0.49909E+02    0.26703E+03    0.26027E+03
12    0.25818E+00    0.12466E+00    0.10000E+01    0.94814E+00    0.28370E+02    0.10397E+02    0.15567E+03    0.57045E+02    0.19923E+01    0.14783E+02    0.72447E-02    0.59132E-01    0.21724E+02    0.61234E+02    0.10067E+03    0.26139E+03
