## NFILE T1 T2 CB1 CB2 P1 P2 RWALL1 RWALL2 XMAX1 XMAX2 GMAX1 GMAX2 YMAX1 YMAX2 CEMAX1 CEMAX2
 1    0.10251E+01    0.37192E+00    0.50000E-01    0.10904E+00    0.27518E+01    0.30304E+01    0.15099E+02    0.16628E+02    0.20006E+03    0.37708E+02    0.72751E+00    0.15083E+00    0.20612E+03    0.86036E+02    0.19156E+03    0.35113E+02
 2    0.72730E+00    0.26591E+00    0.10000E+00    0.21187E+00    0.55037E+01    0.58881E+01    0.30199E+02    0.32308E+02    0.20002E+03    0.53098E+01    0.72736E+00    0.21239E-01    0.13885E+03    0.22377E+02    0.35596E+03    0.48285E+02
 3    0.59515E+00    0.21863E+00    0.15000E+00    0.31206E+00    0.82555E+01    0.86723E+01    0.45298E+02    0.47585E+02    0.18139E+02    0.62502E+01    0.65960E-01    0.25001E-01    0.88989E+02    0.24186E+02    0.59315E+03    0.87358E+02
 4    0.51634E+00    0.19039E+00    0.20000E+00    0.41000E+00    0.11007E+02    0.11394E+02    0.60397E+02    0.62520E+02    0.13438E+02    0.58992E+01    0.48865E-01    0.23597E-01    0.88309E+02    0.26496E+02    0.74208E+03    0.10156E+03
 5    0.42274E+00    0.15674E+00    0.30000E+00    0.60169E+00    0.16511E+02    0.16722E+02    0.90596E+02    0.91751E+02    0.17512E+02    0.80679E+01    0.63680E-01    0.32272E-01    0.98417E+02    0.28396E+02    0.99234E+03    0.14429E+03
 6    0.36686E+00    0.13656E+00    0.40000E+00    0.78938E+00    0.22015E+02    0.21938E+02    0.12079E+03    0.12037E+03    0.20937E+02    0.19338E+01    0.76136E-01    0.77353E-02    0.11106E+03    0.21680E+02    0.12923E+04    0.51860E+02
 7    0.32867E+00    0.12273E+00    0.50000E+00    0.97415E+00    0.27518E+02    0.27072E+02    0.15099E+03    0.14855E+03    0.18256E+02    0.19188E+01    0.66385E-01    0.76753E-02    0.87455E+02    0.23526E+02    0.13396E+04    0.55756E+02
 8    0.30046E+00    0.11248E+00    0.60000E+00    0.11564E+01    0.33022E+02    0.32139E+02    0.18119E+03    0.17634E+03    0.22912E+02    0.15001E+01    0.83317E-01    0.60004E-02    0.81486E+02    0.16780E+02    0.12105E+04    0.38640E+02
 9    0.27849E+00    0.10448E+00    0.70000E+00    0.13373E+01    0.38526E+02    0.37165E+02    0.21139E+03    0.20393E+03    0.19522E+02    0.13531E+01    0.70988E-01    0.54126E-02    0.73070E+02    0.15064E+02    0.11831E+04    0.38163E+02
10    0.26078E+00    0.98009E-01    0.80000E+00    0.15165E+01    0.44030E+02    0.42144E+02    0.24159E+03    0.23124E+03    0.15695E+02    0.12585E+01    0.57074E-01    0.50342E-02    0.63226E+02    0.14083E+02    0.11280E+04    0.39128E+02
11    0.24609E+00    0.92638E-01    0.90000E+00    0.16943E+01    0.49533E+02    0.47086E+02    0.27179E+03    0.25836E+03    0.70575E+01    0.10593E+01    0.25664E-01    0.42371E-02    0.42584E+02    0.18491E+02    0.83401E+03    0.69475E+02
12    0.23365E+00    0.88082E-01    0.10000E+01    0.18710E+01    0.55037E+02    0.51996E+02    0.30199E+03    0.28530E+03    0.31705E+01    0.13632E+01    0.11529E-01    0.54528E-02    0.43860E+02    0.18830E+02    0.58947E+03    0.11285E+03
