## NFILE T1 T2 CB1 CB2 P1 P2 RWALL1 RWALL2 XMAX1 XMAX2 GMAX1 GMAX2 YMAX1 YMAX2 CEMAX1 CEMAX2
 1    0.99550E+00    0.40510E+00    0.50000E-01    0.12077E+00    0.14185E+01    0.13243E+01    0.77833E+01    0.72663E+01    0.20004E+03    0.12710E+02    0.72743E+00    0.50841E-01    0.22494E+03    0.38102E+02    0.10184E+03    0.25121E+02
 2    0.70630E+00    0.29067E+00    0.10000E+00    0.23302E+00    0.28370E+01    0.25551E+01    0.15567E+02    0.14020E+02    0.20000E+03    0.52921E+01    0.72728E+00    0.21168E-01    0.18128E+03    0.20609E+02    0.20554E+03    0.24429E+02
 3    0.57796E+00    0.23952E+00    0.15000E+00    0.34165E+00    0.42555E+01    0.37463E+01    0.23350E+02    0.20556E+02    0.25180E+02    0.50758E+01    0.91563E-01    0.20303E-01    0.88463E+02    0.21999E+02    0.31451E+03    0.29292E+02
 4    0.50144E+00    0.20896E+00    0.20000E+00    0.44726E+00    0.56740E+01    0.49042E+01    0.31133E+02    0.26909E+02    0.16009E+02    0.51551E+01    0.58215E-01    0.20621E-01    0.89375E+02    0.25096E+02    0.39651E+03    0.35960E+02
 5    0.41057E+00    0.17248E+00    0.30000E+00    0.65277E+00    0.85110E+01    0.71577E+01    0.46700E+02    0.39274E+02    0.23002E+02    0.19846E+01    0.83643E-01    0.79384E-02    0.10591E+03    0.19902E+02    0.56076E+03    0.15237E+02
 6    0.35632E+00    0.15058E+00    0.40000E+00    0.85288E+00    0.11348E+02    0.93519E+01    0.62266E+02    0.51314E+02    0.22032E+02    0.17978E+01    0.80117E-01    0.71911E-02    0.11053E+03    0.19469E+02    0.67752E+03    0.18815E+02
 7    0.31925E+00    0.13554E+00    0.50000E+00    0.10491E+01    0.14185E+02    0.11503E+02    0.77833E+02    0.63117E+02    0.19019E+02    0.17281E+01    0.69162E-01    0.69123E-02    0.88424E+02    0.20830E+02    0.70308E+03    0.20677E+02
 8    0.29185E+00    0.12438E+00    0.60000E+00    0.12422E+01    0.17022E+02    0.13621E+02    0.93400E+02    0.74737E+02    0.11321E+02    0.16808E+01    0.41166E-01    0.67231E-02    0.90420E+02    0.18717E+02    0.67255E+03    0.23320E+02
 9    0.27054E+00    0.11566E+00    0.70000E+00    0.14329E+01    0.19859E+02    0.15712E+02    0.10897E+03    0.86209E+02    0.20049E+02    0.12278E+01    0.72907E-01    0.49112E-02    0.72918E+02    0.12800E+02    0.61644E+03    0.12934E+02
10    0.25335E+00    0.10861E+00    0.80000E+00    0.16215E+01    0.22696E+02    0.17780E+02    0.12453E+03    0.97558E+02    0.15918E+02    0.11485E+01    0.57882E-01    0.45940E-02    0.63323E+02    0.13041E+02    0.58054E+03    0.13565E+02
11    0.23909E+00    0.10274E+00    0.90000E+00    0.18084E+01    0.25533E+02    0.19829E+02    0.14010E+03    0.10880E+03    0.69177E+01    0.10063E+01    0.25155E-01    0.40251E-02    0.42135E+02    0.18955E+02    0.42138E+03    0.25736E+02
12    0.22702E+00    0.97763E-01    0.10000E+01    0.19937E+01    0.28370E+02    0.21861E+02    0.15567E+03    0.11995E+03    0.32284E+01    0.12632E+01    0.11740E-01    0.50527E-02    0.43450E+02    0.18905E+02    0.30142E+03    0.41413E+02
