## NFILE T1 T2 CB1 CB2 P1 P2 RWALL1 RWALL2 XMAX1 XMAX2 GMAX1 GMAX2 YMAX1 YMAX2 CEMAX1 CEMAX2
 1    0.10851E+01    0.42940E+00    0.50000E-01    0.73007E-01    0.27518E+01    0.20289E+01    0.15099E+02    0.11133E+02    0.18161E+03    0.20001E+03    0.66039E+00    0.80004E+00    0.26676E+03    0.36631E+03    0.13523E+03    0.36593E+02
 2    0.77097E+00    0.30642E+00    0.10000E+00    0.14199E+00    0.55037E+01    0.39461E+01    0.30199E+02    0.21652E+02    0.19285E+02    0.20004E+03    0.70127E-01    0.80017E+00    0.76309E+02    0.24996E+03    0.33297E+03    0.96835E+02
 3    0.63156E+00    0.25171E+00    0.15000E+00    0.20905E+00    0.82555E+01    0.58098E+01    0.45298E+02    0.31878E+02    0.11797E+02    0.72962E+01    0.42899E-01    0.29185E-01    0.79098E+02    0.42823E+02    0.45036E+03    0.17207E+03
 4    0.54834E+00    0.21898E+00    0.20000E+00    0.27482E+00    0.11007E+02    0.76374E+01    0.60397E+02    0.41906E+02    0.10826E+02    0.75988E+01    0.39369E-01    0.30395E-01    0.75535E+02    0.43468E+02    0.58267E+03    0.24886E+03
 5    0.44936E+00    0.17995E+00    0.30000E+00    0.40399E+00    0.16511E+02    0.11227E+02    0.90596E+02    0.61604E+02    0.11485E+02    0.10637E+02    0.41765E-01    0.42547E-01    0.87339E+02    0.50392E+02    0.77457E+03    0.34315E+03
 6    0.39030E+00    0.15663E+00    0.40000E+00    0.53013E+00    0.22015E+02    0.14733E+02    0.12079E+03    0.80838E+02    0.15331E+02    0.87363E+01    0.55748E-01    0.34945E-01    0.93169E+02    0.44901E+02    0.98267E+03    0.35764E+03
 7    0.34992E+00    0.14065E+00    0.50000E+00    0.65430E+00    0.27518E+02    0.18183E+02    0.15099E+03    0.99772E+02    0.12464E+02    0.19239E+02    0.45322E-01    0.76957E-01    0.75368E+02    0.70773E+02    0.94616E+03    0.41864E+03
 8    0.32007E+00    0.12882E+00    0.60000E+00    0.77693E+00    0.33022E+02    0.21592E+02    0.18119E+03    0.11847E+03    0.17908E+02    0.99687E+01    0.65118E-01    0.39875E-01    0.70242E+02    0.36058E+02    0.93312E+03    0.34104E+03
 9    0.29683E+00    0.11960E+00    0.70000E+00    0.89832E+00    0.38526E+02    0.24965E+02    0.21139E+03    0.13698E+03    0.83992E+01    0.14623E+02    0.30542E-01    0.58490E-01    0.48822E+02    0.67413E+02    0.72240E+03    0.50610E+03
10    0.27808E+00    0.11214E+00    0.80000E+00    0.10187E+01    0.44030E+02    0.28310E+02    0.24159E+03    0.15533E+03    0.13404E+02    0.79757E+01    0.48741E-01    0.31903E-01    0.58637E+02    0.30974E+02    0.87681E+03    0.34051E+03
11    0.26252E+00    0.10595E+00    0.90000E+00    0.11381E+01    0.49533E+02    0.31629E+02    0.27179E+03    0.17355E+03    0.12302E+02    0.19293E+01    0.44734E-01    0.77173E-02    0.55846E+02    0.23299E+02    0.10199E+04    0.93216E+02
12    0.24935E+00    0.10071E+00    0.10000E+01    0.12568E+01    0.55037E+02    0.34927E+02    0.30199E+03    0.19165E+03    0.54911E+01    0.17019E+01    0.19968E-01    0.68077E-02    0.35318E+02    0.23795E+02    0.69768E+03    0.11934E+03
