## NFILE T1 T2 CB1 CB2 P1 P2 RWALL1 RWALL2 XMAX1 XMAX2 GMAX1 GMAX2 YMAX1 YMAX2 CEMAX1 CEMAX2
 1    0.10429E+01    0.47256E+00    0.50000E-01    0.80865E-01    0.14185E+01    0.88670E+00    0.77833E+01    0.48653E+01    0.20004E+03    0.15171E+03    0.72743E+00    0.60682E+00    0.27637E+03    0.28890E+03    0.72680E+02    0.14616E+02
 2    0.74123E+00    0.33829E+00    0.10000E+00    0.15619E+00    0.28370E+01    0.17126E+01    0.15567E+02    0.93973E+01    0.14904E+02    0.62295E+01    0.54195E-01    0.24918E-01    0.79999E+02    0.31146E+02    0.19580E+03    0.40646E+02
 3    0.60735E+00    0.27847E+00    0.15000E+00    0.22889E+00    0.42555E+01    0.25098E+01    0.23350E+02    0.13771E+02    0.18588E+02    0.71203E+01    0.67594E-01    0.28481E-01    0.84024E+02    0.34419E+02    0.28190E+03    0.67952E+02
 4    0.52742E+00    0.24264E+00    0.20000E+00    0.29983E+00    0.56740E+01    0.32876E+01    0.31133E+02    0.18039E+02    0.11644E+02    0.65931E+01    0.42343E-01    0.26372E-01    0.80151E+02    0.38195E+02    0.33803E+03    0.91873E+02
 5    0.43236E+00    0.19984E+00    0.30000E+00    0.43853E+00    0.85110E+01    0.48086E+01    0.46700E+02    0.26384E+02    0.16287E+02    0.78935E+01    0.59226E-01    0.31574E-01    0.93507E+02    0.40493E+02    0.45674E+03    0.11939E+03
 6    0.37565E+00    0.17424E+00    0.40000E+00    0.57311E+00    0.11348E+02    0.62842E+01    0.62266E+02    0.34481E+02    0.16222E+02    0.16773E+02    0.58990E-01    0.67094E-01    0.98383E+02    0.57985E+02    0.53916E+03    0.14784E+03
 7    0.33687E+00    0.15668E+00    0.50000E+00    0.70504E+00    0.14185E+02    0.77309E+01    0.77833E+02    0.42419E+02    0.14665E+02    0.16830E+02    0.53326E-01    0.67320E-01    0.77141E+02    0.62749E+02    0.54103E+03    0.16347E+03
 8    0.30821E+00    0.14366E+00    0.60000E+00    0.83491E+00    0.17022E+02    0.91549E+01    0.93400E+02    0.50233E+02    0.20137E+02    0.87536E+01    0.73224E-01    0.35015E-01    0.74121E+02    0.31808E+02    0.52659E+03    0.12656E+03
 9    0.28589E+00    0.13350E+00    0.70000E+00    0.96311E+00    0.19859E+02    0.10561E+02    0.10897E+03    0.57946E+02    0.17522E+02    0.79152E+01    0.63718E-01    0.31661E-01    0.68447E+02    0.29176E+02    0.51503E+03    0.12921E+03
10    0.26788E+00    0.12528E+00    0.80000E+00    0.10899E+01    0.22696E+02    0.11951E+02    0.12453E+03    0.65576E+02    0.81753E+01    0.32118E+01    0.29728E-01    0.12847E-01    0.51737E+02    0.33310E+02    0.49787E+03    0.11391E+03
11    0.25294E+00    0.11846E+00    0.90000E+00    0.12155E+01    0.25533E+02    0.13329E+02    0.14010E+03    0.73133E+02    0.11920E+02    0.17818E+01    0.43345E-01    0.71273E-02    0.54936E+02    0.20891E+02    0.51768E+03    0.34740E+02
12    0.24028E+00    0.11266E+00    0.10000E+01    0.13401E+01    0.28370E+02    0.14695E+02    0.15567E+03    0.80628E+02    0.54535E+01    0.15615E+01    0.19831E-01    0.62462E-02    0.35170E+02    0.24878E+02    0.34817E+03    0.45945E+02
