4.12371134020619e-05	4	0	0
0.00208659793814433	34	0.000144329896907216	3
0.00318350515463918	58	0.000288659793814433	48
0.00416082474226804	113	0.000350515463917526	150
0.00520824742268041	160	0.00043298969072165	235
0.00602474226804124	206	0.000515463917525773	315
0.00682886597938144	260	0.000597938144329897	393
0.00777319587628866	309	0.00065979381443299	473
0.00871752577319588	345	0.000742268041237113	528
0.00940618556701031	361	0.000804123711340206	553
0.0102432989690722	377	0.000927835051546392	575
0.0117443298969072	414	0.00103092783505155	625
0.0126762886597938	435	0.0011340206185567	658
0.0142061855670103	462	0.00123711340206186	703
0.0158969072164948	503	0.0014020618556701	758
0.0173567010309278	544	0.00150515463917526	833
0.0178927835051546	564	0.00156701030927835	873
0.0184742268041237	595	0.00158762886597938	920
0.0189525773195876	618	0.00164948453608247	960
0.0197649484536082	660	0.00171134020618557	1030
0.0201938144329897	686	0.00177319587628866	1068
0.0208288659793814	716	0.00181443298969072	1115
0.0218845360824742	763	0.00191752577319588	1195
0.0224371134020619	783	0.00197938144329897	1230
0.0229484536082474	801	0.002	1265
0.0233443298969072	815	0.00206185567010309	1288
0.0239257731958763	833	0.00210309278350515	1313
0.0244041237113402	843	0.00208247422680412	1330
0.0247587628865979	852	0.00220618556701031	1348
0.0252247422680412	866	0.00222680412371134	1368
0.0256659793814433	875	0.00228865979381443	1378
0.0261855670103093	887	0.00228865979381443	1395
0.0265773195876289	894	0.00232989690721649	1413
0.0269690721649485	907	0.00235051546391753	1430
0.0272453608247423	914	0.00237113402061856	1443
0.027439175257732	919	0.00239175257731959	1448
0.0276371134020619	920	0.00237113402061856	1450
0.028020618556701	930	0.00247422680412371	1460
0.0283340206185567	932	0.00247422680412371	1463
0.0290226804123711	938	0.00251546391752577	655
