-0.00120592783505151	4
0.000839432989690754	34
0.0019363402061856	58
0.00291365979381446	113
0.00396108247422683	160
0.00477757731958766	206
0.00558170103092786	260
0.00652603092783508	309
0.0074703608247423	345
0.00815902061855673	361
0.00899613402061862	377
0.0104971649484536	414
0.0114291237113402	435
0.0129590206185567	462
0.0146497422680412	503
0.0161095360824742	544
0.016645618556701	564
0.0172270618556701	595
0.017705412371134	618
0.0185177835051546	660
0.0189466494845361	686
0.0195817010309278	716
0.0206373711340206	763
0.0211899484536083	783
0.0217012886597938	801
0.0220971649484536	815
0.0226786082474227	833
0.0231569587628866	843
0.0235115979381443	852
0.0239775773195876	866
0.0244188144329897	875
0.0249384020618557	887
0.0253301546391753	894
0.0257219072164949	907
0.0259981958762887	914
0.0261920103092784	919
0.0263899484536083	920
0.0267734536082474	930
0.0270868556701031	932
0.0277755154639175	938
