3.71134020618557e-05	2
0.000944329896907217	70
0.000944329896907217	72
0.00136907216494845	106
0.00176494845360825	126
0.00208659793814433	142
0.00239587628865979	165
0.00282886597938144	183
0.00325773195876289	204
0.00344329896907216	206
0.00371546391752577	224
0.00403298969072165	242
0.00446185567010309	262
0.00524536082474227	302
0.0060701030927835	344
0.00640412371134021	363
0.00724123711340206	403
0.00761649484536082	423
0.00824742268041237	463
0.00937319587628866	512
0.0109278350515464	570
0.0118639175257732	601
0.0123381443298969	616
0.0139670103092783	669
0.0153278350515464	714
0.0161030927835052	723
0.0168412371134021	737
0.0175587628865979	754
0.0186061855670103	782
0.0198927835051546	822
0.0210474226804124	853
0.0222268041237113	885
0.0236659793814433	886
