#変形角	gamma	gamma2	変位計1	変位計2	変位計3	変位計4	変位計5	変位計6	変位計7	変位計8	変位計9	変位計10	変位計11	変位計12	変位計13	荷重14	荷重0
2.06185567010309e-05	0.000206185567010309	0.07	0.02	0	0	0	0	-0.01	0	0.02	0	0	0	-0.5	0	6
2.47422680412371e-05	-0.000618556701030928	0.06	0	-0.02	-0.03	0	0.01	0	0.01	-0.04	0	0	0	1.5	0	13
0.000379381443298969	-0.000206185567010309	0.91	-0.01	-0.02	-0.05	0	0.02	0	0.03	-0.02	-0.04	0	1.5	2	0	31
0.000804123711340206	0.00103092783505155	2.05	0.1	-0.02	-0.06	0.02	0.03	0	-0.01	0	-0.04	0	3	0.5	0	44
0.00107628865979381	0.000618556701030928	2.71	0.1	-0.01	-0.05	0.05	0.02	0	-0.02	0	-0.04	0	3.5	2	0	50
0.00181855670103093	0.00123711340206186	4.51	0.1	-0.02	-0.05	0.08	0.04	0.01	-0.04	0	0	0	5	2	0	68
0.00235876288659794	0.00206185567010309	5.93	0.21	-0.11	-0.02	0.12	0.06	0.03	-0.04	0.02	0.02	0	6	1	0	81
0.0029360824742268	0.0022680412371134	7.36	0.24	-0.13	-0.03	0.16	0.07	0.04	-0.04	0.02	0.02	0	7	1.5	0	95
0.00326185567010309	0.00247422680412371	8.22	0.31	-0.1	-0.02	0.2	0.09	0.04	-0.04	0.02	0.02	0	8.5	2.5	0	102
0.00345154639175258	0.00247422680412371	8.68	0.31	-0.12	-0.03	0.21	0.09	0.03	-0.05	0.02	0.02	0	8.5	2.5	0	88
0.00274639175257732	0.00247422680412371	6.98	0.32	-0.12	-0.02	0.23	0.08	0.07	-0.05	-0.02	0	0	6	0	0	46
0.00223505154639175	0.00144329896907216	5.65	0.23	-0.11	-0.01	0.24	0.06	0.07	-0.06	-0.1	-0.02	0	5	1.5	0	28
0.00181030927835052	0.00123711340206186	4.6	0.21	-0.13	-0.02	0.2	0.05	0.06	-0.06	-0.2	-0.04	0	4	1	0	19
0.00141855670103093	0.00103092783505155	3.65	0.21	-0.12	-0.02	0.17	0.05	0.06	-0.04	-0.28	-0.04	0	3	0.5	0	11
0.00114639175257732	0.000618556701030928	2.89	0.11	-0.12	-0.02	0.15	0.05	0.06	-0.05	-0.32	-0.04	0	2.5	1	0	5
0.000919587628865979	0.000618556701030928	2.34	0.11	-0.05	-0.02	0.13	0.03	0.06	-0.04	-0.38	-0.02	0	2	0.5	0	1
0.000408247422680412	0	1.09	0.1	-0.02	-0.03	0.09	0.03	0.05	-0.03	-0.48	-0.04	0	1	1	0	-6
0.000136082474226804	0.000206185567010309	0.33	0	-0.02	-0.02	0.05	0.01	0.05	-0.03	-0.52	-0.06	0	1	0.5	0	-6
-1.23711340206186e-05	0	-0.03	0	-0.03	-0.02	0.06	0.02	0.06	-0.02	-0.58	-0.06	0	-0.5	-0.5	0	-11
-0.000490721649484536	-0.000618556701030928	-1.27	-0.08	-0.02	-0.02	0.03	-0.02	0.04	-0.02	-0.7	-0.12	0	-1.5	0	0	-21
-0.000865979381443299	-0.00103092783505155	-2.21	-0.11	0.08	-0.02	0.01	-0.04	0.04	0.01	-0.8	-0.18	0	-2	0.5	0	-30
-0.00141443298969072	-0.00144329896907216	-3.64	-0.21	0.4	-0.02	-0.02	-0.05	0.04	0.07	-0.88	-0.24	0	-3.5	0	0	-40
-0.00191752577319588	-0.00185567010309278	-4.97	-0.32	0.6	-0.01	-0.05	-0.05	0.04	0.11	-0.96	-0.28	0	-4.5	0	0	-50
-0.00254020618556701	-0.00247422680412371	-6.58	-0.42	0.9	-0.01	-0.07	-0.06	0.04	0.17	-1.04	-0.3	0	-6	0	0	-59
-0.00296494845360825	-0.00288659793814433	-7.72	-0.53	1.22	-0.03	-0.09	-0.05	0.04	0.22	-1.08	-0.3	0	-7	0	0	-70
-0.00327010309278351	-0.00288659793814433	-8.56	-0.63	1.45	-0.03	-0.11	-0.07	0	0.25	-1.16	-0.34	0	-7	0	0	-73
-0.00395463917525773	-0.00309278350515464	-10.37	-0.78	1.73	-0.02	-0.13	-0.08	0.02	0.32	-1.2	-0.34	0	-9	-1.5	0	-88
-0.00443711340206186	-0.00371134020618557	-11.7	-0.94	1.92	-0.01	-0.18	-0.11	0	0.36	-1.24	-0.32	0	-10.5	-1.5	0	-102
-0.00463092783505155	-0.0043298969072165	-12.18	-0.95	1.93	-0.06	-0.21	-0.12	-0.01	0.37	-1.32	-0.32	0	-10.5	0	0	-95
-0.00408247422680412	-0.00350515463917526	-10.75	-0.85	1.71	-0.06	-0.22	-0.12	-0.03	0.38	-1.34	-0.32	0	-8	0.5	0	-59
-0.00377731958762887	-0.00329896907216495	-9.89	-0.73	1.5	-0.05	-0.21	-0.11	-0.03	0.36	-1.36	-0.34	0	-7.5	0.5	0	-50
-0.00338969072164948	-0.00329896907216495	-8.85	-0.63	1.2	-0.06	-0.23	-0.1	-0.03	0.32	-1.36	-0.34	0	-7	1	0	-38
-0.00303505154639175	-0.00288659793814433	-7.9	-0.54	0.91	-0.05	-0.21	-0.1	-0.04	0.29	-1.36	-0.34	0	-6	1	0	-29
-0.00261443298969072	-0.00268041237113402	-6.77	-0.43	0.59	-0.06	-0.2	-0.1	-0.04	0.23	-1.34	-0.36	0	-5.5	1	0	-19
-0.00214845360824742	-0.00206185567010309	-5.54	-0.33	0.19	-0.04	-0.2	-0.1	-0.03	0.16	-1.34	-0.36	0	-4.5	0.5	0	-11
-0.00161237113402062	-0.00164948453608247	-4.21	-0.3	0.19	-0.03	-0.16	-0.08	-0.05	0.12	-1.32	-0.28	0	-3	1	0	2
-0.000956701030927835	-0.00103092783505155	-2.51	-0.19	0.08	-0.03	-0.12	-0.05	-0.05	0.09	-1.32	-0.18	0	-1.5	1	0	11
-0.000206185567010309	-0.000618556701030928	-0.61	-0.11	0.09	-0.05	-0.05	-0.03	-0.04	0.04	-1.32	-0.12	0	0.5	2	0	20
0.000412371134020619	0.000412371134020619	1	0	0.08	-0.02	0	-0.02	-0.03	0	-1.3	-0.14	0	1.5	0.5	0	31
0.000494845360824742	0.000618556701030928	1.2	0	-0.02	-0.02	0.01	-0.01	-0.03	0.01	-1.28	-0.12	0	1.5	0	0	32
0.000874226804123711	0.000412371134020619	2.23	0.11	-0.01	-0.04	0.04	0	-0.02	0	-1.3	-0.14	0	2.5	1.5	0	41
0.00166185567010309	0.00123711340206186	4.14	0.11	-0.01	-0.04	0.09	0.01	0	-0.01	-1.3	-0.16	0	4.5	1.5	0	55
0.00227628865979381	0.00185567010309278	5.66	0.14	-0.01	-0.03	0.14	0.03	0.02	-0.02	-1.3	-0.14	0	6	1.5	0	70
0.00298969072164948	0.0022680412371134	7.45	0.2	-0.12	-0.04	0.19	0.05	0.02	-0.04	-1.3	-0.04	0	8	2.5	0	89
0.00336907216494845	0.00268041237113402	8.37	0.2	-0.12	-0.06	0.23	0.06	0.03	-0.05	-1.32	0	0	9.5	3	0	101
0.00357113402061856	0.00268041237113402	8.97	0.31	-0.12	-0.04	0.25	0.07	0.03	-0.05	-1.3	0.04	0	9	2.5	0	99
0.0033319587628866	0.00247422680412371	8.4	0.32	-0.11	-0.04	0.25	0.07	0.05	-0.05	-1.3	0.04	0	7.5	1.5	0	76
0.00302680412371134	0.00247422680412371	7.55	0.21	-0.12	-0.02	0.26	0.07	0.06	-0.05	-1.32	0.06	0	7.5	1.5	0	56
0.00274639175257732	0.00206185567010309	6.88	0.22	-0.12	-0.01	0.27	0.08	0.07	-0.05	-1.34	0.06	0	6.5	1.5	0	45
0.00231752577319588	0.00164948453608247	5.83	0.21	-0.12	-0.01	0.26	0.06	0.06	-0.05	-1.42	0.04	0	4.5	0.5	0	29
0.00170309278350515	0.00164948453608247	4.23	0.1	-0.11	-0.02	0.21	0.05	0.05	-0.05	-1.56	-0.02	0	4	0	0	15
0.00127422680412371	0.00123711340206186	3.22	0.13	-0.02	-0.01	0.18	0.04	0.04	-0.05	-1.64	-0.06	0	3.5	0.5	0	8
0.000725773195876289	0.000206185567010309	1.75	-0.01	-0.02	-0.05	0.11	0.02	0.03	-0.04	-1.8	-0.04	0	1.5	1	0	0
0.000449484536082474	-0.000206185567010309	1.09	0	0	-0.03	0.1	0.02	0.04	-0.04	-1.84	-0.08	0	0	0.5	0	-5
-0.000123711340206186	-0.000206185567010309	-0.42	-0.12	-0.01	-0.03	0.05	0.01	0.04	-0.03	-1.94	-0.08	0	-0.5	0	0	-9
-0.000437113402061856	-0.000618556701030928	-1.17	-0.11	-0.01	-0.04	0.03	0	0.03	-0.02	-2.02	-0.12	0	-1	0.5	0	-11
-0.000775257731958763	-0.000824742268041237	-2.01	-0.13	0.05	-0.04	0.02	-0.01	0.03	-0.01	-2.1	-0.18	0	-1.5	0.5	0	-16
-0.00121237113402062	-0.00144329896907216	-3.17	-0.23	0.09	-0.06	-0.02	-0.04	0.03	0.01	-2.22	-0.26	0	-2.5	1	0	-25
-0.00152164948453608	-0.00144329896907216	-4.03	-0.34	0.2	-0.08	-0.06	-0.06	0.02	0.03	-2.3	-0.28	0	-3	0.5	0	-31
-0.00206185567010309	-0.00164948453608247	-5.44	-0.44	0.51	-0.06	-0.07	-0.05	0.02	0.08	-2.4	-0.3	0	-4	0	0	-40
-0.00263505154639175	-0.00247422680412371	-6.95	-0.56	0.71	-0.05	-0.1	-0.06	0.01	0.13	-2.44	-0.3	0	-6	0	0	-49
-0.00323298969072165	-0.00309278350515464	-8.48	-0.64	1.11	-0.03	-0.12	-0.06	0.02	0.18	-2.52	-0.32	0	-7	0.5	0	-62
-0.00382268041237113	-0.00350515463917526	-10.09	-0.82	1.52	-0.03	-0.14	-0.06	0.02	0.25	-2.5	-0.32	0	-8.5	0	0	-77
-0.00439175257731959	-0.00329896907216495	-11.6	-0.95	1.86	-0.01	-0.18	-0.09	0.02	0.3	-2.52	-0.28	0	-10	-2	0	-92
-0.00477938144329897	-0.0043298969072165	-12.65	-1.06	1.94	-0.02	-0.22	-0.13	-0.01	0.32	-2.52	-0.28	0	-11	-0.5	0	-105
-0.0049360824742268	-0.00391752577319588	-13.03	-1.06	2.06	0.01	-0.24	-0.14	-0.02	0.32	-2.54	-0.28	0	-11.5	-2	0	-103
-0.00440412371134021	-0.00329896907216495	-11.63	-0.95	1.86	0	-0.24	-0.12	-0.04	0.33	-2.56	-0.28	0	-10	-2	0	-65
-0.00378556701030928	-0.00268041237113402	-9.91	-0.73	1.31	0	-0.24	-0.11	-0.04	0.3	-2.64	-0.32	0	-8	-1.5	0	-43
-0.00327422680412371	-0.00288659793814433	-8.57	-0.63	0.91	-0.02	-0.23	-0.1	-0.04	0.26	-2.62	-0.32	0	-7	0	0	-30
-0.00284536082474227	-0.00247422680412371	-7.43	-0.53	0.6	0	-0.23	-0.11	-0.05	0.19	-2.64	-0.34	0	-6	0	0	-20
-0.00234226804123711	-0.00185567010309278	-6.1	-0.42	0.29	-0.01	-0.23	-0.11	-0.05	0.15	-2.62	-0.34	0	-5	-0.5	0	-10
-0.00184329896907217	-0.00164948453608247	-4.69	-0.22	0.09	-0.01	-0.2	-0.1	-0.06	0.11	-2.54	-0.32	0	-3.5	0.5	0	3
-0.00124948453608247	-0.00123711340206186	-3.36	-0.33	0.1	-0.05	-0.16	-0.06	-0.06	0.08	-2.32	-0.28	0	-2	1	0	9
-0.000280412371134021	-0.000412371134020619	-0.8	-0.12	0.1	-0.05	-0.08	-0.03	-0.06	0.04	-2.18	-0.22	0	0.5	1.5	0	21
0.000383505154639175	0.000206185567010309	0.81	-0.12	-0.01	-0.07	-0.03	-0.02	-0.04	0.01	-2.14	-0.24	0	2	1.5	0	28
0.000383505154639175	0	0.81	-0.12	0	-0.05	-0.02	-0.01	-0.05	0	-2.14	-0.2	0	1.5	1.5	0	28
0.000931958762886598	0.00103092783505155	2.24	-0.02	-0.01	-0.05	0.03	0	-0.02	0	-2.16	-0.2	0	4.5	2	0	39
0.00151340206185567	0.00123711340206186	3.66	-0.01	-0.01	-0.03	0.08	0.01	0	-0.01	-2.16	-0.2	0	4	1	0	47
0.00207010309278351	0.00164948453608247	5.12	0.1	0	-0.03	0.12	0.03	0	-0.02	-2.14	-0.2	0	6	2	0	65
0.00275876288659794	0.0022680412371134	6.78	0.09	-0.1	-0.06	0.18	0.05	0.02	-0.03	-2.18	-0.12	0	8	2.5	0	79
0.00313814432989691	0.00268041237113402	7.73	0.12	-0.11	-0.07	0.2	0.06	0.03	-0.04	-2.18	-0.08	0	9.5	3	0	92
0.00342268041237113	0.00288659793814433	8.49	0.19	-0.11	-0.06	0.23	0.07	0.03	-0.05	-2.16	-0.02	0	10	3	0	101
0.00381443298969072	0.00309278350515464	9.44	0.19	-0.12	-0.06	0.26	0.07	0.05	-0.05	-2.16	0.02	0	10.5	3	0	115
0.00412783505154639	0.00309278350515464	10.2	0.19	-0.13	-0.05	0.3	0.09	0.05	-0.05	-2.16	0.1	0	11	3.5	0	123
0.00447835051546392	0.00371134020618557	11.06	0.2	-0.12	-0.05	0.34	0.1	0.05	-0.05	-2.16	0.2	0	12	3	0	130
0.00521237113402062	0.0043298969072165	12.95	0.31	-0.12	-0.05	0.4	0.12	0.06	-0.03	-2.16	0.38	0	13.5	3	0	141
0.00564536082474227	0.0045360824742268	13.99	0.3	-0.11	-0.05	0.47	0.13	0.06	-0.03	-2.18	0.52	0	15	4	0	150
0.0064659793814433	0.00577319587628866	16.08	0.4	-0.21	-0.01	0.56	0.16	0.06	0	-2.16	0.78	0	17.5	3.5	0	158
0.00704742268041237	0.00597938144329897	17.5	0.41	-0.21	-0.04	0.61	0.17	0.07	0.02	-2.1	1	0	18	3.5	0	166
0.00762886597938144	0.00721649484536083	18.93	0.43	-0.22	-0.01	0.68	0.19	0.06	0.04	-2.1	1.24	0	19.5	2	0	176
0.0081360824742268	0.00762886597938144	20.26	0.53	-0.22	-0.02	0.75	0.21	0.06	0.07	-2.1	1.46	0	21.5	3	0	184
0.00871752577319588	0.00783505154639175	21.68	0.54	-0.22	0	0.83	0.22	0.07	0.08	-2	1.66	0	21.5	2.5	0	188
0.00930721649484536	0.00865979381443299	23.11	0.54	-0.22	0.02	0.92	0.25	0.07	0.11	-1.84	1.92	0	23.5	2.5	0	196
0.00959175257731959	0.00907216494845361	23.87	0.61	-0.23	-0.02	0.97	0.24	0.06	0.12	-1.74	2.06	0	24.5	2.5	0	200
0.0099340206185567	0.0088659793814433	24.72	0.63	-0.21	-0.03	1.03	0.26	0.06	0.14	-1.74	2.24	0	24.5	3	0	187
0.00955051546391753	0.00804123711340206	23.77	0.61	-0.21	-0.05	0.98	0.26	0.06	0.15	-1.78	2.22	0	23.5	4	0	146
0.00903917525773196	0.00824742268041237	22.53	0.61	-0.2	-0.04	0.98	0.26	0.06	0.15	-1.84	2.16	0	22.5	2.5	0	115
0.00868041237113402	0.00804123711340206	21.67	0.62	-0.22	-0.02	0.96	0.25	0.06	0.15	-1.9	2.14	0	21.5	2	0	97
0.00823505154639175	0.00701030927835052	20.59	0.62	-0.21	-0.03	0.92	0.24	0.07	0.16	-2	2.08	0	20.5	3.5	0	77
0.00770721649484536	0.00721649484536083	19.31	0.62	-0.21	-0.03	0.87	0.23	0.05	0.16	-2.08	2	0	19	1.5	0	58
0.00739381443298969	0.00618556701030928	18.55	0.62	-0.22	-0.02	0.83	0.22	0.05	0.16	-2.16	1.98	0	18.5	3.5	0	49
0.00703505154639175	0.00597938144329897	17.69	0.63	-0.22	-0.02	0.8	0.23	0.06	0.18	-2.18	1.94	0	17.5	3	0	39
0.0065319587628866	0.00597938144329897	16.37	0.53	-0.23	-0.01	0.74	0.2	0.05	0.18	-2.3	1.88	0	16	1.5	0	29
0.00582268041237113	0.00577319587628866	14.65	0.53	-0.14	-0.01	0.67	0.19	0.05	0.2	-2.5	1.78	0	15.5	1.5	0	21
0.00497319587628866	0.00474226804123711	12.47	0.41	-0.11	-0.03	0.57	0.17	0.05	0.2	-2.78	1.66	0	13	1.5	0	11
0.00454020618556701	0.0043298969072165	11.42	0.41	-0.11	-0.03	0.53	0.16	0.05	0.19	-2.96	1.6	0	12	1.5	0	6
0.00396288659793814	0.00350515463917526	9.92	0.31	-0.12	-0.06	0.43	0.13	0.05	0.2	-3.26	1.5	0	11.5	3	0	0
0.00357525773195876	0.00309278350515464	8.97	0.3	-0.11	-0.06	0.39	0.13	0.05	0.19	-3.38	1.44	0	10.5	3	0	0
0.00321237113402062	0.00329896907216495	8.1	0.31	-0.11	-0.04	0.37	0.13	0.04	0.19	-3.42	1.44	0	8.5	0.5	0	-4
0.00267216494845361	0.00350515463917526	6.68	0.2	-0.13	-0.03	0.3	0.11	0.05	0.2	-3.56	1.32	0	8.5	0	0	-5
0.00204948453608247	0.00268041237113402	5.17	0.2	0	-0.04	0.23	0.1	0.04	0.2	-3.66	1.08	0	7	0.5	0	-11
0.00138556701030928	0.00185567010309278	3.46	0.1	-0.01	-0.03	0.16	0.07	0.03	0.17	-3.72	0.68	0	5	0.5	0	-11
0.000729896907216495	0.000824742268041237	1.76	-0.01	-0.01	-0.05	0.1	0.05	0.03	0.13	-3.74	0.24	0	3.5	1.5	0	-13
0.000144329896907216	0.000206185567010309	0.24	-0.11	-0.01	-0.05	0.05	0.03	0.02	0.1	-3.84	0.06	0	2	1.5	0	-20
-0.000519587628865979	0.000206185567010309	-1.47	-0.21	0.1	-0.02	0.01	0.01	0.02	0.1	-3.96	0	0	0	-0.5	0	-23
-0.00114226804123711	-0.000206185567010309	-2.98	-0.21	0.18	-0.01	-0.03	-0.01	0.01	0.09	-4.2	-0.06	0	-1.5	-1	0	-30
-0.00165360824742268	-0.000618556701030928	-4.32	-0.31	0.39	0	-0.05	-0.02	0	0.09	-4.3	-0.04	0	-2.5	-1	0	-36
-0.00218556701030928	-0.00144329896907216	-5.73	-0.43	0.6	-0.02	-0.09	-0.02	0	0.12	-4.46	-0.04	0	-4	-0.5	0	-44
-0.00276701030927835	-0.0022680412371134	-7.25	-0.54	0.92	-0.03	-0.11	-0.03	0.01	0.14	-4.66	-0.08	0	-5.5	0	0	-52
-0.00331134020618557	-0.0022680412371134	-8.77	-0.74	1.12	-0.02	-0.14	-0.04	0.01	0.19	-4.74	-0.08	0	-6.5	-1	0	-61
-0.0039298969072165	-0.00268041237113402	-10.38	-0.85	1.46	-0.02	-0.16	-0.06	0	0.24	-4.84	-0.06	0	-7.5	-1	0	-70
-0.00451134020618557	-0.00309278350515464	-11.89	-0.95	1.76	-0.02	-0.18	-0.07	0	0.27	-4.92	-0.04	0	-9	-1.5	0	-83
-0.00508453608247423	-0.00391752577319588	-13.49	-1.16	1.96	-0.02	-0.23	-0.11	0.01	0.29	-4.94	-0.02	0	-11	-1.5	0	-101
-0.00566185567010309	-0.0043298969072165	-15.02	-1.29	2.17	-0.01	-0.3	-0.16	-0.02	0.31	-4.96	0.1	0	-12.5	-2	0	-121
-0.00621855670103093	-0.0045360824742268	-16.56	-1.48	2.27	-0.01	-0.36	-0.2	-0.07	0.32	-4.88	0.3	0	-13.5	-2.5	0	-139
-0.0068	-0.00515463917525773	-18.07	-1.58	2.37	-0.02	-0.43	-0.24	-0.1	0.33	-4.76	0.54	0	-15	-2.5	0	-154
-0.00736082474226804	-0.00556701030927835	-19.58	-1.73	2.35	0	-0.46	-0.25	-0.14	0.34	-4.54	0.88	0	-16.5	-3	0	-167
-0.00792577319587629	-0.00618556701030928	-21.12	-1.9	2.46	0	-0.5	-0.26	-0.26	0.33	-4.26	1.3	0	-17.5	-2.5	0	-178
-0.00850721649484536	-0.0065979381443299	-22.63	-2	2.46	-0.02	-0.54	-0.26	-0.28	0.33	-3.82	1.92	0	-19	-3	0	-182
-0.00905154639175258	-0.00701030927835052	-24.16	-2.21	2.47	-0.03	-0.56	-0.26	-0.29	0.34	-3.36	2.76	0	-20	-3	0	-184
-0.00963298969072165	-0.00783505154639175	-25.68	-2.32	2.46	-0.04	-0.59	-0.27	-0.31	0.33	-2.94	3.28	0	-21.5	-2.5	0	-187
-0.0102556701030928	-0.00845360824742268	-27.29	-2.42	2.45	-0.04	-0.6	-0.27	-0.3	0.33	-2.48	3.8	0	-23	-2.5	0	-191
-0.0107958762886598	-0.00927835051546392	-28.81	-2.63	2.45	-0.03	-0.63	-0.27	-0.32	0.33	-1.98	4.16	0	-24	-1.5	0	-188
-0.0113896907216495	-0.00927835051546392	-30.35	-2.73	2.42	-0.06	-0.66	-0.28	-0.33	0.33	-1.6	4.4	0	-25	-2.5	0	-189
-0.0119752577319588	-0.00989690721649484	-31.87	-2.83	2.5	-0.06	-0.68	-0.25	-0.35	0.33	-1.22	4.7	0	-27	-3	0	-190
-0.0121278350515464	-0.0107216494845361	-32.35	-2.94	2.54	-0.03	-0.69	-0.23	-0.4	0.33	-1.14	4.8	0	-28	-2	0	-176
-0.0115422680412371	-0.00948453608247423	-30.83	-2.84	2.58	-0.01	-0.7	-0.22	-0.44	0.34	-1.5	4.46	0	-26.5	-3.5	0	-147
-0.0109072164948454	-0.00927835051546392	-29.2	-2.75	2.51	-0.04	-0.74	-0.24	-0.47	0.36	-1.88	4.04	0	-24	-1.5	0	-129
-0.0102144329896907	-0.0088659793814433	-27.29	-2.52	2.32	-0.04	-0.73	-0.24	-0.48	0.38	-2.26	3.56	0	-22.5	-1	0	-112
-0.00954639175257732	-0.00762886597938144	-25.57	-2.42	2.23	-0.04	-0.71	-0.2	-0.48	0.4	-2.6	3.26	0	-21.5	-3	0	-95
-0.00885360824742268	-0.00762886597938144	-23.77	-2.3	2.13	0	-0.71	-0.15	-0.49	0.42	-2.94	2.86	0	-19.5	-1	0	-81
-0.00818556701030928	-0.00701030927835052	-21.95	-2.1	2.03	-0.03	-0.71	-0.12	-0.45	0.43	-3.26	2.5	0	-18.5	-1.5	0	-63
-0.00748453608247423	-0.00639175257731959	-20.15	-2	1.73	-0.03	-0.68	-0.1	-0.44	0.43	-3.5	2.22	0	-16.5	-1	0	-50
-0.00682061855670103	-0.00597938144329897	-18.33	-1.79	1.43	-0.04	-0.66	-0.09	-0.41	0.43	-3.8	1.88	0	-15	-0.5	0	-39
-0.00608659793814433	-0.00536082474226804	-16.45	-1.69	1.11	-0.02	-0.63	-0.08	-0.38	0.39	-4.08	1.52	0	-13.5	-0.5	0	-30
-0.00535257731958763	-0.0045360824742268	-14.56	-1.58	0.71	-0.03	-0.6	-0.08	-0.35	0.34	-4.36	1.2	0	-11.5	-0.5	0	-20
-0.00464742268041237	-0.00412371134020619	-12.75	-1.48	0.48	-0.03	-0.56	-0.08	-0.34	0.29	-4.64	0.84	0	-10	0	0	-11
-0.00399175257731959	-0.00350515463917526	-10.95	-1.27	0.19	-0.03	-0.52	-0.1	-0.32	0.23	-4.88	0.4	0	-8.5	0	0	-5
-0.00324536082474227	-0.00309278350515464	-9.03	-1.16	0.08	-0.05	-0.46	-0.11	-0.31	0.18	-5.08	0	0	-7	0.5	0	3
-0.0026639175257732	-0.0022680412371134	-7.63	-1.17	0.09	-0.03	-0.4	-0.09	-0.29	0.15	-5.16	-0.08	0	-5.5	0	0	10
-0.00184742268041237	-0.00185567010309278	-5.54	-1.06	0.07	-0.03	-0.32	-0.07	-0.26	0.15	-5.04	-0.14	0	-3.5	1	0	13
-0.00122886597938144	-0.00144329896907216	-3.93	-0.95	-0.02	-0.03	-0.25	-0.05	-0.24	0.14	-4.72	-0.12	0	-2.5	1	0	18
-0.00057319587628866	-0.000618556701030928	-2.23	-0.84	-0.01	-0.03	-0.2	-0.05	-0.23	0.13	-4.72	-0.08	0	-0.5	1	0	23
-0.000214432989690722	-0.000618556701030928	-1.37	-0.85	-0.02	-0.03	-0.15	-0.03	-0.2	0.11	-4.7	-0.06	0	0	1.5	0	25
-9.89690721649485e-05	-0.000412371134020619	-1.09	-0.85	-0.02	-0.05	-0.15	-0.04	-0.19	0.1	-4.64	-0.08	0	1	2	0	27
0.00043298969072165	0.000206185567010309	0.32	-0.73	-0.02	-0.03	-0.09	-0.03	-0.18	0.07	-4.56	-0.06	0	2.5	2	0	32
0.00110515463917526	0.000618556701030928	1.94	-0.74	-0.02	-0.05	-0.01	-0.01	-0.15	0.07	-4.48	0.08	0	4	2.5	0	35
0.00169072164948454	0.00144329896907216	3.46	-0.64	-0.01	-0.06	0.05	0.02	-0.13	0.07	-4.32	0.24	0	5.5	2	0	44
0.00216082474226804	0.00185567010309278	4.6	-0.64	0	-0.06	0.11	0.02	-0.12	0.07	-4.2	0.4	0	7	2.5	0	49
0.00278350515463918	0.00206185567010309	6.22	-0.53	-0.1	-0.05	0.17	0.03	-0.1	0.07	-4.04	0.58	0	8	3	0	53
0.00344329896907216	0.00288659793814433	7.82	-0.53	-0.11	-0.04	0.24	0.05	-0.08	0.09	-3.88	0.78	0	9.5	2.5	0	62
0.00409484536082474	0.00391752577319588	9.44	-0.49	-0.11	-0.02	0.31	0.06	-0.06	0.11	-3.64	1.04	0	10.5	1	0	70
0.00476288659793814	0.0045360824742268	11.13	-0.42	-0.11	-0.04	0.38	0.07	-0.06	0.12	-3.52	1.22	0	12.5	1.5	0	80
0.00539381443298969	0.0043298969072165	12.65	-0.43	-0.11	-0.04	0.44	0.08	-0.06	0.13	-3.34	1.34	0	14	3.5	0	88
0.00597938144329897	0.00515463917525773	14.17	-0.33	-0.11	-0.04	0.49	0.1	-0.06	0.14	-3.14	1.56	0	16	3.5	0	100
0.0065979381443299	0.00597938144329897	15.69	-0.31	-0.11	-0.03	0.57	0.12	-0.06	0.15	-2.88	1.74	0	18	3.5	0	108
0.00722886597938144	0.00597938144329897	17.21	-0.32	-0.14	-0.06	0.62	0.12	-0.05	0.15	-2.72	1.86	0	19	4.5	0	121
0.00784329896907216	0.00721649484536083	18.7	-0.32	-0.21	-0.02	0.7	0.14	-0.06	0.14	-2.46	2.04	0	20	2.5	0	133
0.0084	0.00783505154639175	20.16	-0.21	-0.21	-0.02	0.76	0.15	-0.05	0.16	-2.26	2.14	0	22	3	0	145
0.00900618556701031	0.00804123711340206	21.64	-0.2	-0.22	-0.01	0.83	0.16	-0.06	0.16	-2.04	2.24	0	22.5	3	0	158
0.00964948453608247	0.0088659793814433	23.2	-0.2	-0.24	-0.02	0.9	0.17	-0.04	0.18	-1.86	2.36	0	24.5	3	0	173
0.0102309278350515	0.00948453608247423	24.62	-0.19	-0.23	-0.01	0.97	0.19	-0.04	0.2	-1.62	2.46	0	26	3	0	184
0.010779381443299	0.00989690721649484	26.04	-0.1	-0.22	-0.01	1.04	0.2	-0.05	0.22	-1.34	2.56	0	27.5	3.5	0	194
0.0113360824742268	0.0103092783505155	27.38	-0.11	-0.23	-0.01	1.07	0.21	-0.06	0.24	-1.12	2.7	0	28.5	3.5	0	202
0.0114845360824742	0.00969072164948454	27.84	-0.01	-0.22	-0.06	1.09	0.23	-0.05	0.27	-1.04	2.76	0	29.5	6	0	183
0.011439175257732	0.0101030927835052	27.76	0.02	-0.22	-0.02	1.06	0.23	-0.06	0.26	-1.02	2.8	0	28	3.5	0	175
0.0107422680412371	0.00927835051546392	26.05	0	-0.22	-0.03	1.08	0.23	-0.06	0.26	-1.12	2.74	0	27	4.5	0	128
0.010119587628866	0.00865979381443299	24.53	-0.01	-0.22	-0.04	1.08	0.22	-0.06	0.27	-1.26	2.68	0	25	4	0	92
0.00944742268041237	0.00783505154639175	22.91	0	-0.22	-0.04	1.07	0.23	-0.06	0.28	-1.4	2.58	0	23.5	4.5	0	69
0.00879175257731959	0.00742268041237113	21.2	-0.12	-0.22	-0.06	1.07	0.21	-0.07	0.29	-1.56	2.48	0	22	4	0	49
0.00802061855670103	0.00701030927835052	19.34	-0.11	-0.22	-0.05	1.03	0.19	-0.06	0.29	-1.72	2.42	0	20.5	3.5	0	34
0.00734432989690722	0.00618556701030928	17.69	-0.12	-0.22	-0.05	0.99	0.18	-0.06	0.3	-1.86	2.46	0	18.5	3.5	0	23
0.0065979381443299	0.00556701030927835	15.79	-0.21	-0.14	-0.03	0.93	0.16	-0.05	0.3	-2.08	2.38	0	16.5	3	0	15
0.0059298969072165	0.00494845360824742	14.17	-0.21	-0.12	-0.03	0.86	0.15	-0.05	0.3	-2.34	2.32	0	15	3	0	10
0.00538969072164948	0.00474226804123711	12.75	-0.32	-0.13	-0.05	0.81	0.14	-0.07	0.29	-2.64	2.26	0	14.5	3	0	7
0.00476701030927835	0.00412371134020619	11.24	-0.32	-0.12	-0.03	0.74	0.12	-0.05	0.3	-2.88	2.2	0	12.5	2.5	0	4
0.00438350515463918	0.00391752577319588	10.3	-0.33	-0.12	-0.02	0.71	0.11	-0.05	0.31	-3	2.14	0	12	2.5	0	1
0.00402886597938144	0.00391752577319588	9.34	-0.43	-0.13	-0.02	0.66	0.1	-0.06	0.33	-3.12	2.06	0	10.5	1	0	-2
0.00343917525773196	0.00371134020618557	7.91	-0.43	-0.11	-0.01	0.57	0.09	-0.05	0.35	-3.2	1.9	0	9.5	0.5	0	-5
0.00274639175257732	0.00268041237113402	6.14	-0.52	-0.12	-0.02	0.47	0.07	-0.05	0.35	-3.3	1.44	0	7.5	1	0	-4
0.00200824742268041	0.00164948453608247	4.34	-0.53	-0.13	-0.03	0.36	0.04	-0.06	0.31	-3.32	0.88	0	5.5	1.5	0	-9
0.0013360824742268	0.00103092783505155	2.61	-0.63	0.01	-0.03	0.26	0.03	-0.06	0.28	-3.34	0.38	0	4	1.5	0	-9
0.000717525773195876	0.00103092783505155	1	-0.74	-0.01	-0.02	0.2	0	-0.07	0.25	-3.54	0.18	0	2.5	0	0	-13
0.000131958762886598	0.000206185567010309	-0.42	-0.74	-0.01	-0.05	0.14	-0.02	-0.08	0.25	-3.7	0.06	0	2	1.5	0	-18
-0.00048659793814433	-0.000206185567010309	-2.03	-0.85	0.1	-0.06	0.08	-0.04	-0.09	0.2	-3.9	-0.02	0	0.5	1	0	-21
-0.00103505154639175	-0.000412371134020619	-3.46	-0.95	0.19	-0.03	0.05	-0.04	-0.09	0.21	-3.96	-0.02	0	-1.5	-0.5	0	-26
-0.00162061855670103	-0.000618556701030928	-4.98	-1.05	0.31	-0.05	0	-0.05	-0.09	0.22	-4.12	0	0	-2.5	-1	0	-30
-0.00231752577319588	-0.00164948453608247	-6.78	-1.16	0.5	-0.05	-0.04	-0.05	-0.09	0.22	-4.28	0.02	0	-4.5	-0.5	0	-36
-0.00301443298969072	-0.00206185567010309	-8.58	-1.27	0.7	-0.02	-0.08	-0.06	-0.09	0.21	-4.42	0.12	0	-6	-1	0	-42
-0.00364123711340206	-0.00247422680412371	-10.2	-1.37	0.91	-0.03	-0.11	-0.05	-0.07	0.22	-4.54	0.18	0	-7.5	-1.5	0	-48
-0.00421855670103093	-0.00309278350515464	-11.81	-1.58	1.22	-0.03	-0.14	-0.06	-0.07	0.22	-4.64	0.26	0	-9.5	-2	0	-56
-0.00487422680412371	-0.00391752577319588	-13.51	-1.69	1.45	-0.01	-0.16	-0.06	-0.07	0.25	-4.7	0.36	0	-11	-1.5	0	-66
-0.00553814432989691	-0.00474226804123711	-15.22	-1.79	1.76	-0.02	-0.2	-0.07	-0.05	0.3	-4.74	0.48	0	-12	-0.5	0	-74
-0.00611546391752577	-0.00474226804123711	-16.84	-2.01	1.96	-0.03	-0.25	-0.11	-0.08	0.31	-4.72	0.68	0	-13	-1.5	0	-88
-0.00670103092783505	-0.00577319587628866	-18.35	-2.1	2.01	-0.06	-0.32	-0.11	-0.13	0.32	-4.56	1	0	-14.5	-0.5	0	-99
-0.00732783505154639	-0.00618556701030928	-19.98	-2.21	2.13	-0.06	-0.38	-0.13	-0.19	0.34	-4.36	1.36	0	-15.5	-0.5	0	-108
-0.00790103092783505	-0.00680412371134021	-21.59	-2.43	2.27	-0.02	-0.42	-0.15	-0.21	0.34	-4	1.78	0	-17.5	-1	0	-119
-0.00852783505154639	-0.00680412371134021	-23.21	-2.53	2.26	-0.04	-0.48	-0.16	-0.25	0.35	-3.56	2.24	0	-18.5	-2	0	-125
-0.00915463917525773	-0.00804123711340206	-24.83	-2.63	2.3	-0.03	-0.52	-0.17	-0.29	0.34	-3.16	2.5	0	-20.5	-1	0	-135
-0.00969484536082474	-0.00783505154639175	-26.26	-2.75	2.33	-0.03	-0.56	-0.19	-0.32	0.34	-2.84	2.72	0	-22	-3	0	-145
-0.0103257731958763	-0.00845360824742268	-27.98	-2.94	2.45	-0.02	-0.57	-0.2	-0.33	0.33	-2.48	2.96	0	-23.5	-3	0	-154
-0.0109113402061856	-0.00907216494845361	-29.5	-3.04	2.45	-0.03	-0.59	-0.2	-0.33	0.34	-2.06	3.24	0	-25	-3	0	-165
-0.0114927835051546	-0.00948453608247423	-31.13	-3.26	2.46	-0.03	-0.6	-0.2	-0.33	0.34	-1.7	3.52	0	-26.5	-3.5	0	-173
-0.0122969072164948	-0.0101030927835052	-33.28	-3.46	2.56	-0.02	-0.62	-0.18	-0.35	0.35	-1.12	4.08	0	-28.5	-4	0	-187
-0.0128989690721649	-0.0109278350515464	-34.85	-3.57	2.57	-0.03	-0.64	-0.19	-0.36	0.35	-0.84	4.48	0	-30	-3.5	0	-191
-0.0133690721649485	-0.0111340206185567	-36.2	-3.78	2.56	-0.03	-0.65	-0.2	-0.35	0.34	-0.92	4.76	0	-31	-4	0	-216
-0.0135051546391753	-0.0115463917525773	-36.53	-3.78	2.53	-0.05	-0.69	-0.2	-0.38	0.34	-1	4.72	0	-30.5	-2.5	0	-199
-0.0129360824742268	-0.0115463917525773	-35.03	-3.66	2.55	-0.04	-0.69	-0.2	-0.42	0.34	-1.06	4.4	0	-30	-2	0	-156
-0.0122721649484536	-0.0109278350515464	-33.32	-3.56	2.51	-0.03	-0.71	-0.19	-0.45	0.34	-1.42	4.1	0	-28	-1.5	0	-142
-0.0116453608247423	-0.0101030927835052	-31.6	-3.36	2.52	-0.05	-0.72	-0.2	-0.47	0.36	-1.76	3.86	0	-26	-1.5	0	-126
-0.0108989690721649	-0.00948453608247423	-29.69	-3.26	2.43	-0.05	-0.72	-0.2	-0.48	0.38	-2.14	3.58	0	-24.5	-1.5	0	-111
-0.0101649484536082	-0.00907216494845361	-27.78	-3.13	2.34	0	-0.72	-0.17	-0.48	0.4	-2.58	3.26	0	-23.5	-1.5	0	-98
-0.00948453608247423	-0.00804123711340206	-25.96	-2.96	2.13	-0.02	-0.71	-0.14	-0.48	0.42	-2.96	2.96	0	-22	-2.5	0	-82
-0.0088	-0.00742268041237113	-24.17	-2.83	2.03	-0.02	-0.71	-0.11	-0.44	0.43	-3.28	2.68	0	-20.5	-2.5	0	-66
-0.00809484536082474	-0.00721649484536083	-22.36	-2.73	1.83	-0.04	-0.69	-0.08	-0.41	0.44	-3.62	2.34	0	-18.5	-1	0	-53
-0.00743505154639175	-0.00618556701030928	-20.55	-2.52	1.62	-0.03	-0.67	-0.08	-0.4	0.44	-3.88	2	0	-17	-2	0	-42
-0.00668865979381443	-0.00536082474226804	-18.64	-2.42	1.32	-0.02	-0.64	-0.07	-0.4	0.43	-4.16	1.68	0	-15	-2	0	-34
-0.00602061855670103	-0.00494845360824742	-16.91	-2.31	1.01	-0.03	-0.62	-0.07	-0.37	0.39	-4.42	1.34	0	-14	-2	0	-27
-0.00530309278350515	-0.00412371134020619	-15.03	-2.17	0.7	-0.03	-0.59	-0.07	-0.37	0.35	-4.66	1	0	-12	-2	0	-18
-0.00458969072164948	-0.00371134020618557	-13.13	-2	0.46	-0.02	-0.56	-0.08	-0.37	0.3	-4.96	0.58	0	-10	-1	0	-12
-0.00388453608247423	-0.00288659793814433	-11.31	-1.89	0.19	-0.01	-0.51	-0.1	-0.36	0.25	-5.1	0.3	0	-8.5	-1.5	0	-5
-0.00319175257731959	-0.0022680412371134	-9.54	-1.8	0.09	-0.03	-0.47	-0.09	-0.36	0.21	-5.26	-0.06	0	-6.5	-1	0	2
-0.00260618556701031	-0.00185567010309278	-8.11	-1.79	0.09	-0.03	-0.4	-0.1	-0.35	0.19	-5.32	-0.38	0	-5.5	-1	0	8
-0.00201237113402062	-0.00206185567010309	-6.57	-1.69	0.08	-0.04	-0.34	-0.1	-0.34	0.17	-5.32	-0.52	0	-4	1	0	13
-0.0014020618556701	-0.00144329896907216	-4.98	-1.58	-0.02	-0.05	-0.28	-0.1	-0.32	0.15	-5.16	-0.62	0	-2	1.5	0	17
-0.000742268041237113	-0.000824742268041237	-3.28	-1.48	-0.02	-0.04	-0.21	-0.09	-0.29	0.14	-4.84	-0.58	0	-0.5	1.5	0	22
-0.000465979381443299	-0.000412371134020619	-2.61	-1.48	-0.02	-0.03	-0.18	-0.08	-0.28	0.14	-4.8	-0.62	0	-1	0	0	23
-0.00025979381443299	0	-2.11	-1.48	0	-0.04	-0.16	-0.07	-0.28	0.13	-4.7	-0.6	0	0.5	0.5	0	27
0.00034639175257732	0.00103092783505155	-0.53	-1.37	-0.01	-0.03	-0.09	-0.07	-0.27	0.11	-4.6	-0.4	0	2.5	0	0	29
0.00097319587628866	0.00103092783505155	0.99	-1.37	0	-0.06	-0.03	-0.04	-0.24	0.09	-4.56	-0.24	0	3.5	1	0	32
0.00151752577319588	0.00164948453608247	2.41	-1.27	-0.01	-0.04	0.02	-0.04	-0.21	0.09	-4.38	-0.06	0	6.5	2.5	0	37
0.00202886597938144	0.00206185567010309	3.65	-1.27	-0.03	-0.05	0.08	-0.02	-0.2	0.08	-4.26	0.1	0	6	1	0	42
0.00264329896907217	0.00247422680412371	5.25	-1.16	-0.11	-0.02	0.16	-0.01	-0.17	0.09	-4.06	0.28	0	7	1	0	47
0.00327422680412371	0.00309278350515464	6.78	-1.16	-0.12	-0.03	0.22	-0.02	-0.16	0.11	-3.88	0.5	0	9	1.5	0	52
0.0039298969072165	0.00371134020618557	8.39	-1.14	-0.12	-0.05	0.28	0.01	-0.13	0.13	-3.7	0.7	0	10.5	1.5	0	60
0.0046020618556701	0.00391752577319588	10.1	-1.06	-0.11	-0.04	0.35	0.03	-0.12	0.15	-3.52	0.96	0	12	2.5	0	68
0.00529896907216495	0.00474226804123711	11.8	-1.05	-0.11	-0.03	0.43	0.05	-0.12	0.17	-3.32	1.18	0	13.5	2	0	74
0.00592164948453608	0.00556701030927835	13.41	-0.95	-0.12	-0.04	0.49	0.07	-0.12	0.19	-3.12	1.38	0	15.5	2	0	85
0.00662680412371134	0.00618556701030928	15.12	-0.95	-0.11	-0.01	0.56	0.06	-0.11	0.21	-2.9	1.6	0	17	2	0	92
0.00725360824742268	0.00639175257731959	16.64	-0.95	-0.13	-0.02	0.62	0.09	-0.11	0.22	-2.68	1.78	0	18	2.5	0	102
0.00783505154639175	0.00742268041237113	18.16	-0.84	-0.22	-0.02	0.68	0.1	-0.11	0.22	-2.44	1.94	0	20.5	2.5	0	111
0.00850309278350516	0.00783505154639175	19.77	-0.85	-0.21	-0.04	0.73	0.12	-0.11	0.23	-2.22	2.08	0	22	3	0	121
0.00916701030927835	0.00824742268041237	21.38	-0.85	-0.22	-0.05	0.81	0.14	-0.12	0.25	-1.96	2.2	0	23.5	3.5	0	132
0.00975257731958763	0.00865979381443299	22.91	-0.74	-0.23	-0.03	0.86	0.14	-0.12	0.24	-1.74	2.32	0	24.5	3.5	0	144
0.0103835051546392	0.00927835051546392	24.43	-0.75	-0.23	-0.03	0.92	0.14	-0.12	0.24	-1.58	2.4	0	26	3.5	0	160
0.0109484536082474	0.0101030927835052	25.81	-0.74	-0.23	-0.04	0.98	0.16	-0.12	0.26	-1.42	2.54	0	28	3.5	0	176
0.0115092783505155	0.00969072164948454	27.17	-0.74	-0.22	-0.05	1.04	0.18	-0.12	0.26	-1.32	2.66	0	28.5	5	0	191
0.012020618556701	0.0109278350515464	28.52	-0.63	-0.21	-0.05	1.09	0.19	-0.11	0.28	-1.14	2.84	0	30.5	4	0	204
0.0125814432989691	0.011340206185567	29.88	-0.63	-0.25	-0.03	1.14	0.2	-0.12	0.31	-0.92	3.06	0	31.5	4	0	214
0.0131175257731959	0.011340206185567	31.18	-0.63	-0.32	-0.03	1.18	0.21	-0.12	0.32	-0.74	3.24	0	33	5.5	0	222
0.0136247422680412	0.0121649484536082	32.51	-0.53	-0.33	-0.02	1.23	0.23	-0.12	0.35	-0.5	3.46	0	34	4.5	0	230
0.0141690721649485	0.0125773195876289	33.84	-0.52	-0.33	-0.03	1.28	0.24	-0.13	0.39	-0.32	3.7	0	35.5	5	0	235
0.0147216494845361	0.0131958762886598	35.17	-0.53	-0.32	-0.03	1.32	0.26	-0.13	0.41	-0.14	3.94	0	37	5	0	242
0.0152288659793814	0.0134020618556701	36.5	-0.43	-0.32	-0.04	1.37	0.28	-0.14	0.44	0.02	4.2	0	38	5.5	0	246
0.0157814432989691	0.014020618556701	37.85	-0.42	-0.32	-0.04	1.42	0.29	-0.15	0.47	0.2	4.48	0	39.5	5.5	0	250
0.0163381443298969	0.0148453608247423	39.19	-0.43	-0.32	-0.03	1.48	0.3	-0.14	0.49	0.38	4.78	0	41.5	5.5	0	255
0.0169154639175258	0.0150515463917526	40.7	-0.32	-0.32	-0.04	1.52	0.31	-0.15	0.51	0.54	5.04	0	42	5.5	0	260
0.0174515463917526	0.0154639175257732	42.01	-0.31	-0.32	-0.01	1.63	0.32	-0.16	0.56	0.66	5.3	0	43.5	6	0	265
0.0180536082474227	0.0158762886597938	43.47	-0.31	-0.32	-0.03	1.71	0.35	-0.16	0.59	0.9	5.62	0	44.5	6	0	268
0.0186020618556701	0.0164948453608247	44.9	-0.21	-0.33	-0.02	1.78	0.37	-0.17	0.61	1.08	5.9	0	46	6	0	274
0.0191587628865979	0.0169072164948454	46.24	-0.22	-0.32	-0.04	1.88	0.38	-0.17	0.64	1.24	6.16	0	47.5	6.5	0	278
0.0196659793814433	0.017319587628866	47.57	-0.12	-0.32	-0.04	1.96	0.39	-0.18	0.66	1.38	6.4	0	49	7	0	282
0.0202639175257732	0.0175257731958763	49.02	-0.12	-0.32	-0.05	2.08	0.41	-0.17	0.7	1.58	6.68	0	50	7.5	0	285
0.0208536082474227	0.0179381443298969	50.46	-0.11	-0.31	-0.05	2.16	0.43	-0.19	0.72	1.78	6.94	0	51	7.5	0	288
0.0213731958762887	0.0187628865979381	51.8	-0.03	-0.31	-0.05	2.24	0.44	-0.2	0.75	1.98	7.18	0	53	7.5	0	291
0.0219092783505155	0.0185567010309278	53.12	-0.01	-0.42	-0.05	2.34	0.47	-0.21	0.79	2.12	7.42	0	54	9	0	295
0.022659793814433	0.0195876288659794	55.05	0.1	-0.42	-0.03	2.45	0.48	-0.22	0.81	2.46	7.74	0	55	7.5	0	299
0.0229773195876289	0.0208247422680412	55.82	0.1	-0.43	-0.04	2.49	0.5	-0.23	0.81	2.56	7.84	0	58	7.5	0	300
0.0233814432989691	0.0197938144329897	56.88	0.18	-0.43	-0.04	2.58	0.53	-0.24	0.85	2.78	8.14	0	57	9	0	263
0.023059793814433	0.0195876288659794	56.12	0.2	-0.42	-0.04	2.56	0.55	-0.25	0.87	2.74	8.12	0	56	8.5	0	235
0.022420618556701	0.0195876288659794	54.58	0.21	-0.42	-0.03	2.55	0.54	-0.25	0.87	2.64	8.04	0	54	6.5	0	197
0.0217896907216495	0.0183505154639175	53.04	0.2	-0.41	-0.03	2.56	0.55	-0.25	0.86	2.48	7.98	0	52.5	8	0	162
0.0211216494845361	0.0177319587628866	51.42	0.2	-0.42	-0.04	2.49	0.55	-0.24	0.87	2.32	7.9	0	51	8	0	134
0.0204536082474227	0.0171134020618557	49.79	0.19	-0.43	-0.05	2.45	0.54	-0.24	0.86	2.18	7.78	0	49.5	8	0	111
0.0197360824742268	0.0167010309278351	48.07	0.21	-0.39	-0.03	2.38	0.53	-0.24	0.86	2.02	7.68	0	47	6.5	0	92
0.0190556701030928	0.0164948453608247	46.43	0.22	-0.32	-0.01	2.33	0.53	-0.23	0.86	1.88	7.56	0	46.5	6.5	0	76
0.0183587628865979	0.0158762886597938	44.62	0.1	-0.32	-0.02	2.25	0.51	-0.22	0.86	1.7	7.46	0	44	5.5	0	63
0.0176865979381443	0.0156701030927835	42.98	0.09	-0.32	-0.03	2.18	0.51	-0.22	0.86	1.48	7.38	0	43	5	0	52
0.0169360824742268	0.0150515463917526	41.18	0.11	-0.31	-0.02	2.09	0.48	-0.21	0.83	1.2	7.28	0	41.5	5	0	45
0.0162762886597938	0.0142268041237113	39.57	0.1	-0.33	-0.03	2.01	0.47	-0.21	0.83	0.96	7.22	0	40.5	6	0	38
0.0155670103092784	0.0129896907216495	37.75	0	-0.33	-0.02	1.91	0.46	-0.2	0.82	0.68	7.18	0	38	6.5	0	34
0.0148659793814433	0.0127835051546392	36.04	-0.01	-0.32	-0.05	1.83	0.45	-0.2	0.82	0.28	7.12	0	36.5	5.5	0	29
0.014119587628866	0.0119587628865979	34.23	-0.01	-0.32	-0.06	1.74	0.43	-0.19	0.8	-0.22	7.08	0	35	6	0	26
0.0134103092783505	0.011340206185567	32.41	-0.11	-0.32	-0.05	1.66	0.41	-0.18	0.81	-0.68	7.04	0	33.5	6	0	21
0.0126721649484536	0.0105154639175258	30.6	-0.13	-0.22	-0.07	1.57	0.4	-0.17	0.84	-1.02	6.98	0	31.5	6	0	16
0.0119257731958763	0.0107216494845361	28.8	-0.12	-0.21	-0.06	1.48	0.39	-0.16	0.87	-1.34	6.9	0	30	4	0	13
0.0112494845360825	0.00989690721649484	27.06	-0.22	-0.22	-0.05	1.4	0.37	-0.17	0.91	-1.56	6.76	0	29	5	0	11
0.0108288659793814	0.00927835051546392	26.04	-0.22	-0.21	-0.06	1.34	0.36	-0.16	0.94	-1.7	6.66	0	27.5	5	0	6
0.0101773195876289	0.00865979381443299	24.42	-0.26	-0.22	-0.04	1.25	0.35	-0.16	0.97	-1.86	6.48	0	26	5	0	1
0.00957938144329897	0.0088659793814433	22.9	-0.33	-0.22	-0.05	1.15	0.34	-0.15	1	-1.96	6.32	0	26	4.5	0	0
0.0094680412371134	0.00865979381443299	22.63	-0.33	-0.22	-0.04	1.13	0.33	-0.15	1	-1.98	6.22	0	24	3	0	-1
0.00875463917525773	0.00804123711340206	20.91	-0.32	-0.22	-0.04	1.04	0.32	-0.14	1.01	-2.06	5.9	0	22	2.5	0	-3
0.0081319587628866	0.00742268041237113	19.29	-0.43	-0.15	-0.04	0.94	0.3	-0.14	1.01	-2.1	5.54	0	21.5	3.5	0	-6
0.00747216494845361	0.00639175257731959	17.68	-0.44	-0.11	-0.05	0.84	0.29	-0.15	0.98	-2.16	5.12	0	19.5	4	0	-9
0.00680824742268041	0.00597938144329897	15.97	-0.54	-0.1	-0.06	0.73	0.27	-0.15	0.95	-2.18	4.62	0	18.5	4	0	-13
0.00610309278350515	0.00556701030927835	14.26	-0.54	-0.11	-0.07	0.61	0.24	-0.15	0.92	-2.2	4.1	0	17	3.5	0	-14
0.00543917525773196	0.00474226804123711	12.55	-0.64	-0.11	-0.06	0.52	0.22	-0.15	0.87	-2.2	3.56	0	15	3.5	0	-13
0.00473814432989691	0.00474226804123711	10.85	-0.64	-0.11	-0.05	0.43	0.21	-0.15	0.82	-2.22	2.94	0	13	1.5	0	-17
0.00407422680412371	0.00412371134020619	9.14	-0.74	-0.11	-0.02	0.36	0.18	-0.16	0.77	-2.24	2.3	0	11.5	1.5	0	-16
0.00341030927835052	0.00371134020618557	7.43	-0.84	-0.1	-0.02	0.27	0.15	-0.17	0.71	-2.2	1.76	0	9.5	0.5	0	-16
0.00267628865979381	0.00309278350515464	5.53	-0.96	-0.01	-0.04	0.2	0.12	-0.18	0.65	-2.26	1.28	0	8.5	1	0	-20
0.00197525773195876	0.00144329896907216	3.73	-1.06	0.06	-0.06	0.12	0.1	-0.19	0.62	-2.44	1	0	6	2.5	0	-24
0.00131134020618557	0.00164948453608247	2.02	-1.16	0.2	-0.05	0.09	0.1	-0.19	0.6	-2.72	0.9	0	5	1	0	-27
0.000808247422680412	0.00144329896907216	0.7	-1.26	0.3	-0.02	0.05	0.09	-0.22	0.57	-2.88	0.84	0	3.5	0	0	-28
0.000123711340206186	0.00103092783505155	-1.07	-1.37	0.41	-0.02	0	0.08	-0.2	0.55	-3.18	0.78	0	2	-0.5	0	-32
-0.000527835051546392	0	-2.76	-1.48	0.5	-0.02	-0.05	0.06	-0.2	0.5	-3.44	0.68	0	-0.5	-0.5	0	-35
-0.00123298969072165	-0.000618556701030928	-4.58	-1.59	0.62	-0.02	-0.1	0.03	-0.2	0.47	-3.76	0.6	0	-2	-0.5	0	-38
-0.0018680412371134	-0.00123711340206186	-6.32	-1.79	0.69	-0.01	-0.15	-0.01	-0.22	0.43	-3.98	0.56	0	-3.5	-0.5	0	-42
-0.0025319587628866	-0.00164948453608247	-8.03	-1.89	0.93	-0.01	-0.18	-0.01	-0.21	0.39	-4.18	0.5	0	-5	-1	0	-46
-0.00315051546391753	-0.0022680412371134	-9.64	-2	1.01	-0.03	-0.23	-0.03	-0.21	0.36	-4.34	0.48	0	-6.5	-1	0	-47
-0.00380618556701031	-0.00268041237113402	-11.34	-2.11	1.12	-0.04	-0.25	-0.02	-0.21	0.36	-4.48	0.48	0	-8	-1.5	0	-52
-0.00444536082474227	-0.00288659793814433	-13.04	-2.26	1.35	-0.01	-0.28	-0.04	-0.21	0.33	-4.64	0.5	0	-8.5	-1.5	0	-57
-0.00512989690721649	-0.00412371134020619	-14.85	-2.41	1.52	-0.01	-0.32	-0.05	-0.2	0.31	-4.78	0.52	0	-11.5	-1.5	0	-65
-0.00571134020618557	-0.00412371134020619	-16.37	-2.52	1.74	0.01	-0.35	-0.05	-0.19	0.31	-4.88	0.6	0	-12.5	-2.5	0	-71
-0.00633814432989691	-0.0045360824742268	-18.09	-2.72	1.95	-0.01	-0.38	-0.07	-0.19	0.31	-4.88	0.78	0	-13.5	-2.5	0	-81
-0.00691958762886598	-0.00556701030927835	-19.62	-2.84	2.05	-0.02	-0.43	-0.09	-0.22	0.31	-4.78	0.98	0	-15.5	-2	0	-91
-0.00757938144329897	-0.00597938144329897	-21.32	-2.94	2.15	-0.01	-0.47	-0.1	-0.26	0.31	-4.52	1.3	0	-16.5	-2	0	-103
-0.00811958762886598	-0.00639175257731959	-22.85	-3.16	2.2	-0.03	-0.51	-0.12	-0.3	0.31	-4.24	1.62	0	-18	-2.5	0	-111
-0.00874639175257732	-0.00680412371134021	-24.46	-3.25	2.24	-0.04	-0.54	-0.12	-0.34	0.31	-3.9	1.98	0	-18.5	-2	0	-119
-0.00929072164948454	-0.00762886597938144	-25.99	-3.46	2.25	-0.03	-0.56	-0.12	-0.37	0.32	-3.54	2.38	0	-21	-2.5	0	-124
-0.00987216494845361	-0.00804123711340206	-27.51	-3.57	2.35	-0.02	-0.59	-0.12	-0.37	0.31	-3.16	2.8	0	-22.5	-3	0	-132
-0.0104494845360825	-0.00865979381443299	-29.13	-3.79	2.35	-0.04	-0.6	-0.14	-0.37	0.31	-2.84	3.08	0	-23.5	-2.5	0	-142
-0.0108783505154639	-0.00927835051546392	-30.27	-3.89	2.45	-0.04	-0.62	-0.13	-0.41	0.32	-2.54	3.3	0	-25	-2.5	0	-147
-0.0114680412371134	-0.00948453608247423	-31.8	-3.99	2.45	-0.05	-0.63	-0.14	-0.42	0.32	-2.24	3.54	0	-26	-3	0	-155
-0.012	-0.00989690721649484	-33.32	-4.22	2.45	-0.06	-0.65	-0.14	-0.41	0.31	-1.9	3.8	0	-27	-3	0	-164
-0.0123175257731959	-0.0105154639175258	-34.09	-4.22	2.55	-0.07	-0.65	-0.15	-0.42	0.3	-1.72	3.92	0	-28	-2.5	0	-167
-0.0123628865979381	-0.0101030927835052	-34.29	-4.31	2.56	-0.03	-0.64	-0.13	-0.42	0.3	-1.74	3.94	0	-28	-3.5	0	-158
-0.0118061855670103	-0.00969072164948454	-32.84	-4.21	2.57	-0.06	-0.66	-0.14	-0.47	0.3	-2.06	3.72	0	-26	-2.5	0	-139
-0.0111505154639175	-0.00927835051546392	-31.03	-3.99	2.46	-0.03	-0.67	-0.15	-0.5	0.31	-2.44	3.4	0	-25	-2.5	0	-121
-0.0104536082474227	-0.00824742268041237	-29.23	-3.88	2.36	-0.04	-0.68	-0.15	-0.51	0.32	-2.9	3.08	0	-23	-3	0	-105
-0.00974432989690722	-0.00824742268041237	-27.41	-3.78	2.26	-0.03	-0.67	-0.12	-0.51	0.33	-3.24	2.8	0	-22	-2	0	-90
-0.00904742268041237	-0.00742268041237113	-25.5	-3.56	2.16	0.01	-0.66	-0.09	-0.5	0.34	-3.64	2.5	0	-20.5	-2.5	0	-73
-0.00834639175257732	-0.00721649484536083	-23.7	-3.46	1.95	-0.02	-0.67	-0.06	-0.48	0.34	-3.96	2.2	0	-18.5	-1	0	-59
-0.00760824742268041	-0.00618556701030928	-21.7	-3.25	1.75	-0.02	-0.65	-0.06	-0.43	0.34	-4.26	1.8	0	-17.5	-2.5	0	-48
-0.00690309278350516	-0.00556701030927835	-19.89	-3.15	1.55	-0.02	-0.64	-0.05	-0.4	0.34	-4.56	1.46	0	-15.5	-2	0	-39
-0.00616082474226804	-0.00515463917525773	-17.99	-3.05	1.25	-0.02	-0.59	-0.04	-0.38	0.33	-4.82	1.18	0	-14	-1.5	0	-32
-0.00547628865979382	-0.0043298969072165	-16.19	-2.91	1.02	-0.03	-0.58	-0.04	-0.39	0.31	-5.04	0.88	0	-12	-1.5	0	-22
-0.00483711340206186	-0.00371134020618557	-14.46	-2.73	0.71	-0.03	-0.57	-0.03	-0.41	0.26	-5.22	0.52	0	-10.5	-1.5	0	-18
-0.00414020618556701	-0.00329896907216495	-12.67	-2.63	0.5	-0.01	-0.54	-0.05	-0.43	0.22	-5.4	0.2	0	-9	-1	0	-11
-0.00344329896907216	-0.00247422680412371	-10.87	-2.52	0.29	-0.02	-0.53	-0.06	-0.44	0.18	-5.52	-0.12	0	-7	-1	0	-6
-0.00270515463917526	-0.00185567010309278	-8.98	-2.42	0.09	-0.04	-0.49	-0.07	-0.43	0.15	-5.64	-0.56	0	-5.5	-1	0	2
-0.00204123711340206	-0.00123711340206186	-7.27	-2.32	0.09	-0.02	-0.44	-0.07	-0.43	0.13	-5.66	-0.76	0	-3.5	-0.5	0	7
-0.00157525773195876	-0.00103092783505155	-6.03	-2.21	0.08	-0.03	-0.41	-0.07	-0.42	0.11	-5.64	-0.84	0	-3	-0.5	0	12
-0.000956701030927835	-0.000618556701030928	-4.42	-2.1	-0.01	-0.04	-0.35	-0.05	-0.4	0.11	-5.54	-0.9	0	-1.5	0	0	16
-0.000284536082474227	0.000206185567010309	-2.69	-2	-0.01	-0.02	-0.29	-0.02	-0.39	0.1	-5.14	-0.9	0	0.5	0	0	20
0.000284536082474227	0.000412371134020619	-1.2	-1.89	-0.01	-0.02	-0.22	0	-0.37	0.1	-4.82	-0.88	0	1	0	0	22
0.000325773195876289	0.000412371134020619	-1.11	-1.9	-0.01	-0.04	-0.22	0	-0.37	0.1	-4.82	-0.86	0	1.5	0.5	0	22
0.0008	0.000618556701030928	0.05	-1.89	-0.01	-0.03	-0.17	0.01	-0.35	0.1	-4.64	-0.78	0	2.5	1	0	25
0.00145979381443299	0.00123711340206186	1.74	-1.8	-0.01	-0.05	-0.11	0.02	-0.33	0.07	-4.42	-0.58	0	4.5	1.5	0	28
0.00207835051546392	0.0022680412371134	3.25	-1.79	-0.01	-0.05	-0.06	0.03	-0.33	0.07	-4.22	-0.36	0	6	0.5	0	31
0.00270103092783505	0.00247422680412371	4.86	-1.69	-0.03	-0.04	0.01	0.04	-0.3	0.08	-4.02	-0.12	0	7.5	1.5	0	35
0.00324123711340206	0.00309278350515464	6.18	-1.68	-0.11	-0.04	0.07	0.06	-0.29	0.08	-3.86	0.14	0	9	1.5	0	37
0.0038680412371134	0.00329896907216495	7.8	-1.58	-0.1	-0.02	0.14	0.08	-0.27	0.07	-3.7	0.4	0	9.5	1.5	0	40
0.00445360824742268	0.00412371134020619	9.32	-1.48	-0.11	-0.02	0.21	0.09	-0.26	0.12	-3.5	0.7	0	11.5	1.5	0	45
0.00511752577319588	0.0045360824742268	10.93	-1.48	-0.12	-0.01	0.29	0.11	-0.24	0.14	-3.3	1.02	0	12.5	1.5	0	50
0.00569896907216495	0.00515463917525773	12.45	-1.37	-0.12	-0.01	0.34	0.11	-0.24	0.17	-3.14	1.32	0	14.5	2	0	55
0.00640412371134021	0.00577319587628866	14.16	-1.37	-0.11	-0.01	0.42	0.14	-0.23	0.2	-2.94	1.64	0	16	2	0	60
0.00702680412371134	0.00639175257731959	15.77	-1.27	-0.11	-0.03	0.5	0.16	-0.24	0.21	-2.78	1.96	0	18	2.5	0	63
0.00776494845360825	0.00721649484536083	17.57	-1.26	-0.11	-0.02	0.58	0.16	-0.24	0.26	-2.6	2.32	0	19.5	2	0	68
0.00837525773195876	0.00742268041237113	19.15	-1.16	-0.19	-0.03	0.64	0.2	-0.23	0.27	-2.46	2.66	0	21	3	0	72
0.00905979381443299	0.00783505154639175	20.8	-1.17	-0.22	-0.01	0.71	0.21	-0.24	0.31	-2.28	3.04	0	22.5	3.5	0	74
0.00960824742268041	0.00845360824742268	22.14	-1.16	-0.22	-0.02	0.77	0.23	-0.25	0.32	-2.14	3.36	0	24.5	4	0	79
0.0102680412371134	0.00907216494845361	23.85	-1.05	-0.22	-0.05	0.82	0.25	-0.23	0.35	-1.98	3.74	0	26	4	0	84
0.0108948453608247	0.00969072164948454	25.36	-1.06	-0.21	-0.03	0.89	0.26	-0.23	0.38	-1.82	4.08	0	27.5	4	0	87
0.0115216494845361	0.0103092783505155	26.99	-0.95	-0.22	-0.05	0.94	0.29	-0.24	0.4	-1.64	4.36	0	30	5	0	92
0.0121855670103093	0.0107216494845361	28.6	-0.95	-0.18	-0.03	0.99	0.3	-0.23	0.43	-1.46	4.64	0	30.5	4.5	0	95
0.0128123711340206	0.0111340206185567	30.11	-0.96	-0.22	-0.06	1.03	0.3	-0.24	0.45	-1.24	4.88	0	32.5	5.5	0	100
0.0135134020618557	0.0121649484536082	31.93	-0.84	-0.2	-0.06	1.09	0.32	-0.24	0.49	-0.96	5.18	0	35	5.5	0	107
0.0141896907216495	0.0125773195876289	33.55	-0.86	-0.21	-0.07	1.15	0.34	-0.24	0.51	-0.7	5.42	0	36.5	6	0	111
0.0148123711340206	0.0129896907216495	35.07	-0.85	-0.22	-0.05	1.24	0.33	-0.25	0.54	-0.44	5.64	0	37	5.5	0	117
0.0154350515463918	0.0136082474226804	36.69	-0.74	-0.28	-0.03	1.32	0.37	-0.25	0.54	-0.16	5.8	0	38.5	5.5	0	121
0.0161443298969072	0.0144329896907217	38.4	-0.75	-0.32	-0.04	1.46	0.38	-0.25	0.57	0.1	6	0	40.5	5.5	0	128
0.0168164948453608	0.0150515463917526	40.04	-0.74	-0.31	-0.03	1.66	0.4	-0.25	0.6	0.36	6.16	0	42	5.5	0	135
0.0174350515463918	0.0152577319587629	41.64	-0.64	-0.32	-0.02	1.73	0.4	-0.25	0.61	0.66	6.28	0	42.5	5.5	0	141
0.0181484536082474	0.0158762886597938	43.38	-0.63	-0.32	-0.02	1.85	0.42	-0.25	0.64	0.94	6.48	0	44	5.5	0	152
0.0187298969072165	0.0164948453608247	44.79	-0.63	-0.32	-0.03	1.94	0.43	-0.26	0.65	1.18	6.62	0	46	6	0	162
0.019360824742268	0.0171134020618557	46.32	-0.63	-0.32	-0.02	2.02	0.44	-0.27	0.68	1.4	6.78	0	47.5	6	0	174
0.0200453608247423	0.0175257731958763	48.05	-0.56	-0.32	-0.04	2.13	0.45	-0.27	0.7	1.6	6.98	0	49	6.5	0	190
0.0206680412371134	0.017319587628866	49.58	-0.54	-0.31	-0.06	2.24	0.46	-0.28	0.71	1.72	7.14	0	49.5	7.5	0	205
0.0212329896907217	0.0183505154639175	50.95	-0.54	-0.32	-0.06	2.32	0.47	-0.28	0.75	1.9	7.3	0	52	7.5	0	219
0.0218474226804124	0.0187628865979381	52.45	-0.53	-0.32	-0.03	2.42	0.48	-0.29	0.75	2.04	7.46	0	52.5	7	0	237
0.022379381443299	0.0193814432989691	53.79	-0.48	-0.37	-0.02	2.48	0.48	-0.3	0.76	2.18	7.62	0	54	7	0	252
0.0229525773195876	0.0195876288659794	55.24	-0.42	-0.43	-0.02	2.55	0.5	-0.29	0.77	2.28	7.78	0	55	7.5	0	269
0.0234639175257732	0.0204123711340206	56.48	-0.42	-0.43	-0.02	2.62	0.5	-0.3	0.79	2.46	7.96	0	57	7.5	0	284
0.0240247422680412	0.0206185567010309	57.83	-0.43	-0.42	-0.04	2.7	0.52	-0.31	0.83	2.6	8.18	0	58	8	0	296
0.0244164948453608	0.0208247422680412	58.78	-0.43	-0.42	-0.06	2.74	0.53	-0.31	0.84	2.66	8.36	0	59	8.5	0	301
0.0247340206185567	0.0212371134020619	59.65	-0.33	-0.41	-0.06	2.76	0.54	-0.32	0.87	2.84	8.62	0	60	8.5	0	279
0.0242969072164948	0.0210309278350515	58.59	-0.33	-0.42	-0.06	2.73	0.54	-0.32	0.87	2.82	8.6	0	59	8	0	247
0.0236948453608247	0.0202061855670103	57.14	-0.32	-0.42	-0.04	2.75	0.54	-0.33	0.88	2.66	8.54	0	56.5	7.5	0	209
0.023059793814433	0.0197938144329897	55.6	-0.32	-0.41	-0.03	2.7	0.55	-0.32	0.87	2.52	8.46	0	55	7	0	178
0.0223917525773196	0.0193814432989691	53.99	-0.31	-0.42	-0.03	2.66	0.55	-0.32	0.86	2.36	8.38	0	53.5	6.5	0	146
0.0217154639175258	0.0185567010309278	52.35	-0.31	-0.41	-0.01	2.61	0.54	-0.32	0.85	2.22	8.24	0	51.5	6.5	0	122
0.0210144329896907	0.0179381443298969	50.63	-0.33	-0.42	-0.03	2.55	0.55	-0.32	0.86	2.04	8.16	0	50.5	7	0	101
0.0202639175257732	0.0177319587628866	48.81	-0.33	-0.42	-0.04	2.47	0.54	-0.3	0.86	1.86	8.04	0	49	6	0	84
0.0195958762886598	0.017319587628866	47.09	-0.43	-0.32	-0.02	2.4	0.52	-0.3	0.85	1.66	7.92	0	48	6	0	73
0.0188824742268041	0.0164948453608247	45.36	-0.43	-0.32	-0.02	2.32	0.52	-0.29	0.84	1.48	7.82	0	45.5	5.5	0	65
0.0180907216494845	0.0160824742268041	43.45	-0.42	-0.33	-0.02	2.24	0.5	-0.28	0.83	1.22	7.72	0	44	5	0	55
0.0173896907216495	0.0154639175257732	41.75	-0.42	-0.31	-0.03	2.15	0.49	-0.28	0.82	0.96	7.64	0	42.5	5	0	47
0.0166474226804124	0.014639175257732	39.84	-0.53	-0.32	-0.03	2.05	0.48	-0.27	0.79	0.68	7.54	0	40.5	5	0	41
0.0158886597938144	0.014020618556701	38	-0.53	-0.32	-0.05	1.95	0.45	-0.27	0.78	0.34	7.44	0	39	5	0	37
0.0151134020618557	0.0134020618556701	36.11	-0.54	-0.32	-0.02	1.87	0.44	-0.26	0.75	-0.08	7.38	0	37	4.5	0	33
0.0144453608247423	0.0129896907216495	34.39	-0.64	-0.32	-0.04	1.78	0.44	-0.24	0.74	-0.58	7.34	0	35.5	4	0	29
0.0136989690721649	0.0117525773195876	32.58	-0.64	-0.32	-0.04	1.7	0.42	-0.23	0.73	-1	7.28	0	33.5	5	0	27
0.0129896907216495	0.0109278350515464	30.87	-0.63	-0.28	-0.04	1.61	0.41	-0.24	0.74	-1.34	7.14	0	32	5.5	0	21
0.0122639175257732	0.0105154639175258	28.99	-0.75	-0.21	-0.06	1.5	0.38	-0.23	0.77	-1.6	6.96	0	30	4.5	0	16
0.0115835051546392	0.0103092783505155	27.35	-0.74	-0.22	-0.05	1.43	0.37	-0.21	0.8	-1.76	6.76	0	29	4	0	13
0.0109154639175258	0.00969072164948454	25.63	-0.84	-0.21	-0.04	1.33	0.35	-0.21	0.82	-1.9	6.5	0	27	3.5	0	11
0.0104123711340206	0.00948453608247423	24.4	-0.85	-0.22	-0.04	1.26	0.35	-0.2	0.85	-1.9	6.28	0	26	3	0	8
0.00974845360824742	0.00865979381443299	22.8	-0.84	-0.21	-0.03	1.16	0.34	-0.2	0.87	-2	5.92	0	24	3	0	5
0.00916701030927835	0.00824742268041237	21.27	-0.96	-0.2	-0.03	1.07	0.32	-0.19	0.89	-2.04	5.58	0	22.5	2.5	0	3
0.00846185567010309	0.00783505154639175	19.57	-0.95	-0.22	-0.02	0.98	0.29	-0.2	0.88	-2.08	5.2	0	21	2	0	-1
0.00837938144329897	0.00721649484536083	19.37	-0.95	-0.22	-0.01	0.97	0.29	-0.19	0.89	-2.08	5.1	0	20.5	3	0	0
0.00772371134020619	0.00701030927835052	17.68	-1.05	-0.22	-0.01	0.85	0.26	-0.19	0.89	-2.14	4.68	0	19.5	2.5	0	-3
0.00705154639175258	0.0065979381443299	16.05	-1.05	-0.13	-0.02	0.76	0.25	-0.19	0.85	-2.18	4.2	0	17.5	1.5	0	-6
0.00639175257731959	0.00556701030927835	14.34	-1.16	-0.12	-0.04	0.64	0.23	-0.19	0.82	-2.22	3.74	0	15	1.5	0	-8
0.00569072164948454	0.00536082474226804	12.64	-1.16	-0.12	-0.03	0.55	0.21	-0.19	0.79	-2.28	3.2	0	14.5	1.5	0	-11
0.00503092783505155	0.00474226804123711	10.93	-1.27	-0.11	-0.02	0.46	0.19	-0.2	0.74	-2.28	2.62	0	13	1.5	0	-12
0.00428865979381443	0.00412371134020619	9.14	-1.26	-0.11	-0.02	0.36	0.17	-0.21	0.68	-2.28	2	0	11	1	0	-11
0.00358762886597938	0.00371134020618557	7.33	-1.37	-0.1	-0.01	0.28	0.14	-0.22	0.62	-2.32	1.46	0	9.5	0.5	0	-13
0.00292783505154639	0.00329896907216495	5.62	-1.48	-0.11	-0.02	0.22	0.12	-0.22	0.57	-2.48	1.06	0	8.5	0.5	0	-18
0.00230103092783505	0.00247422680412371	4	-1.58	0	-0.03	0.16	0.1	-0.22	0.55	-2.64	0.82	0	6.5	0.5	0	-21
0.00168247422680412	0.00206185567010309	2.4	-1.68	0.02	-0.02	0.11	0.08	-0.23	0.49	-2.9	0.68	0	5.5	0.5	0	-23
0.00110103092783505	0.00103092783505155	0.88	-1.79	0.08	-0.04	0.06	0.07	-0.24	0.46	-3.14	0.56	0	4	1.5	0	-25
0.000482474226804124	0.00103092783505155	-0.73	-1.9	0.19	-0.05	-0.01	0.05	-0.24	0.44	-3.38	0.48	0	3	0.5	0	-27
-0.00017319587628866	0.000412371134020619	-2.42	-2	0.39	-0.06	-0.04	0.05	-0.25	0.4	-3.64	0.44	0	1	0	0	-31
-0.000837113402061856	-0.000206185567010309	-4.14	-2.11	0.48	-0.06	-0.09	0.02	-0.27	0.34	-3.94	0.4	0	-0.5	0	0	-33
-0.00150103092783505	-0.000618556701030928	-5.85	-2.21	0.59	-0.05	-0.14	0.01	-0.27	0.32	-4.24	0.36	0	-2	-0.5	0	-36
-0.00211546391752577	-0.00144329896907216	-7.45	-2.32	0.69	-0.05	-0.18	-0.01	-0.26	0.29	-4.42	0.4	0	-4	-0.5	0	-41
-0.00281649484536082	-0.00185567010309278	-9.26	-2.43	0.93	-0.03	-0.21	-0.01	-0.26	0.27	-4.66	0.42	0	-5.5	-1	0	-43
-0.00347628865979381	-0.00247422680412371	-11.06	-2.63	1.03	-0.03	-0.24	-0.02	-0.26	0.25	-4.86	0.44	0	-7.5	-1.5	0	-47
-0.00410721649484536	-0.00309278350515464	-12.69	-2.73	1.24	-0.03	-0.27	-0.02	-0.26	0.24	-5.04	0.52	0	-9	-1.5	0	-52
-0.00472164948453608	-0.00391752577319588	-14.28	-2.83	1.44	-0.01	-0.31	-0.03	-0.25	0.22	-5.22	0.56	0	-11	-1.5	0	-58
-0.0053360824742268	-0.00412371134020619	-15.99	-3.05	1.64	-0.02	-0.35	-0.04	-0.24	0.22	-5.34	0.64	0	-12	-2	0	-64
-0.00592577319587629	-0.00474226804123711	-17.52	-3.15	1.74	-0.03	-0.36	-0.04	-0.23	0.22	-5.38	0.72	0	-13.5	-2	0	-73
-0.00654020618556701	-0.00515463917525773	-19.12	-3.26	1.94	-0.03	-0.4	-0.06	-0.23	0.21	-5.3	0.88	0	-14.5	-2	0	-85
-0.00709278350515464	-0.00556701030927835	-20.64	-3.44	2.04	-0.04	-0.44	-0.07	-0.25	0.21	-5.14	1.1	0	-16	-2.5	0	-94
-0.00770721649484536	-0.00597938144329897	-22.26	-3.57	2.14	-0.03	-0.48	-0.09	-0.31	0.21	-4.86	1.42	0	-17.5	-3	0	-103
-0.00829690721649484	-0.00680412371134021	-23.79	-3.67	2.18	-0.02	-0.52	-0.1	-0.34	0.21	-4.52	1.76	0	-19.5	-3	0	-111
-0.00896082474226804	-0.00721649484536083	-25.5	-3.77	2.23	-0.01	-0.55	-0.1	-0.38	0.21	-4.12	2.22	0	-21	-3.5	0	-117
-0.00950515463917526	-0.00783505154639175	-26.92	-3.87	2.24	-0.01	-0.57	-0.11	-0.41	0.21	-3.76	2.6	0	-22	-3	0	-126
-0.0100824742268041	-0.00824742268041237	-28.55	-4.1	2.33	-0.01	-0.59	-0.11	-0.39	0.21	-3.38	3	0	-23.5	-3.5	0	-132
-0.0106350515463918	-0.0088659793814433	-29.98	-4.19	2.33	-0.02	-0.6	-0.12	-0.43	0.22	-3.06	3.32	0	-25	-3.5	0	-140
-0.011179381443299	-0.00948453608247423	-31.5	-4.39	2.44	-0.02	-0.61	-0.12	-0.44	0.21	-2.74	3.58	0	-26.5	-3.5	0	-147
-0.011760824742268	-0.0101030927835052	-33.02	-4.5	2.44	-0.02	-0.63	-0.12	-0.43	0.2	-2.38	3.86	0	-28	-3.5	0	-156
-0.0117979381443299	-0.00989690721649484	-33.12	-4.51	2.46	-0.03	-0.65	-0.12	-0.47	0.19	-2.4	3.86	0	-27	-3	0	-142
-0.0113649484536082	-0.00948453608247423	-31.97	-4.41	2.45	-0.04	-0.68	-0.13	-0.49	0.2	-2.7	3.64	0	-25.5	-2.5	0	-132
-0.0107051546391753	-0.0088659793814433	-30.26	-4.3	2.45	-0.04	-0.69	-0.14	-0.52	0.2	-3.14	3.36	0	-24	-2.5	0	-114
-0.0100329896907217	-0.00845360824742268	-28.53	-4.2	2.36	-0.04	-0.68	-0.12	-0.53	0.22	-3.52	3.04	0	-22.5	-2	0	-99
-0.00941855670103093	-0.00783505154639175	-26.83	-3.99	2.26	-0.04	-0.69	-0.1	-0.53	0.22	-3.94	2.72	0	-21	-2	0	-83
-0.00871340206185567	-0.00721649484536083	-25.01	-3.88	2.05	-0.04	-0.71	-0.07	-0.53	0.24	-4.3	2.4	0	-19.5	-2	0	-68
-0.00797938144329897	-0.0065979381443299	-23.12	-3.77	1.95	-0.01	-0.67	-0.05	-0.48	0.24	-4.6	2.04	0	-18	-2	0	-55
-0.00728247422680412	-0.00597938144329897	-21.22	-3.56	1.68	-0.01	-0.64	-0.04	-0.44	0.24	-4.92	1.68	0	-16.5	-2	0	-45
-0.00649896907216495	-0.00536082474226804	-19.22	-3.46	1.44	-0.01	-0.62	-0.04	-0.41	0.25	-5.18	1.34	0	-15	-2	0	-35
-0.00583505154639175	-0.00474226804123711	-17.51	-3.36	1.21	-0.02	-0.61	-0.05	-0.4	0.22	-5.42	1.04	0	-13.5	-2	0	-27
-0.00517525773195876	-0.0045360824742268	-15.7	-3.15	0.91	-0.03	-0.57	-0.05	-0.42	0.19	-5.6	0.74	0	-12	-1	0	-20
-0.00451546391752577	-0.00350515463917526	-14	-3.05	0.7	-0.01	-0.55	-0.04	-0.43	0.15	-5.76	0.46	0	-10	-1.5	0	-15
-0.00378144329896907	-0.00309278350515464	-12.11	-2.94	0.39	-0.02	-0.55	-0.06	-0.46	0.11	-5.9	0.18	0	-8.5	-1	0	-7
-0.00308041237113402	-0.00247422680412371	-10.3	-2.83	0.19	-0.02	-0.52	-0.07	-0.47	0.06	-5.98	-0.18	0	-7	-1	0	-2
-0.00238762886597938	-0.00164948453608247	-8.52	-2.73	0.09	-0.02	-0.5	-0.08	-0.49	0.03	-6.02	-0.5	0	-5	-1	0	5
-0.00175257731958763	-0.00164948453608247	-6.89	-2.64	0.09	-0.05	-0.45	-0.07	-0.46	0.02	-6.04	-0.7	0	-4	0	0	9
-0.00129072164948454	-0.00103092783505155	-5.66	-2.53	-0.01	-0.06	-0.41	-0.07	-0.46	0.02	-6.02	-0.82	0	-2	0.5	0	14
-0.000668041237113402	-0.000618556701030928	-4.04	-2.42	-0.02	-0.06	-0.36	-0.05	-0.44	0	-5.8	-0.86	0	-1.5	0	0	17
-8.24742268041238e-06	-0.000206185567010309	-2.34	-2.32	-0.02	-0.05	-0.31	-0.04	-0.43	0.01	-5.42	-0.84	0	0	0.5	0	20
0.000651546391752577	0.000618556701030928	-0.64	-2.22	-0.01	-0.06	-0.23	0	-0.41	0.01	-5.12	-0.8	0	2.5	1	0	25
0.000845360824742268	0.000824742268041237	-0.16	-2.21	-0.01	-0.05	-0.22	0	-0.4	0.01	-5.08	-0.76	0	2.5	0.5	0	24
0.000964948453608247	0.00123711340206186	0.13	-2.21	0	-0.05	-0.19	0.01	-0.39	-0.01	-5.02	-0.68	0	3	0	0	25
0.00162474226804124	0.00164948453608247	1.83	-2.11	0.02	-0.04	-0.13	0.03	-0.38	-0.01	-4.74	-0.5	0	5	1	0	29
0.00220618556701031	0.00185567010309278	3.35	-2	-0.05	-0.05	-0.07	0.04	-0.36	-0.02	-4.46	-0.3	0	5.5	1	0	30
0.0028701030927835	0.00247422680412371	4.96	-2	-0.11	-0.02	0	0.06	-0.34	-0.01	-4.22	-0.04	0	7	1	0	34
0.00345154639175258	0.00288659793814433	6.48	-1.89	-0.09	-0.04	0.06	0.06	-0.33	-0.01	-4.06	0.22	0	9	2	0	38
0.00411958762886598	0.00371134020618557	8.09	-1.9	-0.12	-0.02	0.14	0.09	-0.31	0.02	-3.88	0.54	0	10	1	0	40
0.00470103092783505	0.00412371134020619	9.6	-1.8	-0.12	-0.02	0.21	0.1	-0.3	0.04	-3.7	0.86	0	11.5	1.5	0	44
0.00543917525773196	0.00515463917525773	11.4	-1.79	-0.11	-0.03	0.28	0.12	-0.28	0.07	-3.5	1.18	0	13.5	1	0	49
0.0060701030927835	0.00536082474226804	13.02	-1.7	-0.12	-0.02	0.35	0.13	-0.28	0.1	-3.3	1.52	0	15	2	0	53
0.00672577319587629	0.00618556701030928	14.62	-1.69	-0.12	-0.01	0.42	0.15	-0.29	0.12	-3.14	1.84	0	17	2	0	58
0.00731134020618557	0.0065979381443299	16.15	-1.58	-0.13	-0.02	0.48	0.17	-0.27	0.15	-2.98	2.16	0	18	2	0	61
0.00797525773195876	0.00742268041237113	17.75	-1.59	-0.23	-0.02	0.55	0.19	-0.27	0.18	-2.82	2.52	0	20.5	2.5	0	65
0.00851134020618557	0.00783505154639175	19.17	-1.47	-0.21	-0.03	0.64	0.22	-0.26	0.21	-2.68	2.88	0	22	3	0	68
0.00918350515463917	0.00804123711340206	20.79	-1.48	-0.22	-0.05	0.69	0.23	-0.27	0.23	-2.56	3.22	0	23	3.5	0	71
0.00981030927835052	0.0088659793814433	22.41	-1.38	-0.21	-0.04	0.73	0.25	-0.27	0.26	-2.4	3.6	0	25	3.5	0	74
0.0104742268041237	0.00907216494845361	24.03	-1.37	-0.23	-0.04	0.79	0.26	-0.27	0.29	-2.28	3.96	0	26	4	0	79
0.0111010309278351	0.00948453608247423	25.55	-1.37	-0.23	-0.04	0.86	0.28	-0.27	0.31	-2.1	4.3	0	27.5	4.5	0	81
0.0117649484536082	0.00989690721649484	27.27	-1.26	-0.22	-0.05	0.89	0.29	-0.29	0.34	-1.94	4.64	0	29	5	0	85
0.0124247422680412	0.0109278350515464	28.86	-1.27	-0.23	-0.05	0.94	0.3	-0.27	0.36	-1.76	4.94	0	31	4.5	0	90
0.0130144329896907	0.011340206185567	30.41	-1.15	-0.22	-0.06	1	0.31	-0.28	0.4	-1.58	5.22	0	33	5.5	0	93
0.0136371134020619	0.0119587628865979	31.91	-1.16	-0.21	-0.02	1.1	0.34	-0.28	0.4	-1.36	5.52	0	33	4	0	98
0.0142969072164948	0.0127835051546392	33.51	-1.16	-0.22	-0.03	1.15	0.35	-0.28	0.46	-1.12	5.8	0	36	5	0	103
0.0149690721649485	0.0131958762886598	35.24	-1.06	-0.25	-0.03	1.24	0.37	-0.29	0.49	-0.86	6.04	0	37	5	0	107
0.015719587628866	0.014020618556701	37.06	-1.06	-0.32	-0.03	1.37	0.38	-0.28	0.5	-0.58	6.28	0	39.5	5.5	0	113
0.0163835051546392	0.0144329896907217	38.67	-1.06	-0.32	-0.02	1.47	0.39	-0.29	0.52	-0.34	6.46	0	40	5	0	117
0.0170886597938144	0.0150515463917526	40.49	-0.95	-0.32	-0.04	1.63	0.4	-0.29	0.55	-0.02	6.64	0	41.5	5	0	123
0.0177154639175258	0.0156701030927835	42.01	-0.95	-0.32	-0.02	1.71	0.42	-0.3	0.58	0.26	6.8	0	44	6	0	130
0.0183876288659794	0.0160824742268041	43.64	-0.95	-0.32	-0.05	1.85	0.41	-0.3	0.6	0.58	6.9	0	45.5	6.5	0	137
0.0190432989690722	0.0162886597938144	45.25	-0.93	-0.32	-0.05	1.93	0.44	-0.3	0.62	0.86	7.06	0	46	6.5	0	146
0.0196453608247423	0.0167010309278351	46.79	-0.85	-0.33	-0.05	2.03	0.45	-0.31	0.65	1.16	7.2	0	47.5	7	0	154
0.0202350515463918	0.0175257731958763	48.22	-0.85	-0.32	-0.04	2.17	0.46	-0.32	0.67	1.4	7.38	0	48.5	6	0	165
0.0208618556701031	0.0177319587628866	49.74	-0.85	-0.32	-0.04	2.28	0.48	-0.32	0.69	1.56	7.54	0	50	7	0	180
0.0214185567010309	0.0185567010309278	51.19	-0.75	-0.32	-0.02	2.35	0.48	-0.32	0.7	1.72	7.7	0	51	6	0	193
0.0219628865979381	0.0189690721649485	52.52	-0.74	-0.3	-0.01	2.45	0.51	-0.32	0.71	1.88	7.84	0	53	7	0	207
0.022560824742268	0.0193814432989691	53.96	-0.75	-0.33	-0.02	2.52	0.51	-0.33	0.74	2.04	8	0	54	7	0	222
0.0231092783505155	0.0197938144329897	55.3	-0.74	-0.43	-0.01	2.58	0.51	-0.33	0.75	2.2	8.14	0	55.5	7.5	0	240
0.0236659793814433	0.0206185567010309	56.65	-0.74	-0.44	-0.05	2.65	0.52	-0.34	0.77	2.32	8.3	0	57.5	7.5	0	256
0.0242185567010309	0.0208247422680412	57.99	-0.74	-0.43	-0.05	2.72	0.53	-0.33	0.78	2.44	8.44	0	58.5	8	0	273
0.0247298969072165	0.0214432989690722	59.33	-0.64	-0.43	-0.04	2.78	0.53	-0.35	0.81	2.62	8.62	0	60	8	0	288
0.0252494845360825	0.0218556701030928	60.59	-0.64	-0.42	-0.04	2.83	0.55	-0.33	0.83	2.76	8.78	0	61	8	0	300
0.025719587628866	0.0222680412371134	61.73	-0.64	-0.42	-0.04	2.89	0.56	-0.35	0.85	2.88	9.06	0	62	8	0	307
0.0261938144329897	0.0224742268041237	62.88	-0.64	-0.41	-0.05	2.94	0.57	-0.36	0.88	3.04	9.3	0	63	8.5	0	311
0.0266309278350515	0.022680412371134	63.95	-0.63	-0.42	-0.02	3	0.58	-0.36	0.87	3.18	9.52	0	63.5	8.5	0	314
0.0270680412371134	0.0230927835051546	65.11	-0.53	-0.42	-0.01	3.04	0.6	-0.37	0.93	3.36	9.74	0	64.5	8.5	0	318
0.0275463917525773	0.0235051546391753	66.27	-0.53	-0.42	-0.03	3.1	0.62	-0.37	0.95	3.5	10	0	66	9	0	320
0.028020618556701	0.0241237113402062	67.42	-0.53	-0.42	-0.04	3.16	0.63	-0.38	0.98	3.68	10.24	0	67.5	9	0	323
0.0284948453608247	0.0245360824742268	68.67	-0.43	-0.42	-0.03	3.22	0.64	-0.39	1	3.82	10.52	0	68.5	9	0	324
0.0290144329896907	0.0247422680412371	69.93	-0.43	-0.43	-0.03	3.27	0.65	-0.39	1.02	3.96	10.8	0	69.5	9.5	0	326
0.0295298969072165	0.0251546391752577	71.19	-0.42	-0.42	-0.03	3.33	0.67	-0.39	1.06	4.12	11.08	0	70.5	9.5	0	329
0.0300082474226804	0.0255670103092784	72.35	-0.42	-0.43	-0.02	3.38	0.68	-0.4	1.09	4.28	11.38	0	71.5	9.5	0	332
0.030259793814433	0.0261855670103093	73.12	-0.26	-0.43	-0.02	3.41	0.7	-0.4	1.1	4.38	11.56	0	73	9.5	0	334
0.0310474226804124	0.0265979381443299	74.96	-0.33	-0.44	-0.02	3.52	0.72	-0.42	1.13	4.6	11.96	0	74	9.5	0	337
0.0316041237113402	0.0268041237113402	76.31	-0.33	-0.42	-0.04	3.59	0.74	-0.42	1.18	4.78	12.26	0	75.5	10.5	0	338
0.0320783505154639	0.0274226804123711	77.56	-0.23	-0.48	-0.05	3.65	0.75	-0.43	1.21	4.94	12.56	0	77.5	11	0	337
0.032560824742268	0.0278350515463918	78.73	-0.23	-0.52	-0.05	3.7	0.77	-0.44	1.22	5.06	12.84	0	78.5	11	0	337
0.0330350515463918	0.0282474226804124	79.89	-0.22	-0.52	-0.05	3.74	0.79	-0.45	1.25	5.2	13.14	0	79.5	11	0	339
0.0335134020618557	0.028659793814433	81.15	-0.12	-0.53	-0.05	3.79	0.81	-0.46	1.29	5.34	13.46	0	80.5	11	0	341
0.0339917525773196	0.0288659793814433	82.32	-0.11	-0.53	-0.04	3.84	0.82	-0.47	1.32	5.46	13.82	0	81.5	11.5	0	340
0.0344783505154639	0.0290721649484536	83.49	-0.12	-0.52	-0.04	3.89	0.85	-0.49	1.35	5.48	14.3	0	82.5	12	0	327
0.034680412371134	0.0296907216494845	83.98	-0.12	-0.53	-0.05	3.89	0.85	-0.49	1.37	5.48	14.46	0	83.5	11.5	0	324
0.0352701030927835	0.0301030927835052	85.53	0	-0.53	-0.04	3.96	0.87	-0.51	1.4	5.46	15.06	0	84.5	11.5	0	326
0.0358350515463918	0.0305154639175258	86.89	-0.01	-0.53	-0.03	4.01	0.89	-0.49	1.44	5.5	15.6	0	86	12	0	324
0.0363175257731959	0.0309278350515464	88.17	0.1	-0.52	-0.02	4.08	0.91	-0.52	1.48	5.5	16.12	0	86.5	11.5	0	323
0.0368412371134021	0.0315463917525773	89.43	0.09	-0.54	-0.02	4.12	0.93	-0.52	1.51	5.46	16.58	0	88	11.5	0	317
0.0373154639175258	0.0319587628865979	90.6	0.11	-0.53	-0.02	4.18	0.94	-0.54	1.54	5.48	17.06	0	89.5	12	0	318
0.037839175257732	0.0319587628865979	91.96	0.2	-0.53	-0.02	4.24	0.96	-0.55	1.58	5.48	17.58	0	90	12.5	0	314
0.0383216494845361	0.0325773195876289	93.14	0.21	-0.53	-0.02	4.27	0.97	-0.57	1.61	5.44	18.1	0	91.5	12.5	0	311
0.0388412371134021	0.0329896907216495	94.41	0.22	-0.53	-0.01	4.32	1	-0.57	1.64	5.44	18.58	0	92.5	12.5	0	308
0.0390144329896907	0.0334020618556701	94.88	0.27	-0.53	-0.02	4.34	1	-0.57	1.66	5.42	18.74	0	93.5	12.5	0	308
0.0397319587628866	0.0338144329896907	96.66	0.31	-0.53	-0.04	4.41	1.03	-0.57	1.71	5.42	19.42	0	95	13	0	305
0.0402556701030928	0.0342268041237113	97.92	0.3	-0.52	-0.04	4.46	1.05	-0.59	1.74	5.42	19.9	0	96.5	13.5	0	303
0.0407463917525773	0.034639175257732	99.21	0.4	-0.52	-0.04	4.54	1.07	-0.6	1.78	5.36	20.44	0	98	14	0	299
0.0412701030927835	0.0348453608247423	100.49	0.41	-0.52	-0.06	4.58	1.08	-0.61	1.82	5.34	20.96	0	99	14.5	0	292
0.0417896907216495	0.0350515463917526	101.76	0.42	-0.52	-0.04	4.62	1.11	-0.63	1.86	5.34	21.56	0	99	14	0	285
0.042280412371134	0.0352577319587629	103.04	0.51	-0.52	-0.02	4.67	1.13	-0.64	1.9	5.28	22.12	0	101	15.5	0	276
0.042519587628866	0.0358762886597938	103.72	0.61	-0.53	-0.06	4.68	1.15	-0.66	1.92	5.22	22.48	0	101.5	14.5	0	265
0.0425113402061856	0.0360824742268041	103.72	0.63	-0.52	-0.03	4.68	1.19	-0.69	1.93	5.22	22.54	0	101.5	14	0	259
0.0424618556701031	0.0360824742268041	103.71	0.74	-0.52	-0.02	4.68	1.19	-0.69	1.93	5.2	22.58	0	101.5	14	0	258
0.0427381443298969	0.0362886597938144	104.38	0.74	-0.52	-0.03	4.69	1.23	-0.9	1.91	4.76	23	0	102.5	14.5	0	234
0.0429319587628866	0.0367010309278351	104.85	0.74	-0.52	-0.03	4.7	1.23	-0.89	1.92	4.82	23.04	0	103.5	14.5	0	246
0.043360824742268	0.0371134020618557	105.89	0.74	-0.53	-0.01	4.75	1.23	-0.89	1.92	4.84	23.42	0	104.5	14.5	0	250
0.0440618556701031	0.0375257731958763	107.69	0.84	-0.52	-0.03	4.82	1.24	-0.9	1.97	4.78	24.08	0	106	15	0	250
0.0446927835051546	0.0379381443298969	109.21	0.83	-0.52	-0.04	4.88	1.24	-0.92	2.01	4.8	24.64	0	107	15	0	246
0.0454268041237113	0.0387628865979381	111.01	0.85	-0.52	-0.02	4.96	1.26	-0.95	2.07	4.84	25.44	0	109	15	0	242
0.0461072164948454	0.0395876288659794	112.72	0.91	-0.53	-0.02	5.02	1.28	-0.95	2.12	4.76	26.08	0	111.5	15.5	0	240
0.0466350515463918	0.0395876288659794	114.04	0.95	-0.52	-0.03	5.07	1.31	-0.96	2.15	4.78	26.58	0	112	16	0	239
0.0472288659793814	0.04	115.48	0.95	-0.52	-0.02	5.12	1.33	-0.97	2.19	4.82	27.16	0	113	16	0	238
0.0477154639175258	0.0408247422680412	116.73	1.02	-0.52	-0.03	5.17	1.35	-0.98	2.21	4.8	27.64	0	115	16	0	238
0.0483175257731959	0.0408247422680412	118.22	1.05	-0.52	-0.03	5.22	1.36	-1	2.26	4.76	28.12	0	115.5	16.5	0	237
0.0488701030927835	0.0416494845360825	119.55	1.04	-0.52	-0.05	5.26	1.38	-1.01	2.3	4.74	28.62	0	118	17	0	238
0.0493896907216495	0.0418556701030928	120.91	1.14	-0.53	-0.05	5.31	1.41	-1.03	2.35	4.74	29.12	0	118.5	17	0	237
0.05	0.0422680412371134	122.39	1.14	-0.52	-0.06	5.36	1.43	-1.06	2.37	4.72	29.7	0	120	17.5	0	235
0.0505484536082474	0.0422680412371134	123.82	1.24	-0.52	-0.06	5.42	1.45	-1.06	2.4	4.7	30.22	0	121	18.5	0	235
0.0511340206185567	0.0435051546391753	125.24	1.24	-0.52	-0.06	5.47	1.47	-1.07	2.45	4.7	30.76	0	123	17.5	0	233
0.0516824742268041	0.0439175257731959	126.57	1.24	-0.52	-0.06	5.52	1.47	-1.1	2.49	4.7	31.24	0	124	17.5	0	233
0.0521896907216495	0.0439175257731959	127.9	1.34	-0.52	-0.05	5.55	1.5	-1.1	2.52	4.68	31.74	0	124.5	18	0	233
0.0527752577319588	0.0443298969072165	129.32	1.34	-0.52	-0.06	5.6	1.53	-1.13	2.56	4.66	32.26	0	126	18.5	0	233
0.0532824742268041	0.0451546391752577	130.67	1.46	-0.53	-0.04	5.65	1.55	-1.13	2.6	4.66	32.78	0	127.5	18	0	231
0.0537896907216495	0.0455670103092784	131.9	1.46	-0.53	-0.05	5.7	1.57	-1.16	2.63	4.68	33.28	0	129	18.5	0	230
0.0541154639175258	0.0461855670103093	132.79	1.56	-0.52	-0.04	5.73	1.59	-1.17	2.66	4.7	33.66	0	130	18	0	230
0.0546103092783505	0.0457731958762887	134.01	1.58	-0.53	-0.02	5.77	1.61	-1.18	2.69	4.72	34.1	0	130.5	19.5	0	230
0.0551587628865979	0.0465979381443299	135.33	1.57	-0.53	-0.03	5.81	1.62	-1.2	2.74	4.7	34.6	0	131.5	18.5	0	229
0.0556742268041237	0.0472164948453608	136.68	1.67	-0.52	-0.03	5.87	1.65	-1.2	2.76	4.62	35.14	0	133	18.5	0	227
0.0562515463917526	0.0476288659793814	138.08	1.67	-0.53	-0.04	5.91	1.66	-1.22	2.81	4.6	35.66	0	134.5	19	0	226
0.0567711340206186	0.0480412371134021	139.46	1.79	-0.53	-0.03	5.97	1.69	-1.22	2.85	4.66	36.26	0	135.5	19	0	224
0.0573443298969072	0.0488659793814433	140.85	1.79	-0.53	-0.04	5.99	1.7	-1.24	2.88	4.66	36.76	0	137.5	19	0	227
0.0578886597938144	0.0490721649484536	142.29	1.91	-0.53	-0.02	6.08	1.73	-1.25	2.92	4.66	37.32	0	138	19	0	224
0.0584371134020619	0.0496907216494845	143.62	1.91	-0.52	-0.01	6.11	1.75	-1.27	2.99	4.62	37.88	0	140	19.5	0	222
0.0589484536082474	0.0501030927835052	144.96	2.01	-0.53	-0.03	6.15	1.77	-1.28	3	4.58	38.46	0	141	19.5	0	222
0.0595546391752577	0.0505154639175258	146.39	1.97	-0.52	-0.04	6.2	1.8	-1.29	3.04	4.56	39.04	0	143	20.5	0	221
0.0601278350515464	0.0507216494845361	147.82	2.01	-0.53	-0.02	6.26	1.82	-1.3	3.08	4.54	39.66	0	143.5	20.5	0	221
0.0606927835051546	0.0517525773195876	149.26	2.08	-0.49	-0.06	6.31	1.83	-1.32	3.13	4.5	40.28	0	146	20.5	0	218
0.0612041237113402	0.0517525773195876	150.5	2.08	-0.5	-0.04	6.36	1.86	-1.32	3.17	4.48	40.86	0	146.5	21	0	218
0.0617484536082474	0.0523711340206186	151.94	2.2	-0.6	-0.03	6.4	1.88	-1.59	3.19	4.54	45.2	0	148	21	0	216
0.0619505154639175	0.0523711340206186	152.62	2.39	-0.61	-0.05	6.4	1.97	-1.65	3.22	4.36	0	0	148	21	0	204
0.0624618556701031	0.0525773195876289	153.86	2.39	-0.6	-0.05	6.4	1.97	-1.66	3.24	4.34	0	0	150	22.5	0	210
0.0629731958762886	0.0531958762886598	155.2	2.49	-0.61	-0.05	6.45	1.98	-1.66	3.29	4.34	0	0	151	22	0	213
0.0635628865979381	0.0538144329896907	156.64	2.5	-0.62	-0.03	6.53	1.98	-1.67	3.32	4.34	0	0	152.5	22	0	215
0.0641113402061856	0.0542268041237113	157.98	2.51	-0.61	-0.01	6.6	1.99	-1.67	3.36	4.34	0	0	153.5	22	0	218
0.0647092783505155	0.054639175257732	159.42	2.5	-0.61	-0.01	6.68	2	-1.68	3.4	4.36	0	0	154.5	22	0	222
0.0652948453608247	0.0558762886597938	160.86	2.52	-0.61	-0.01	6.74	2.01	-1.68	3.44	4.36	0	0	157.5	22	0	225
0.0658474226804124	0.0560824742268041	162.31	2.63	-0.61	0	6.8	2.01	-1.7	3.49	4.38	0	0	158	22	0	227
0.0664329896907216	0.0571134020618557	163.75	2.65	-0.61	0.01	6.87	2.02	-1.69	3.53	4.38	0	0	160.5	22	0	230
0.0669979381443299	0.0567010309278351	165.1	2.63	-0.62	0	6.93	2.04	-1.7	3.56	4.36	0	0	160	22.5	0	232
0.0675546391752577	0.0577319587628866	166.46	2.64	-0.61	0.01	7.01	2.04	-1.71	3.6	4.38	0	0	162.5	22.5	0	234
0.0681237113402062	0.0577319587628866	167.89	2.69	-0.61	0.01	7.05	2.05	-1.71	3.63	4.34	0	0	162.5	22.5	0	237
0.068659793814433	0.0583505154639175	169.24	2.74	-0.61	0	7.11	2.05	-1.73	3.67	4.34	0	0	164.5	23	0	238
0.0692659793814433	0.0585567010309278	170.7	2.73	-0.61	0	7.18	2.06	-1.72	3.71	4.34	0	0	166	24	0	238
0.0697814432989691	0.0591752577319588	171.94	2.72	-0.61	0	7.23	2.07	-1.74	3.74	4.34	0	0	167	23.5	0	242
0.0702680412371134	0.06	173.22	2.82	-0.61	0.01	7.29	2.07	-1.73	3.78	4.34	0	0	169	23.5	0	244
0.0708082474226804	0.0597938144329897	174.56	2.85	-0.61	0.01	7.34	2.08	-1.73	3.82	4.34	0	0	169	24	0	245
0.071340206185567	0.0606185567010309	175.87	2.87	-0.6	0.02	7.4	2.08	-1.74	3.85	4.34	0	0	170.5	23.5	0	247
0.0718474226804124	0.0612371134020619	177.18	2.95	-0.61	0.01	7.46	2.08	-1.75	3.88	4.32	0	0	172.5	24	0	248
0.0723711340206186	0.0616494845360825	178.45	2.95	-0.61	-0.03	7.49	2.08	-1.75	3.92	4.32	0	0	174	24.5	0	250
0.0728989690721649	0.0618556701030928	179.8	3.02	-0.61	-0.04	7.54	2.07	-1.75	3.95	4.3	0	0	175	25	0	252
0.0734103092783505	0.0622680412371134	181.05	3.03	-0.62	-0.04	7.62	2.08	-1.76	3.99	4.32	0	0	176.5	25.5	0	254
0.0739711340206186	0.062680412371134	182.4	3.02	-0.61	-0.05	7.65	2.08	-1.76	4.02	4.3	0	0	178	26	0	256
0.0745072164948454	0.0637113402061856	183.86	3.18	-0.6	-0.02	7.7	2.08	-1.78	4.05	4.32	0	0	179.5	25	0	259
0.0750845360824742	0.0637113402061856	185.23	3.15	-0.6	-0.03	7.77	2.08	-1.77	4.09	4.3	0	0	180.5	26	0	260
0.0756494845360825	0.0643298969072165	186.6	3.15	-0.61	-0.04	7.83	2.08	-1.78	4.12	4.28	0	0	182	26	0	261
0.0761731958762887	0.0647422680412371	187.97	3.25	-0.61	-0.03	7.89	2.08	-1.78	4.17	4.3	0	0	183	26	0	262
0.0767381443298969	0.0651546391752577	189.33	3.24	-0.61	-0.05	7.96	2.09	-1.78	4.2	4.28	0	0	184.5	26.5	0	264
0.0772577319587629	0.065360824742268	190.7	3.35	-0.61	-0.02	8.01	2.09	-1.79	4.24	4.3	0	0	185.5	27	0	268
0.0778226804123711	0.065979381443299	192.06	3.34	-0.61	-0.02	8.06	2.08	-1.8	4.27	4.28	0	0	186.5	26.5	0	268
0.078379381443299	0.0661855670103093	193.43	3.36	-0.61	-0.03	8.11	2.08	-1.8	4.31	4.28	0	0	187.5	27	0	270
0.078898969072165	0.0672164948453608	194.8	3.47	-0.6	-0.02	8.16	2.08	-1.81	4.35	4.28	0	0	189.5	26.5	0	272
0.0794268041237114	0.0674226804123711	196.08	3.47	-0.61	-0.01	8.23	2.08	-1.8	4.39	4.28	0	0	190.5	27	0	273
0.079901030927835	0.0678350515463918	197.35	3.59	-0.61	0	8.28	2.08	-1.81	4.42	4.26	0	0	191	26.5	0	274
0.0804659793814433	0.068659793814433	198.72	3.59	-0.61	0.04	8.34	2.08	-1.82	4.45	4.28	0	0	193.5	27	0	276
0.0809896907216495	0.068659793814433	200	3.6	-0.61	0.03	8.39	2.08	-1.83	4.49	4.26	0	0	194	27.5	0	277
0.0815216494845361	0.0698969072164948	201.38	3.69	-0.61	0.04	8.44	2.09	-1.83	4.52	4.26	0	0	196.5	27	0	278
0.0820907216494845	0.0698969072164948	202.74	3.67	-0.61	-0.02	8.49	2.08	-1.83	4.56	4.26	0	0	197	27.5	0	280
0.0825773195876289	0.0698969072164948	204.03	3.78	-0.6	-0.02	8.54	2.08	-1.84	4.59	4.26	0	0	198	28.5	0	283
0.0832247422680412	0.0709278350515464	205.6	3.78	-0.61	-0.02	8.59	2.08	-1.84	4.63	4.24	0	0	200.5	28.5	0	284
0.0834556701030928	0.0711340206185567	206.2	3.82	-0.61	-0.01	8.62	2.08	-1.84	4.65	4.26	0	0	200.5	28	0	285
0.0834226804123711	0.0709278350515464	206.2	3.9	-0.71	-0.02	8.55	2.07	-1.86	4.64	4.22	0	0	200.5	28.5	0	276
0.0829773195876289	0.0703092783505155	205.1	3.88	-0.71	-0.04	8.54	2.07	-1.85	4.66	4.2	0	0	198	27.5	0	264
0.0822474226804124	0.0696907216494845	203.34	3.89	-0.71	0	8.53	2.06	-1.86	4.63	4.22	0	0	196.5	27.5	0	257
0.0814762886597938	0.0692783505154639	201.47	3.89	-0.71	0	8.49	2.06	-1.85	4.59	4.2	0	0	195	27	0	249
0.0807876288659794	0.0688659793814433	199.8	3.89	-0.71	0.01	8.43	2.05	-1.86	4.57	4.18	0	0	194	27	0	245
0.0801360824742268	0.0682474226804124	198.23	3.9	-0.71	0.01	8.37	2.04	-1.85	4.54	4.18	0	0	191.5	26	0	240
0.0794268041237113	0.0674226804123711	196.44	3.83	-0.71	0.01	8.32	2.03	-1.85	4.5	4.16	0	0	189.5	26	0	235
0.0788	0.0670103092783505	194.88	3.79	-0.71	0.01	8.25	2.03	-1.86	4.46	4.14	0	0	188.5	26	0	230
0.078119587628866	0.0663917525773196	193.23	3.79	-0.7	0.01	8.18	2.02	-1.85	4.41	4.14	0	0	187	26	0	226
0.0774309278350516	0.0661855670103093	191.56	3.79	-0.73	0	8.11	2.02	-1.86	4.36	4.12	0	0	185	24.5	0	220
0.076701030927835	0.065360824742268	189.8	3.8	-0.7	0.01	8.03	2.01	-1.85	4.31	4.1	0	0	184	25.5	0	215
0.0760618556701031	0.0647422680412371	188.14	3.69	-0.66	0.01	7.95	2.01	-1.85	4.27	4.08	0	0	182	25	0	212
0.0753938144329897	0.0641237113402062	186.49	3.66	-0.61	-0.03	7.87	2.01	-1.84	4.23	4.06	0	0	181	25.5	0	205
0.0750103092783505	0.0637113402061856	185.56	3.66	-0.62	-0.03	7.82	2	-1.85	4.2	4.04	0	0	180.5	26	0	204
0.074020618556701	0.0630927835051546	183.17	3.67	-0.63	-0.03	7.7	1.99	-1.85	4.13	4	0	0	177.5	24.5	0	197
0.0733938144329897	0.0622680412371134	181.53	3.55	-0.61	-0.05	7.61	1.98	-1.85	4.08	3.96	0	0	176	25	0	193
0.0709030927835052	0.0604123711340206	175.5	3.56	-0.61	-0.04	7.32	1.95	-1.86	3.9	3.88	0	0	170.5	24	0	180
0.068940206185567	0.0589690721649485	170.65	3.47	-0.61	-0.02	7.08	1.93	-1.85	3.77	3.88	0	0	165.5	22.5	0	170
0.0673690721649484	0.0575257731958763	166.73	3.36	-0.61	-0.01	6.88	1.9	-1.86	3.66	3.84	0	0	162	22.5	0	161
0.0653814432989691	0.0560824742268041	161.92	3.37	-0.62	0	6.64	1.87	-1.87	3.53	3.78	0	0	157	21	0	150
0.0633649484536083	0.0538144329896907	156.9	3.24	-0.6	-0.04	6.39	1.83	-1.85	3.39	3.74	0	0	151.5	21	0	141
0.0613030927835052	0.0525773195876289	151.83	3.17	-0.64	-0.01	6.14	1.78	-1.86	3.26	3.7	0	0	147	19.5	0	130
0.0593154639175258	0.0505154639175258	146.88	3.04	-0.53	-0.04	5.87	1.74	-1.86	3.12	3.66	0	0	142	19.5	0	119
0.0571134020618557	0.048659793814433	141.43	2.93	-0.52	-0.05	5.6	1.69	-1.86	2.98	3.64	0	0	137	19	0	111
0.054919587628866	0.0465979381443299	136	2.82	-0.52	-0.04	5.34	1.64	-1.86	2.86	3.6	0	0	131.5	18.5	0	101
0.0522886597938144	0.0445360824742268	129.52	2.72	-0.51	-0.04	4.98	1.58	-1.86	2.72	3.58	0	0	125	17	0	90
0.0500577319587629	0.0424742268041237	124.01	2.62	-0.51	-0.03	4.73	1.53	-1.86	2.58	3.52	0	0	119.5	16.5	0	80
0.0475092783505155	0.0406185567010309	117.64	2.43	-0.41	-0.01	4.44	1.47	-1.86	2.41	3.44	0	0	113.5	15	0	71
0.0447134020618557	0.0381443298969072	110.63	2.2	-0.38	-0.03	4.1	1.39	-1.82	2.27	3.46	0	0	106.5	14	0	60
0.0420536082474227	0.0358762886597938	103.99	2.01	-0.4	-0.02	3.82	1.32	-1.79	2.09	3.44	0	0	100.5	13.5	0	49
0.0390680412371134	0.0329896907216495	96.51	1.77	-0.29	-0.03	3.49	1.23	-1.73	1.93	3.36	0	0	93.5	13.5	0	39
0.0353773195876289	0.0298969072164948	87.13	1.34	-0.28	-0.05	3.04	1.09	-1.64	1.71	3.34	0	0	84.5	12	0	30
0.0316989690721649	0.0268041237113402	77.92	1.05	-0.31	-0.03	2.64	0.97	-1.6	1.54	3.32	0	0	75.5	10.5	0	20
0.0261814432989691	0.0224742268041237	63.81	0.32	-0.21	-0.02	2.09	0.73	-1.55	1.21	3.32	0	0	62.5	8	0	10
0.0211711340206186	0.0183505154639175	51.75	0.41	-0.21	-0.04	1.54	0.56	-1.52	1.04	3.3	0	0	51.5	7	0	2
0.0210886597938144	0.0179381443298969	51.56	0.42	-0.22	-0.03	1.55	0.56	-1.52	1.03	3.3	0	0	50.5	7	0	-1
