2.06185567010309e-05	6
2.47422680412371e-05	13
0.000379381443298969	31
0.000804123711340206	44
0.00107628865979381	50
0.00181855670103093	68
0.00235876288659794	81
0.0029360824742268	95
0.00326185567010309	102
0.00381443298969072	115
0.00412783505154639	123
0.00447835051546392	130
0.00521237113402062	141
0.00564536082474227	150
0.0064659793814433	158
0.00704742268041237	166
0.00762886597938144	176
0.0081360824742268	184
0.00871752577319588	188
0.00930721649484536	196
0.00959175257731959	200
0.0113360824742268	202
0.012020618556701	204
0.0125814432989691	214
0.0131175257731959	222
0.0136247422680412	230
0.0141690721649485	235
0.0147216494845361	242
0.0152288659793814	246
0.0157814432989691	250
0.0163381443298969	255
0.0169154639175258	260
0.0174515463917526	265
0.0180536082474227	268
0.0186020618556701	274
0.0191587628865979	278
0.0196659793814433	282
0.0202639175257732	285
0.0208536082474227	288
0.0213731958762887	291
0.0219092783505155	295
0.022659793814433	299
0.0229773195876289	300
0.0244164948453608	301
0.025719587628866	307
0.0261938144329897	311
0.0266309278350515	314
0.0270680412371134	318
0.0275463917525773	320
0.028020618556701	323
0.0284948453608247	324
0.0290144329896907	326
0.0295298969072165	329
0.0300082474226804	332
0.030259793814433	334
0.0310474226804124	337
0.0316041237113402	338
0.0330350515463918	339
0.0335134020618557	341
