## NFILE T1 T2 CB1 CB2 P1 P2 RWALL1 RWALL2 XMAX1 XMAX2 GMAX1 GMAX2 YMAX1 YMAX2 CEMAX1 CEMAX2
 1    0.10596E+01    0.45658E+00    0.50000E-01    0.77545E-01    0.17682E+01    0.11877E+01    0.97022E+01    0.65171E+01    0.20002E+03    0.26345E+02    0.72735E+00    0.10538E+00    0.21155E+03    0.75313E+02    0.39462E+02    0.22670E+02
 2    0.75304E+00    0.32641E+00    0.10000E+00    0.15020E+00    0.35365E+01    0.23005E+01    0.19404E+02    0.12623E+02    0.20003E+03    0.16972E+02    0.72738E+00    0.67888E-01    0.17464E+03    0.39179E+02    0.10987E+03    0.41074E+02
 3    0.61699E+00    0.26845E+00    0.15000E+00    0.22053E+00    0.53047E+01    0.33777E+01    0.29107E+02    0.18534E+02    0.11830E+02    0.39985E+01    0.43017E-01    0.15994E-01    0.44274E+02    0.21574E+02    0.16046E+03    0.35939E+02
 4    0.53576E+00    0.23376E+00    0.20000E+00    0.28929E+00    0.70729E+01    0.44309E+01    0.38809E+02    0.24312E+02    0.18179E+02    0.35967E+01    0.66104E-01    0.14387E-01    0.49865E+02    0.17010E+02    0.15906E+03    0.30585E+02
 5    0.43915E+00    0.19234E+00    0.30000E+00    0.42400E+00    0.10609E+02    0.64942E+01    0.58213E+02    0.35633E+02    0.38472E+01    0.21674E+01    0.13990E-01    0.86694E-02    0.37761E+02    0.24801E+02    0.16585E+03    0.35311E+02
 6    0.38152E+00    0.16758E+00    0.40000E+00    0.55503E+00    0.14146E+02    0.85012E+01    0.77618E+02    0.46646E+02    0.25542E+01    0.64401E+01    0.92879E-02    0.25760E-01    0.35077E+02    0.36507E+02    0.97525E+02    0.71083E+02
 7    0.34211E+00    0.15060E+00    0.50000E+00    0.68371E+00    0.17682E+02    0.10472E+02    0.97022E+02    0.57460E+02    0.17910E+01    0.17027E+01    0.65127E-02    0.68108E-02    0.24780E+02    0.21494E+02    0.81788E+02    0.38092E+02
 8    0.31297E+00    0.13802E+00    0.60000E+00    0.81055E+00    0.21219E+02    0.12415E+02    0.11643E+03    0.68120E+02    0.14622E+01    0.14934E+01    0.53170E-02    0.59736E-02    0.22058E+02    0.20607E+02    0.60660E+02    0.29496E+02
 9    0.29029E+00    0.12821E+00    0.70000E+00    0.93590E+00    0.24755E+02    0.14335E+02    0.13583E+03    0.78655E+02    0.12656E+01    0.12745E+01    0.46023E-02    0.50980E-02    0.20793E+02    0.18459E+02    0.55631E+02    0.26286E+02
10    0.27199E+00    0.12028E+00    0.80000E+00    0.10600E+01    0.28292E+02    0.16236E+02    0.15524E+03    0.89084E+02    0.10619E+01    0.10677E+01    0.38613E-02    0.42707E-02    0.18989E+02    0.17488E+02    0.53151E+02    0.26863E+02
11    0.25680E+00    0.11368E+00    0.90000E+00    0.11830E+01    0.31828E+02    0.18120E+02    0.17464E+03    0.99424E+02    0.89522E+00    0.88371E+00    0.32553E-02    0.35349E-02    0.17396E+02    0.17192E+02    0.51102E+02    0.28403E+02
12    0.24394E+00    0.10809E+00    0.10000E+01    0.13051E+01    0.35365E+02    0.19990E+02    0.19404E+03    0.10969E+03    0.92739E+00    0.77928E+00    0.33723E-02    0.31171E-02    0.16579E+02    0.16426E+02    0.47722E+02    0.26045E+02
