#変形角	gamma	gamma2	変位計1	変位計2	変位計3	変位計4	変位計5	変位計6	変位計7	変位計8	変位計9	変位計10	変位計11	変位計12	変位計13	荷重14	荷重0
4.5360824742268e-05	0.000206185567010309	0.1	-0.01	0.01	0.03	0.02	0.02	0.02	0.01	0.02	0.04	0.06	0	-0.5	-3	7
0.00119175257731959	0.000618556701030928	2.94	0.05	0.01	0.02	0.05	0.01	0.06	0.02	-0.22	-0.54	0.18	3	1.5	60	64
0.00184742268041237	0.00123711340206186	4.64	0.16	0.02	0.03	0.1	0.01	0.08	0.04	-0.4	-0.88	0.5	4.5	1.5	95	89
0.00305979381443299	0.00247422680412371	7.68	0.26	0.01	0.02	0.14	0	0.09	0.06	-0.64	-1.32	100.58	7.5	1.5	173	144
0.00312577319587629	0.00247422680412371	7.85	0.27	0.02	0.03	0.16	-0.03	0.09	0.06	-0.7	-1.32	1.06	8	2	143	118
0.00312577319587629	0.0022680412371134	7.86	0.28	0.02	0.02	0.15	-0.03	0.09	0.07	-0.68	-1.32	1.04	7.5	2	143	117
0.00343917525773196	0.00247422680412371	8.61	0.27	-0.01	0	0.15	-0.03	0.09	0.07	-0.8	-1.48	1.48	8	2	203	156
0.00383092783505155	0.00288659793814433	9.56	0.27	-0.01	0.01	0.15	-0.03	0.08	0.07	-0.84	-1.64	1.84	9.5	2.5	235	177
0.00429278350515464	0.00329896907216495	10.78	0.37	-0.02	-0.01	0.18	-0.04	0.06	0.07	-0.9	-1.72	2.54	10.5	2.5	280	204
0.00447835051546392	0.00350515463917526	11.25	0.39	0.02	0.02	0.21	-0.01	0.08	0.08	-0.9	-1.68	2.76	10.5	2	243	194
0.00362061855670103	0.00268041237113402	9.17	0.39	0.03	0.02	0.11	-0.02	0.05	0.09	-0.7	-1.26	1.86	8	1.5	108	96
0.0027340206185567	0.00206185567010309	6.91	0.28	-0.01	0.01	0.04	-0.03	0.03	0.08	-0.44	-0.84	0.36	6	1	65	59
0.0020659793814433	0.00123711340206186	5.3	0.29	0	0.02	0.01	-0.02	0.03	0.08	-0.22	-0.46	-1.12	4	1	43	41
0.00121649484536082	0.00123711340206186	3.13	0.18	0	0.02	-0.02	-0.01	0.01	0.05	0.08	0.06	-3.28	3	0	8	18
0.000824742268041237	0.000206185567010309	2.18	0.18	0.02	0.02	-0.03	-0.01	0	0.04	0.2	0.24	-3.74	1.5	1	-18	-1
0.000742268041237113	0.000824742268041237	1.98	0.18	0.01	0.01	-0.04	0	0	0.06	0.24	0.26	-3.78	2	0	-10	8
0.000977319587628866	0.00103092783505155	2.55	0.18	0.01	0.03	-0.03	-0.02	0.01	0.05	0.14	0.06	-3.28	3.5	1	23	33
0.00171134020618557	0.00123711340206186	4.44	0.29	0.01	0.03	0.02	-0.01	0.05	0.04	-0.04	-0.38	-1.18	4.5	1.5	50	60
0.00249896907216495	0.00206185567010309	6.34	0.28	0.01	0.02	0.06	-0.01	0.07	0.07	-0.34	-0.88	0.68	6.5	1.5	90	86
0.00329484536082474	0.00268041237113402	8.32	0.33	0.01	0.03	0.14	-0.02	0.07	0.08	-0.58	-1.26	1.68	8	1.5	150	125
0.00404948453608247	0.00309278350515464	10.2	0.38	0.01	0.03	0.17	-0.01	0.09	0.09	-0.74	-1.54	2.36	9	1.5	230	174
0.00475463917525773	0.00371134020618557	11.92	0.39	-0.09	0.03	0.2	-0.02	0.05	0.08	-0.88	-1.76	3	11	2	323	230
0.00526185567010309	0.00474226804123711	13.25	0.49	-0.09	0.03	0.22	-0.03	0.04	0.08	-0.92	-1.82	3.5	13.5	2	375	264
0.00580618556701031	0.00494845360824742	14.66	0.58	-0.1	0.01	0.25	-0.06	0.02	0.09	-0.92	-1.86	3.94	14.5	2.5	440	304
0.0064	0.00556701030927835	16.2	0.68	-0.11	0	0.28	-0.08	0	0.09	-0.9	-1.84	4.42	16	2.5	508	344
0.0066680412371134	0.00577319587628866	16.85	0.68	-0.11	0.01	0.28	-0.08	0	0.09	-0.9	-1.78	4.48	16.5	2.5	530	360
0.00697731958762887	0.00639175257731959	17.71	0.79	-0.1	0.04	0.3	-0.11	-0.01	0.08	-0.88	-1.76	4.66	18	2.5	573	384
0.00729072164948454	0.00639175257731959	18.58	0.9	-0.19	0.03	0.31	-0.14	-0.01	0.08	-0.86	-1.72	4.82	18	2.5	605	407
0.00750927835051546	0.00639175257731959	19.22	1.01	-0.2	0.05	0.29	-0.15	-0.03	0.08	-0.76	-1.6	4.96	18	2.5	553	387
0.00719175257731959	0.0065979381443299	18.44	1	-0.2	0.05	0.22	-0.11	-0.04	0.1	-0.74	-1.46	4.96	17.5	1.5	423	303
0.00676288659793814	0.00597938144329897	17.4	1	-0.21	0.04	0.17	-0.11	-0.05	0.12	-0.68	-1.36	4.72	16.5	2	320	237
0.00642474226804124	0.00556701030927835	16.56	0.98	-0.19	0.04	0.14	-0.09	-0.05	0.12	-0.64	-1.26	4.48	15.5	2	258	196
0.00599587628865979	0.00515463917525773	15.43	0.89	-0.21	0.04	0.09	-0.12	-0.06	0.13	-0.58	-1.12	3.98	14.5	2	188	150
0.0051340206185567	0.0043298969072165	13.35	0.9	-0.2	0.04	0.03	-0.08	-0.03	0.13	-0.42	-0.84	3.22	12	1.5	110	94
0.0041979381443299	0.00309278350515464	10.97	0.79	-0.21	0.05	-0.01	-0.07	-0.03	0.12	-0.18	-0.48	1.74	9	1.5	70	65
0.0035340206185567	0.00268041237113402	9.36	0.79	-0.2	0.05	-0.02	-0.07	-0.01	0.09	0.04	-0.18	0.4	8	1.5	50	49
0.00275051546391753	0.0022680412371134	7.37	0.7	-0.2	0.04	-0.04	-0.07	0	0.06	0.28	0.24	-1.28	6.5	1	33	34
0.00189278350515464	0.00164948453608247	5.29	0.7	-0.2	0.03	-0.04	-0.05	0.01	0.01	0.52	0.62	-3.02	5	1	13	18
0.0014680412371134	0.00164948453608247	4.15	0.59	-0.21	0.02	-0.04	-0.05	0.01	0	0.62	0.74	-3.5	4.5	0.5	-8	4
0.00135257731958763	0.00144329896907216	3.87	0.59	-0.21	0.02	-0.05	-0.05	0.01	0	0.58	0.76	-3.62	4	0.5	-18	-4
0.00115876288659794	0.00123711340206186	3.4	0.59	-0.2	0.02	-0.06	-0.05	0.01	-0.01	0.58	0.74	-3.86	3.5	0.5	-10	8
0.00127010309278351	0.00123711340206186	3.68	0.6	-0.2	0.02	-0.06	-0.05	0.02	-0.01	0.6	0.76	-3.8	4.5	1.5	18	23
0.00197938144329897	0.00185567010309278	5.39	0.59	-0.21	0.01	-0.01	-0.06	0.03	-0.01	0.4	0.36	-2.04	6	1.5	40	48
0.00271340206185567	0.0022680412371134	7.27	0.69	-0.21	0.01	0.05	-0.06	0.04	0.02	0.16	-0.12	-0.1	7.5	2	70	73
0.00354226804123711	0.00288659793814433	9.27	0.68	-0.21	-0.01	0.09	-0.06	0.04	0.05	-0.1	-0.54	1.6	9	2	95	93
0.00424329896907216	0.00329896907216495	11.07	0.78	-0.21	0	0.13	-0.06	0.03	0.08	-0.28	-0.88	2.68	10.5	2.5	143	124
0.00486185567010309	0.00412371134020619	12.58	0.79	-0.2	0.01	0.13	-0.07	0.02	0.09	-0.36	-1.06	3.12	12.5	2.5	195	155
0.00559175257731959	0.00515463917525773	14.46	0.9	-0.2	0.02	0.17	-0.05	0	0.1	-0.44	-1.28	3.68	14.5	2	283	208
0.00623505154639175	0.00577319587628866	16.03	0.91	-0.29	0.02	0.21	-0.07	-0.01	0.1	-0.5	-1.4	4.12	16	2	378	263
0.00688659793814433	0.00618556701030928	17.61	0.91	-0.28	0.03	0.25	-0.1	-0.03	0.08	-0.56	-1.46	4.46	17.5	2.5	480	325
0.00711340206185567	0.00618556701030928	18.26	1.01	-0.28	0.03	0.26	-0.12	-0.03	0.1	-0.54	-1.48	4.54	18	3	538	357
0.00750927835051546	0.0065979381443299	19.22	1.01	-0.3	0.03	0.29	-0.16	-0.04	0.11	-0.54	-1.52	4.68	19	3	613	403
0.0079340206185567	0.00680412371134021	20.35	1.11	-0.3	0.02	0.32	-0.21	-0.05	0.1	-0.54	-1.54	4.98	19.5	3	680	446
0.00875463917525773	0.00742268041237113	22.44	1.21	-0.61	0.02	0.36	-0.26	-0.06	0.1	-0.34	-1.38	5.32	21.5	3.5	760	498
0.00927422680412371	0.00824742268041237	23.73	1.24	-0.81	0.02	0.39	-0.27	-0.07	0.12	-0.14	-1.2	5.56	22.5	2.5	808	526
0.00972783505154639	0.00865979381443299	24.91	1.32	-0.82	0.03	0.42	-0.26	-0.07	0.12	0	-1.06	5.64	24	3	850	552
0.0101896907216495	0.00907216494845361	26.13	1.42	-0.9	0.03	0.44	-0.26	-0.09	0.14	0.16	-0.84	5.76	25	3	890	576
0.0107010309278351	0.00927835051546392	27.37	1.42	-0.92	0.03	0.47	-0.27	-0.09	0.15	0.36	-0.62	5.92	25.5	3	933	603
0.0108	0.00907216494845361	27.66	1.47	-0.91	0.04	0.46	-0.27	-0.09	0.16	0.4	-0.56	5.86	26.5	4.5	908	600
0.010779381443299	0.00948453608247423	27.65	1.51	-0.91	0.04	0.38	-0.28	-0.12	0.15	0.5	-0.44	5.66	27	4	833	552
0.0102309278350515	0.0088659793814433	26.33	1.52	-0.92	0.05	0.24	-0.24	-0.13	0.16	0.5	-0.38	5.74	24.5	3	608	413
0.0098680412371134	0.00845360824742268	25.45	1.52	-0.92	0.04	0.19	-0.22	-0.15	0.16	0.48	-0.34	5.52	24	3.5	498	346
0.0091340206185567	0.00824742268041237	23.67	1.52	-0.92	0.04	0.11	-0.14	-0.14	0.17	0.5	-0.2	5.28	22.5	2.5	338	245
0.00878350515463918	0.00762886597938144	22.82	1.52	-0.91	0.06	0.07	-0.12	-0.14	0.18	0.5	-0.12	5.06	21	2.5	275	206
0.00808247422680413	0.00721649484536083	21.02	1.42	-0.9	0.05	0.01	-0.09	-0.14	0.2	0.54	0.06	4.6	19.5	2	185	147
0.00734020618556701	0.00639175257731959	19.22	1.42	-0.91	0.04	-0.02	-0.09	-0.13	0.19	0.66	0.24	3.98	18	2.5	123	105
0.00652371134020619	0.00536082474226804	17.13	1.31	-0.92	0.03	-0.04	-0.08	-0.1	0.21	0.78	0.48	3.1	15.5	2.5	78	74
0.00576907216494845	0.00494845360824742	15.31	1.32	-0.92	0.04	-0.05	-0.07	-0.09	0.18	1	0.78	1.58	13.5	1.5	58	59
0.00496494845360825	0.0043298969072165	13.25	1.21	-0.89	0.04	-0.08	-0.08	-0.09	0.14	1.26	1.12	-0.02	12	1.5	38	43
0.0041360824742268	0.00329896907216495	11.16	1.13	-0.81	0.02	-0.1	-0.08	-0.07	0.1	1.46	1.44	-1.66	10	2	25	31
0.00332783505154639	0.00309278350515464	9.17	1.1	-0.81	0.01	-0.11	-0.08	-0.06	0.07	1.68	1.84	-3.14	9	1.5	3	18
0.00289896907216495	0.00268041237113402	8.04	1.01	-0.81	0.02	-0.12	-0.09	-0.05	0.04	1.62	1.72	-3.38	8.5	2	-18	1
0.00282061855670103	0.00268041237113402	7.84	1	-0.82	0.01	-0.12	-0.07	-0.03	0.06	1.64	1.72	-3.26	8	1.5	-5	8
0.0028659793814433	0.00288659793814433	7.94	0.99	-0.82	0.01	-0.12	-0.07	-0.03	0.05	1.64	1.72	-3.36	8.5	1.5	18	25
0.00351340206185567	0.00309278350515464	9.65	1.13	-0.81	0.01	-0.06	-0.08	-0.01	0.06	1.44	1.38	-1.7	10	2.5	43	54
0.00437525773195876	0.00391752577319588	11.72	1.11	-0.81	0.03	0.02	-0.08	-0.01	0.09	1.2	0.88	0.26	11.5	2	68	75
0.00511340206185567	0.0045360824742268	13.62	1.22	-0.81	0.02	0.05	-0.08	-0.01	0.12	0.92	0.46	1.92	13.5	2.5	93	96
0.00589278350515464	0.00536082474226804	15.51	1.22	-0.81	0.01	0.09	-0.09	-0.04	0.14	0.72	0.18	3.08	15.5	2.5	133	122
0.00665979381443299	0.00577319587628866	17.41	1.26	-0.81	0.02	0.13	-0.09	-0.02	0.16	0.62	-0.06	3.68	17	3	195	160
0.00738556701030928	0.0065979381443299	19.23	1.32	-0.81	0.02	0.17	-0.1	-0.06	0.17	0.54	-0.22	4.22	19.5	3.5	273	206
0.00807835051546392	0.00701030927835052	20.91	1.32	-0.81	0.01	0.2	-0.12	-0.07	0.17	0.46	-0.34	4.7	20.5	3.5	365	261
0.00875051546391752	0.00762886597938144	22.64	1.42	-0.81	0.01	0.26	-0.16	-0.08	0.17	0.48	-0.42	5.2	21.5	3	478	323
0.00936907216494845	0.00845360824742268	24.14	1.42	-0.91	0.02	0.28	-0.21	-0.1	0.17	0.46	-0.46	5.34	23.5	3	590	390
0.00991752577319588	0.00865979381443299	25.57	1.52	-0.91	0.02	0.33	-0.25	-0.13	0.16	0.46	-0.46	5.38	25	4	708	460
0.0104659793814433	0.00907216494845361	26.89	1.51	-0.92	0	0.36	-0.3	-0.14	0.16	0.5	-0.46	5.5	26.5	4.5	818	527
0.010940206185567	0.00948453608247423	28.13	1.6	-0.93	0	0.42	-0.3	-0.13	0.17	0.58	-0.44	5.6	27.5	4.5	915	587
0.0111628865979381	0.00969072164948454	28.68	1.61	-0.95	0.01	0.41	-0.29	-0.14	0.17	0.62	-0.36	5.64	28	4.5	948	606
0.0114762886597938	0.00989690721649484	29.45	1.62	-0.93	0.01	0.44	-0.29	-0.14	0.18	0.74	-0.22	5.68	28.5	4.5	988	632
0.0118268041237113	0.0101030927835052	30.3	1.62	-1.02	0.01	0.46	-0.29	-0.14	0.2	0.9	-0.08	5.74	29.5	5	1020	655
0.0121360824742268	0.0105154639175258	31.16	1.73	-1.01	0.03	0.47	-0.31	-0.15	0.21	1.06	0.08	5.8	30	4.5	1050	674
0.0125278350515464	0.0109278350515464	32.11	1.73	-1.01	0.06	0.51	-0.28	-0.14	0.21	1.32	0.24	5.86	31	4.5	1070	686
0.012919587628866	0.0115463917525773	33.06	1.73	-1.01	0.05	0.53	-0.27	-0.14	0.21	1.56	0.42	5.92	32	4	1105	706
0.0135010309278351	0.0115463917525773	34.57	1.83	-1	0.13	0.57	-0.26	-0.14	0.21	1.84	0.68	5.96	33	5	1150	736
0.0140247422680412	0.0121649484536082	35.82	1.81	-1.03	0.1	0.62	-0.26	-0.15	0.21	2.06	0.94	6.06	34.5	5	1193	760
0.0144494845360825	0.0123711340206186	36.96	1.92	-1.04	0.1	0.64	-0.26	-0.13	0.21	2.28	1.16	6.28	35	5	1225	780
0.014960824742268	0.0129896907216495	38.19	1.91	-1.13	0.1	0.66	-0.25	-0.16	0.2	2.5	1.4	6.26	36.5	5	1263	803
0.0154226804123711	0.0134020618556701	39.42	2.02	-1.14	0.09	0.69	-0.25	-0.15	0.2	2.78	1.62	6.36	38	5.5	1298	822
0.0158969072164948	0.014020618556701	40.58	2.03	-1.14	0.09	0.71	-0.24	-0.16	0.18	3.08	1.84	6.36	39.5	5.5	1328	842
0.0160907216494845	0.0142268041237113	41.14	2.12	-1.13	0.12	0.73	-0.23	-0.15	0.18	3.2	1.92	6.3	40	5.5	1345	850
0.0162432989690722	0.0142268041237113	41.53	2.14	-1.12	0.12	0.73	-0.22	-0.15	0.18	3.32	2.02	6.34	40.5	6	1355	858
0.0164412371134021	0.014020618556701	42.01	2.14	-1.12	0.12	0.75	-0.21	-0.16	0.17	3.42	2.1	6.32	40	6	1365	863
0.0166268041237113	0.0144329896907217	42.46	2.14	-1.12	0.12	0.75	-0.21	-0.14	0.17	3.56	2.16	6.44	41	6	1330	871
0.0167505154639175	0.0148453608247423	42.89	2.27	-1.11	0.12	0.76	-0.19	-0.15	0.18	4.08	2.18	6.46	41.5	5.5	1313	831
0.0169360824742268	0.0150515463917526	43.34	2.27	-1.09	0.12	0.77	-0.2	-0.14	0.18	4.26	2.22	6.5	42	5.5	1333	844
0.0171340206185567	0.0150515463917526	43.81	2.26	-1.12	0.11	0.79	-0.19	-0.15	0.18	4.38	2.24	6.6	42	5.5	1355	856
0.0172824742268041	0.0148453608247423	44.19	2.28	-1.13	0.12	0.8	-0.2	-0.14	0.19	4.54	2.3	6.62	42	6	1370	866
0.0174432989690722	0.0152577319587629	44.58	2.28	-1.12	0.12	0.81	-0.2	-0.15	0.18	4.66	2.34	6.58	43	6	1383	875
0.0176371134020619	0.0154639175257732	45.05	2.28	-1.12	0.12	0.82	-0.19	-0.15	0.18	4.8	2.42	6.62	43.5	6	1395	884
0.0177896907216495	0.0158762886597938	45.42	2.28	-1.12	0.12	0.83	-0.19	-0.15	0.18	4.9	2.46	6.64	44	5.5	1408	891
0.0186639175257732	0.0162886597938144	47.63	2.37	-1.12	0.11	0.91	-0.17	-0.14	0.17	5.64	2.8	6.76	46	6.5	1450	917
0.0195175257731959	0.0171134020618557	49.82	2.49	-1.23	0.11	0.94	-0.16	-0.15	0.16	6.46	3.18	6.88	48	6.5	1475	936
0.0198061855670103	0.0175257731958763	50.59	2.56	-1.23	0.14	0.98	-0.14	-0.15	0.17	6.78	3.3	6.84	49	6.5	1478	937
0.0200948453608247	0.0175257731958763	51.34	2.61	-1.22	0.15	1	-0.13	-0.14	0.17	7.08	3.4	6.82	49.5	7	1485	943
0.0203752577319588	0.0183505154639175	52.02	2.61	-1.22	0.12	1.02	-0.13	-0.14	0.16	7.38	3.52	6.86	51.5	7	1490	945
0.0207917525773196	0.0185567010309278	53.02	2.6	-1.23	0.1	1.03	-0.13	-0.15	0.15	7.78	3.66	6.9	51	6	1495	948
0.0210886597938144	0.0187628865979381	53.84	2.7	-1.23	0.1	1.05	-0.13	-0.15	0.17	8.16	3.78	7	51.5	6	1495	951
0.0213979381443299	0.0189690721649485	54.6	2.71	-1.23	0.13	1.08	-0.11	-0.14	0.18	8.52	3.88	6.98	52.5	6.5	1495	950
0.0217484536082474	0.0193814432989691	55.45	2.71	-1.22	0.15	1.11	-0.11	-0.15	0.17	8.96	3.98	6.84	53.5	6.5	1493	952
0.0219711340206186	0.0191752577319588	56.04	2.76	-1.23	0.14	1.12	-0.11	-0.14	0.19	9.3	4.04	6.82	53.5	7	1490	951
0.0223257731958763	0.0195876288659794	56.94	2.8	-1.22	0.11	1.13	-0.11	-0.14	0.19	9.78	4.1	6.82	54.5	7	1483	950
0.0225030927835052	0.02	57.38	2.81	-1.22	0.11	1.14	-0.11	-0.15	0.19	10.02	4.12	6.74	55.5	7	1480	947
0.0227092783505155	0.0197938144329897	57.85	2.78	-1.22	0.11	1.15	-0.11	-0.15	0.2	10.26	4.12	6.66	56	8	1473	948
0.0228659793814433	0.0197938144329897	58.24	2.79	-1.22	0.11	1.16	-0.11	-0.15	0.2	10.54	4.16	6.66	56	8	1473	945
0.0231628865979381	0.0204123711340206	59	2.83	-1.22	0.11	1.19	-0.11	-0.18	0.2	10.98	4.2	6.64	57	7.5	1473	945
0.0235505154639175	0.0202061855670103	59.95	2.84	-1.23	0.1	1.21	-0.12	-0.18	0.21	11.48	4.24	6.64	57	8	1473	946
0.0239752577319588	0.0210309278350515	61.01	2.87	-1.23	0.1	1.24	-0.11	-0.18	0.23	12.14	4.3	6.66	59.5	8.5	1473	946
0.0244618556701031	0.0216494845360825	62.26	2.94	-1.34	0.09	1.27	-0.11	-0.18	0.24	12.84	4.34	6.66	60.5	8	1473	948
0.0249773195876289	0.0218556701030928	63.51	2.94	-1.34	0.1	1.3	-0.11	-0.18	0.25	13.58	4.4	6.6	61.5	8.5	1478	952
0.0254721649484536	0.0222680412371134	64.77	3	-1.33	0.1	1.32	-0.1	-0.18	0.26	14.26	4.48	6.7	63	9	1480	955
0.0259381443298969	0.0224742268041237	66.01	3.11	-1.33	0.1	1.38	-0.09	-0.18	0.27	15.02	4.52	6.66	63	8.5	1478	956
0.0264494845360825	0.0228865979381443	67.26	3.12	-1.33	0.1	1.42	-0.09	-0.15	0.31	15.72	4.6	6.82	64.5	9	1480	958
0.0268453608247423	0.0237113402061856	68.22	3.12	-1.31	0.14	1.48	-0.08	-0.17	0.31	16.28	4.62	6.84	66	8.5	1473	957
0.0271587628865979	0.0239175257731959	69.09	3.23	-1.33	0.11	1.49	-0.08	-0.16	0.34	16.86	4.64	6.86	66.5	8.5	1468	952
0.0273649484536082	0.0239175257731959	69.58	3.22	-1.33	0.11	1.52	-0.08	-0.16	0.33	17.12	4.66	6.88	66.5	8.5	1468	951
0.0275134020618557	0.0241237113402062	69.96	3.24	-1.33	0.1	1.54	-0.08	-0.17	0.33	17.38	4.68	6.82	67.5	9	1463	951
0.027839175257732	0.0245360824742268	70.72	3.21	-1.34	0.1	1.58	-0.08	-0.17	0.34	17.86	4.68	6.82	68	8.5	1455	949
0.0284329896907217	0.0251546391752577	72.28	3.33	-1.32	0.11	1.62	-0.08	-0.17	0.36	18.82	4.7	6.84	70	9	1440	942
0.0290226804123711	0.0255670103092784	73.71	3.33	-1.33	0.1	1.68	-0.08	-0.18	0.39	19.82	4.72	6.86	71	9	1415	932
0.0294927835051546	0.0255670103092784	74.94	3.42	-1.36	0.09	1.74	-0.09	-0.18	0.42	20.64	4.74	6.74	72	10	1395	920
0.0300247422680412	0.025979381443299	76.21	3.4	-1.44	0.1	1.79	-0.08	-0.18	0.43	21.52	4.72	6.76	73	10	1378	915
0.0304865979381443	0.0265979381443299	77.37	3.44	-1.43	0.13	1.86	-0.08	-0.17	0.46	22.28	4.74	6.9	74	9.5	1363	906
0.0309855670103093	0.0272164948453608	78.65	3.51	-1.43	0.1	1.89	-0.09	-0.17	0.5	23.26	4.72	6.74	76	10	1330	891
0.0314927835051546	0.0276288659793814	79.89	3.52	-1.43	0.1	1.94	-0.09	-0.18	0.53	24.14	4.74	6.74	77.5	10.5	1308	878
0.0319257731958763	0.0278350515463918	81.06	3.64	-1.42	0.1	2	-0.08	-0.18	0.55	25	4.74	6.76	78	10.5	1285	868
0.0321731958762887	0.0276288659793814	81.63	3.61	-1.44	0.1	2	-0.1	-0.2	0.57	25.42	4.72	6.7	78.5	11.5	1260	857
0.0323835051546392	0.0280412371134021	82.15	3.62	-1.43	0.1	2.04	-0.1	-0.18	0.58	25.78	4.72	6.68	79	11	1253	850
0.0326639175257732	0.0282474226804124	82.81	3.6	-1.44	0.09	2.07	-0.1	-0.18	0.6	26.28	4.74	6.66	79.5	11	1238	843
0.0330515463917526	0.0288659793814433	83.88	3.73	-1.43	0.11	2.11	-0.11	-0.24	0.61	27.02	4.74	6.62	81.5	11.5	1223	835
0.0334969072164948	0.0288659793814433	84.96	3.73	-1.43	0.11	2.12	-0.11	-0.23	0.64	27.74	4.72	6.58	81.5	11.5	1203	827
0.0337690721649485	0.0292783505154639	85.62	3.73	-1.43	0.09	2.16	-0.11	-0.24	0.66	28.22	4.72	6.64	82.5	11.5	1190	819
0.0339711340206186	0.0292783505154639	86.11	3.73	-1.44	0.1	2.19	-0.11	-0.25	0.66	28.56	4.72	6.66	83	12	1178	815
0.034140206185567	0.0294845360824742	86.51	3.72	-1.43	0.1	2.21	-0.11	-0.24	0.67	28.92	4.72	6.68	83.5	12	1168	809
0.0345319587628866	0.0298969072164948	87.57	3.83	-1.53	0.1	2.25	-0.11	-0.23	0.7	29.6	4.72	6.62	84.5	12	1145	798
0.0350474226804124	0.0305154639175258	88.83	3.84	-1.53	0.11	2.31	-0.1	-0.23	0.75	30.54	4.7	6.58	86	12	1123	785
0.035760824742268	0.0309278350515464	90.58	3.86	-1.54	0.11	2.38	-0.11	-0.23	0.79	31.76	4.72	6.7	87.5	12.5	1088	770
0.0363257731958763	0.0317525773195876	92.04	3.95	-1.54	0.11	2.45	-0.1	-0.23	0.83	32.86	4.74	6.74	88.5	11.5	1055	753
0.0368453608247423	0.0319587628865979	93.32	3.97	-1.53	0.14	2.48	-0.11	-0.23	0.87	33.76	4.74	6.8	90	12.5	1033	741
0.0374226804123711	0.0321649484536082	94.68	3.93	-1.54	0.12	2.55	-0.1	-0.22	0.89	34.76	4.68	6.56	91	13	998	728
0.0379876288659794	0.0327835051546392	96.15	4.03	-1.54	0.09	2.6	-0.1	-0.23	0.93	35.76	4.72	6.56	92.5	13	973	715
0.0385484536082474	0.0334020618556701	97.52	4.04	-1.54	0.09	2.66	-0.08	-0.23	0.97	36.72	4.72	6.6	94	13	953	704
0.0390185567010309	0.0336082474226804	98.69	4.07	-1.54	0.13	2.7	-0.06	-0.22	1.01	37.58	4.74	6.72	95	13.5	935	695
0.0395752577319588	0.0342268041237113	100.07	4.1	-1.54	0.13	2.79	-0.06	-0.21	1.04	38.56	4.74	6.82	96	13	915	686
0.040140206185567	0.0344329896907217	101.51	4.17	-1.54	0.14	2.84	-0.04	-0.21	1.09	39.54	4.76	6.78	97.5	14	895	676
0.0407628865979381	0.0348453608247423	102.98	4.13	-1.54	0.1	2.89	-0.04	-0.21	1.1	40.46	4.72	6.52	98.5	14	878	673
0.0412865979381443	0.0354639175257732	104.26	4.14	-1.54	0.1	2.93	-0.04	-0.22	1.12	41.36	4.76	6.48	100.5	14.5	860	666
0.0418061855670103	0.0358762886597938	105.65	4.27	-1.53	0.1	2.97	-0.02	-0.2	1.15	42.36	4.76	6.54	101.5	14.5	848	658
0.0423711340206186	0.0367010309278351	107.03	4.28	-1.54	0.13	3.05	0	-0.2	1.2	43.26	4.78	6.7	102.5	13.5	833	651
0.0429855670103093	0.0367010309278351	108.51	4.27	-1.55	0.13	3.09	-0.01	-0.21	1.24	44.26	4.8	6.64	104	15	815	645
0.0432247422680412	0.0371134020618557	109.2	4.38	-1.54	0.1	3.14	0.03	-0.19	1.27	45.26	4.78	6.6	105.5	15.5	785	630
0.0432247422680412	0.0379381443298969	109.2	4.38	-1.53	0.11	3.2	0.04	-0.2	1.3	46.4	4.8	6.34	107	15	753	615
0.0432247422680412	0.0381443298969072	109.21	4.39	-1.54	0.09	3.23	0.04	-0.2	1.33	47.38	4.78	6.34	108	15.5	725	602
0.0431958762886598	0.0387628865979381	109.19	4.44	-1.54	0.09	3.27	0.06	-0.2	1.35	48.38	4.82	6.3	109.5	15.5	703	591
0.0431958762886598	0.0389690721649485	109.2	4.45	-1.54	0.09	3.33	0.07	-0.2	1.38	49	4.8	6.3	110.5	16	690	583
0.0432	0.0391752577319588	109.2	4.44	-1.53	0.08	3.35	0.08	-0.18	1.39	49.56	4.8	6.22	111	16	675	579
0.0431505154639175	0.0395876288659794	109.19	4.55	-1.54	0.09	3.39	0.09	-0.19	1.44	50.6	4.82	6.18	112.5	16.5	645	562
0.0431546391752577	0.04	109.19	4.54	-1.54	0.09	3.45	0.11	-0.19	1.47	51.62	4.84	6.14	113.5	16.5	620	550
0.0431340206185567	0.0404123711340206	109.2	4.6	-1.53	0.14	3.5	0.14	-0.17	1.5	52.62	4.88	6.3	114.5	16.5	598	538
0.0430927835051546	0.0408247422680412	109.2	4.7	-1.53	0.13	3.56	0.16	-0.18	1.52	53.74	4.9	6.12	116	17	565	518
0.0431010309278351	0.0412371134020619	109.21	4.69	-1.53	0.14	3.6	0.18	-0.15	1.57	54.78	4.94	5.98	117.5	17.5	530	498
0.0430969072164948	0.0416494845360825	109.2	4.69	-1.52	0.14	3.64	0.19	-0.15	1.59	55.5	4.96	6	118.5	17.5	505	499
0.0430474226804124	0.0420618556701031	109.2	4.81	-1.53	0.13	3.68	0.19	-0.18	1.62	56.26	4.98	6.06	119.5	17.5	500	485
0.0430474226804124	0.042680412371134	109.2	4.81	-1.53	0.14	3.72	0.2	-0.16	1.66	57.36	5	5.98	120.5	17	475	472
0.0430556701030928	0.0432989690721649	109.21	4.8	-1.54	0.14	3.78	0.22	-0.15	1.69	58.32	5.04	5.94	122	17	445	452
0.0430185567010309	0.0437113402061856	109.22	4.9	-1.54	0.1	3.81	0.21	-0.15	1.73	59.38	5.02	5.84	123.5	17.5	433	450
0.0430061855670103	0.0439175257731959	109.2	4.91	-1.54	0.13	3.88	0.22	-0.16	1.74	60.26	5.02	5.72	124.5	18	413	452
0.0430061855670103	0.0443298969072165	109.21	4.92	-1.54	0.14	3.95	0.22	-0.16	1.78	61.16	5.04	5.76	125.5	18	420	455
0.0429690721649484	0.0447422680412371	109.21	5.01	-1.53	0.14	4.02	0.22	-0.13	1.82	62.12	5.08	5.56	127	18.5	423	450
0.0429731958762887	0.0451546391752577	109.2	4.99	-1.54	0.11	4.04	0.22	-0.15	1.84	62.96	5.04	5.46	128	18.5	403	449
0.0429731958762887	0.0457731958762887	109.2	4.99	-1.53	0.14	4.11	0.24	-0.13	1.88	64.14	5.08	5.48	129.5	18.5	395	433
0.0429278350515464	0.0461855670103093	109.2	5.1	-1.53	0.11	4.16	0.24	-0.13	1.92	65.2	5.1	5.42	131.5	19.5	378	425
0.042940206185567	0.0468041237113402	109.21	5.08	-1.53	0.1	4.21	0.24	-0.13	1.95	66.26	5.1	5.28	132.5	19	365	419
0.0429278350515464	0.0472164948453608	109.19	5.09	-1.54	0.09	4.26	0.24	-0.13	1.99	67.44	5.14	5.34	134	19.5	355	422
0.0428865979381443	0.0476288659793814	109.2	5.2	-1.53	0.11	4.33	0.26	-0.13	2.02	68.42	5.16	5.32	135	19.5	338	413
0.0428824742268041	0.0482474226804124	109.2	5.21	-1.53	0.11	4.39	0.25	-0.13	2.06	69.42	5.16	5.28	136.5	19.5	333	418
0.0428577319587629	0.0484536082474227	109.2	5.27	-1.54	0.09	4.47	0.25	-0.13	2.09	70.52	5.16	5.22	138	20.5	335	408
0.0428618556701031	0.0490721649484536	109.21	5.27	-1.54	0.08	4.52	0.27	-0.14	2.12	71.6	5.18	5.2	139	20	318	408
0.0428041237113402	0.0501030927835052	109.19	5.39	-1.53	0.1	4.59	0.27	-0.13	2.19	73.18	5.22	5.14	142	20.5	300	399
0.0428	0.0507216494845361	109.2	5.41	-1.53	0.11	4.67	0.29	-0.11	2.23	74.38	5.22	5.18	143.5	20.5	290	398
0.0427917525773196	0.051340206185567	109.21	5.44	-1.53	0.11	4.74	0.32	-0.1	2.28	75.8	5.28	5.2	145	20.5	270	387
0.0427505154639175	0.0519587628865979	109.2	5.53	-1.53	0.11	4.79	0.31	-0.11	2.31	77.04	5.32	5.08	146.5	20.5	265	381
0.0427463917525773	0.0519587628865979	109.19	5.53	-1.51	0.14	4.87	0.32	-0.12	2.36	78.1	5.32	5.04	147.5	21.5	250	381
0.0427134020618557	0.0527835051546392	109.21	5.63	-1.54	0.11	4.89	0.32	-0.1	2.38	78.72	5.36	5.02	149.5	21.5	245	379
0.0427134020618557	0.0529896907216495	109.2	5.62	-1.53	0.11	4.95	0.32	-0.12	2.4	79.7	5.36	4.94	150	21.5	238	371
0.0426639175257732	0.0536082474226804	109.2	5.74	-1.53	0.11	5.04	0.32	-0.12	2.47	81.06	5.4	4.88	152	22	215	366
0.0426762886597938	0.0544329896907216	109.22	5.73	-1.52	0.11	5.11	0.34	-0.11	2.51	82.26	5.42	4.82	154	22	210	365
0.042639175257732	0.0548453608247423	109.18	5.78	-1.53	0.1	5.17	0.33	-0.11	2.54	83.54	5.46	4.7	155.5	22.5	198	356
0.0426268041237113	0.0550515463917526	109.21	5.84	-1.5	0.11	5.24	0.35	-0.11	2.59	84.9	5.5	4.64	156.5	23	183	355
0.0425855670103093	0.0560824742268041	109.21	5.94	-1.53	0.11	5.33	0.35	-0.11	2.64	86.46	5.54	4.58	158.5	22.5	173	350
0.0425814432989691	0.0562886597938144	109.21	5.95	-1.53	0.11	5.39	0.37	-0.1	2.68	87.58	5.6	4.54	159.5	23	165	343
0.0425360824742268	0.0571134020618557	109.21	6.06	-1.53	0.11	5.46	0.37	-0.11	2.74	88.84	5.66	4.46	161.5	23	153	343
0.042540206185567	0.0577319587628866	109.21	6.05	-1.51	0.11	5.53	0.37	-0.12	2.78	90.22	5.74	4.26	163	23	145	335
0.0425030927835052	0.0575257731958763	109.2	6.13	-1.54	0.11	5.58	0.38	-0.11	2.81	91.06	5.76	4.16	163	23.5	143	333
0.0424536082474227	0.0581443298969072	109.2	6.25	-1.51	0.13	5.55	0.35	-0.14	2.82	92.14	5.96	3.38	164	23	113	300
0.042420618556701	0.0581443298969072	109.21	6.34	-1.51	0.12	5.59	0.34	-0.14	2.85	93.16	5.96	3.34	165.5	24.5	110	316
0.0424123711340206	0.0587628865979381	109.18	6.33	-1.51	0.12	5.67	0.36	-0.14	2.88	94.4	6	3.24	167	24.5	110	315
0.0424164948453608	0.0593814432989691	109.2	6.34	-1.53	0.12	5.75	0.37	-0.14	2.93	95.62	6.08	3.08	168.5	24.5	105	312
0.0423628865979381	0.0602061855670103	109.2	6.47	-1.51	0.13	5.89	0.39	-0.12	2.99	97.24	6.22	2.7	170.5	24.5	90	313
0.0423587628865979	0.0604123711340206	109.2	6.48	-1.5	0.14	5.98	0.39	-0.11	3.03	97.24	6.38	2.3	171.5	25	83	308
0.0423628865979381	0.0610309278350515	109.2	6.47	-1.51	0.14	6.03	0.4	-0.12	3.08	97.24	6.4	2.16	173	25	73	308
0.0423505154639175	0.0610309278350515	109.21	6.51	-1.51	0.14	6.12	0.4	-0.11	3.14	97.22	6.42	1.86	173.5	25.5	65	307
0.0423216494845361	0.0614432989690722	109.2	6.57	-1.52	0.13	6.18	0.41	-0.11	3.17	97.22	6.46	1.52	174.5	25.5	60	302
0.0423216494845361	0.0624742268041237	109.2	6.57	-1.51	0.13	6.24	0.42	-0.11	3.21	97.24	6.46	1.1	177	25.5	50	303
0.0423092783505155	0.0622680412371134	109.21	6.61	-1.53	0.12	6.3	0.42	-0.11	3.26	97.22	6.46	0.88	177	26	43	300
0.042280412371134	0.0628865979381443	109.21	6.68	-1.51	0.13	6.38	0.44	-0.1	3.29	97.22	6.42	-0.52	179	26.5	33	298
0.0422845360824742	0.063298969072165	109.21	6.67	-1.51	0.13	6.45	0.44	-0.1	3.32	97.22	6.38	-0.82	180	26.5	30	298
0.0422432989690722	0.0635051546391753	109.22	6.78	-1.51	0.13	6.51	0.45	-0.1	3.38	97.22	6.38	-1.14	181	27	28	298
0.042239175257732	0.0641237113402062	109.2	6.77	-1.53	0.12	6.58	0.45	-0.1	3.42	97.26	6.36	-1.16	182.5	27	25	298
0.0422020618556701	0.0645360824742268	109.21	6.87	-1.51	0.12	6.67	0.46	-0.1	3.46	97.2	6.28	-1.22	184.5	28	23	300
0.0421979381443299	0.0645360824742268	109.21	6.88	-1.52	0.13	6.72	0.46	-0.1	3.47	97.22	6.28	-1.22	184.5	28	23	302
0.0421979381443299	0.0649484536082474	109.21	6.88	-1.51	0.13	6.81	0.46	-0.1	3.56	97.22	6.26	-1.18	185.5	28	18	302
0.0421484536082474	0.065360824742268	109.21	7	-1.51	0.12	6.86	0.47	-0.09	3.59	97.28	6.26	-1.16	186.5	28	15	303
0.0421567010309278	0.0657731958762887	109.21	6.98	-1.51	0.12	6.95	0.47	-0.09	3.62	97.22	6.18	-1.2	187.5	28	15	304
0.0420659793814433	0.0657731958762887	109.21	7.2	-1.51	0.12	6.94	0.46	-0.12	3.63	97.2	6.06	-1.16	187.5	28	10	286
0.0420577319587629	0.0651546391752577	109.2	7.21	-1.51	0.13	6.84	0.46	-0.12	3.64	97.22	5.86	-1.52	186.5	28.5	-20	247
0.0420989690721649	0.0651546391752577	109.2	7.11	-1.52	0.13	6.8	0.45	-0.12	3.61	97.22	5.58	-2.7	185.5	27.5	-15	242
0.0421072164948454	0.0647422680412371	109.21	7.1	-1.52	0.13	6.74	0.44	-0.12	3.58	97.22	5.5	-3.28	185	28	-30	228
0.0420989690721649	0.0647422680412371	109.19	7.1	-1.5	0.14	6.71	0.43	-0.13	3.56	97.22	5.5	-3.34	184	27	-30	223
0.0421072164948454	0.0645360824742268	109.2	7.09	-1.5	0.15	6.67	0.43	-0.13	3.54	97.24	5.48	-3.42	184	27.5	-33	219
0.0421072164948454	0.0641237113402062	109.2	7.09	-1.5	0.13	6.63	0.43	-0.14	3.51	97.24	5.48	-3.48	182.5	27	-30	218
0.0421484536082474	0.0635051546391753	109.2	6.99	-1.5	0.14	6.54	0.42	-0.13	3.46	97.22	5.44	-3.5	180.5	26.5	-28	213
0.0421525773195876	0.0630927835051546	109.21	6.99	-1.51	0.15	6.47	0.41	-0.14	3.43	97.22	5.44	-3.52	179.5	26.5	-25	208
0.0421484536082474	0.0628865979381443	109.2	6.99	-1.5	0.14	6.37	0.4	-0.15	3.37	97.24	5.44	-3.62	178.5	26	-25	204
0.0421649484536082	0.0624742268041237	109.21	6.96	-1.5	0.14	6.29	0.39	-0.15	3.33	97.2	5.42	-3.78	177.5	26	-23	199
0.0421567010309278	0.0618556701030928	109.2	6.97	-1.51	0.13	6.19	0.38	-0.15	3.29	97.22	5.42	-3.82	175.5	25.5	-20	193
0.0421979381443299	0.0612371134020619	109.2	6.87	-1.51	0.12	6.1	0.35	-0.17	3.24	97.22	5.4	-3.86	174	25.5	-20	188
0.0422061855670103	0.0608247422680412	109.21	6.86	-1.53	0.13	6.01	0.37	-0.16	3.2	97.22	5.4	-3.9	173	25.5	-20	183
0.0422020618556701	0.0602061855670103	109.2	6.86	-1.51	0.13	5.91	0.36	-0.16	3.16	97.22	5.38	-3.94	171	25	-20	180
0.0422020618556701	0.06	109.2	6.86	-1.51	0.08	5.81	0.35	-0.17	3.11	97.04	5.3	-1.7	170	24.5	-15	180
0.0422432989690722	0.0591752577319588	109.19	6.75	-1.54	0.06	5.7	0.33	-0.16	3.07	97.22	5.3	-1.72	168	24.5	-13	176
0.0422432989690722	0.0587628865979381	109.2	6.76	-1.51	0.09	5.59	0.33	-0.17	3.03	97.22	5.28	-1.72	166.5	24	-15	173
0.0422515463917526	0.0581443298969072	109.2	6.74	-1.52	0.07	5.49	0.32	-0.17	2.99	97.2	5.28	-1.66	165	24	-13	168
0.0422639175257732	0.057319587628866	109.19	6.7	-1.51	0.07	5.39	0.32	-0.18	2.94	97.2	5.22	-1.76	163	24	-13	165
0.042280412371134	0.0571134020618557	109.19	6.66	-1.51	0.07	5.3	0.3	-0.18	2.9	97.2	5.24	-1.66	161.5	23	-10	161
0.0422886597938144	0.0562886597938144	109.2	6.65	-1.51	0.07	5.18	0.29	-0.18	2.86	97.2	5.22	-1.66	159.5	23	-13	156
0.0423051546391753	0.0556701030927835	109.19	6.6	-1.49	0.06	5.07	0.28	-0.18	2.82	97.2	5.18	-1.64	157.5	22.5	-10	153
0.0423298969072165	0.0550515463917526	109.2	6.55	-1.41	0.07	4.97	0.27	-0.18	2.78	96.88	5.16	-1.64	156	22.5	-10	147
0.0423175257731959	0.0544329896907216	109.17	6.55	-1.41	0.07	4.88	0.26	-0.19	2.73	96.06	5.14	-1.66	154.5	22.5	-10	143
0.0423463917525773	0.0534020618556701	109.18	6.49	-1.42	0.07	4.79	0.26	-0.17	2.7	95.22	5.14	-1.56	152	22.5	-13	139
0.0423546391752577	0.0534020618556701	109.19	6.48	-1.42	0.07	4.7	0.25	-0.2	2.65	94.38	5.12	-1.58	150.5	21	-10	136
0.0423670103092783	0.0525773195876289	109.19	6.45	-1.4	0.08	4.6	0.24	-0.19	2.61	93.52	5.08	-1.62	148.5	21	-10	132
0.0424	0.0515463917525773	109.18	6.36	-1.41	0.06	4.51	0.22	-0.2	2.57	92.68	5.06	-1.62	146.5	21.5	-13	129
0.0424041237113402	0.051340206185567	109.2	6.37	-1.41	0.07	4.41	0.2	-0.19	2.53	91.84	5.04	-1.6	145	20.5	-10	122
0.0424041237113402	0.0507216494845361	109.19	6.36	-1.41	0.07	4.32	0.19	-0.19	2.48	90.88	5.02	-1.6	143.5	20.5	-15	118
0.0424494845360825	0.0498969072164948	109.19	6.25	-1.41	0.07	4.2	0.18	-0.18	2.45	89.68	4.96	-1.62	141	20	-15	115
0.0424453608247423	0.0492783505154639	109.19	6.26	-1.41	0.07	4.13	0.18	-0.18	2.41	88.54	4.94	-1.58	139.5	20	-15	112
0.0424865979381443	0.048659793814433	109.19	6.16	-1.42	0.07	4.04	0.17	-0.18	2.37	87.36	4.92	-1.6	138	20	-15	107
0.042498969072165	0.0480412371134021	109.19	6.13	-1.42	0.07	3.95	0.15	-0.2	2.33	86.22	4.86	-1.64	136	19.5	-13	103
0.0424907216494845	0.0472164948453608	109.18	6.14	-1.41	0.08	3.84	0.15	-0.19	2.28	84.96	4.82	-1.62	134	19.5	-15	98
0.0425360824742268	0.0463917525773196	109.18	6.03	-1.31	0.07	3.74	0.14	-0.21	2.24	83.8	4.76	-1.62	131.5	19	-18	93
0.042540206185567	0.0461855670103093	109.19	6.03	-1.3	0.08	3.67	0.1	-0.21	2.19	82.6	4.76	-1.64	130.5	18.5	-15	88
0.0425855670103093	0.0451546391752577	109.18	5.91	-1.32	0.07	3.57	0.09	-0.2	2.15	81.4	4.74	-1.66	128	18.5	-18	87
0.0425690721649485	0.0445360824742268	109.18	5.95	-1.31	0.07	3.45	0.1	-0.19	2.12	80.16	4.72	-1.66	126.5	18.5	-20	82
0.0425814432989691	0.0441237113402062	109.18	5.92	-1.31	0.07	3.36	0.08	-0.19	2.09	78.84	4.7	-1.72	124.5	17.5	-23	77
0.0426185567010309	0.0435051546391753	109.19	5.84	-1.31	0.06	3.26	0.07	-0.19	2.04	77.5	4.66	-1.88	123	17.5	-23	74
0.0426309278350515	0.0422680412371134	109.18	5.8	-1.32	0.07	3.15	0.05	-0.2	2	76.32	4.6	-1.88	120.5	18	-23	69
0.0426762886597938	0.0418556701030928	109.19	5.7	-1.33	0.04	3.05	0.03	-0.2	1.97	74.98	4.52	-1.92	118.5	17	-28	62
0.0426639175257732	0.0414432989690722	109.19	5.73	-1.31	0.11	2.92	0.04	-0.18	1.94	97.14	4.52	-2.06	117	16.5	-23	62
0.0426969072164948	0.0404123711340206	109.18	5.64	-1.32	0.08	2.81	0.02	-0.19	1.91	97.32	4.46	-1.96	114	16	-28	61
0.0426969072164948	0.04	109.18	5.64	-1.32	0.09	2.71	0.02	-0.19	1.86	97.32	4.44	-2.04	113	16	-28	56
0.0427422680412371	0.0393814432989691	109.19	5.54	-1.32	0.08	2.62	0.01	-0.19	1.84	97.3	4.38	-2.1	111	15.5	-28	53
0.0427422680412371	0.0383505154639175	109.19	5.54	-1.28	0.07	2.51	-0.01	-0.2	1.81	97.34	4.34	-2.1	108.5	15.5	-28	50
0.0427876288659794	0.0381443298969072	109.18	5.42	-1.22	0.07	2.41	-0.02	-0.2	1.78	97.34	4.3	-2.22	107.5	15	-25	48
0.0427917525773196	0.0371134020618557	109.17	5.4	-1.21	0.08	2.32	-0.04	-0.22	1.7	97.26	4.24	-2.24	105.5	15.5	-25	47
0.0428371134020619	0.0369072164948454	109.16	5.28	-1.22	0.07	2.22	-0.05	-0.22	1.66	97.26	4.22	-2.26	104.5	15	-18	46
0.0421525773195876	0.0358762886597938	107.49	5.27	-1.22	0.08	2.12	-0.07	-0.21	1.62	97.26	4.2	-2.26	101.5	14.5	-18	36
0.0412907216494845	0.0354639175257732	105.33	5.2	-1.21	0.09	2.01	-0.08	-0.22	1.58	97.32	4.2	-2.28	100	14	-18	23
0.0404082474226804	0.0344329896907217	103.06	5.07	-1.23	0.09	1.91	-0.1	-0.23	1.54	97.3	4.14	-2.28	98	14.5	-18	22
0.0395670103092784	0.0342268041237113	101	5.05	-1.22	0.08	1.8	-0.11	-0.23	1.5	97.26	4.08	-2.28	97	14	-18	15
0.0386680412371134	0.0331958762886598	98.77	5	-1.22	0.09	1.7	-0.13	-0.23	1.48	97.3	4.08	-2.24	93.5	13	-18	19
0.0378268041237113	0.0323711340206186	96.61	4.88	-1.22	0.07	1.65	-0.14	-0.23	1.45	97.3	4.04	-2.16	91.5	13	-18	16
0.0370268041237113	0.0317525773195876	94.56	4.77	-1.22	0.09	1.55	-0.15	-0.24	1.43	97.24	3.98	-2.18	90	13	-20	18
0.0363463917525773	0.031340206185567	92.9	4.76	-1.23	0.09	1.46	-0.16	-0.25	1.42	97.3	3.98	-2.24	88.5	12.5	-20	9
0.0360412371134021	0.0307216494845361	92.13	4.73	-1.22	0.09	1.45	-0.15	-0.24	1.42	97.32	3.94	-2.06	86.5	12	-20	3
0.0351917525773196	0.0305154639175258	90.03	4.69	-1.22	0.08	1.37	-0.16	-0.24	1.41	97.3	3.9	-2.08	85.5	11.5	-20	6
0.0347670103092784	0.0290721649484536	88.91	4.6	-1.21	0.08	1.32	-0.16	-0.24	1.4	97.32	3.84	-2.1	82.5	12	-20	9
0.0335876288659794	0.0290721649484536	85.9	4.45	-1.23	0.09	1.19	-0.2	-0.26	1.33	97.28	3.72	-2.24	82	11.5	-25	1
