4.5360824742268e-05	7	0.000206185567010309	-3
0.00119175257731959	64	0.000618556701030928	60
0.00184742268041237	89	0.00123711340206186	95
0.00305979381443299	144	0.00247422680412371	173
0.00343917525773196	156	0.00247422680412371	203
0.00383092783505155	177	0.00288659793814433	235
0.00429278350515464	204	0.00329896907216495	280
0.00475463917525773	230	0.00371134020618557	323
0.00526185567010309	264	0.00474226804123711	375
0.00580618556701031	304	0.00494845360824742	440
0.0064	344	0.00556701030927835	508
0.0066680412371134	360	0.00577319587628866	530
0.00697731958762887	384	0.00639175257731959	573
0.00729072164948454	407	0.00639175257731959	605
0.0079340206185567	446	0.00680412371134021	680
0.00875463917525773	498	0.00742268041237113	760
0.00927422680412371	526	0.00824742268041237	808
0.00972783505154639	552	0.00865979381443299	850
0.0101896907216495	576	0.00907216494845361	890
0.0107010309278351	603	0.00927835051546392	933
0.0111628865979381	606	0.00969072164948454	948
0.0114762886597938	632	0.00989690721649484	988
0.0118268041237113	655	0.0101030927835052	1020
0.0121360824742268	674	0.0105154639175258	1050
0.0125278350515464	686	0.0109278350515464	1070
0.012919587628866	706	0.0115463917525773	1105
0.0135010309278351	736	0.0115463917525773	1150
0.0140247422680412	760	0.0121649484536082	1193
0.0144494845360825	780	0.0123711340206186	1225
0.014960824742268	803	0.0129896907216495	1263
0.0154226804123711	822	0.0134020618556701	1298
0.0158969072164948	842	0.014020618556701	1328
0.0160907216494845	850	0.0142268041237113	1345
0.0162432989690722	858	0.0142268041237113	1355
0.0164412371134021	863	0.014020618556701	1365
0.0166268041237113	871	0.0144329896907217	1330
0.0174432989690722	875	0.0152577319587629	1383
0.0176371134020619	884	0.0154639175257732	1395
0.0177896907216495	891	0.0158762886597938	1408
0.0186639175257732	917	0.0162886597938144	1450
0.0195175257731959	936	0.0171134020618557	1475
0.0198061855670103	937	0.0175257731958763	1478
0.0200948453608247	943	0.0175257731958763	1485
0.0203752577319588	945	0.0183505154639175	1490
0.0207917525773196	948	0.0185567010309278	1495
0.0210886597938144	951	0.0187628865979381	1495
0.0217484536082474	952	0.0193814432989691	1493
0.0254721649484536	955	0.0222680412371134	1480
0.0259381443298969	956	0.0224742268041237	1478
0.0264494845360825	958	0.0228865979381443	1480
