-0.00114897289041619	7
-2.58113783886812e-06	64
0.000653088965253912	89
0.00186546009927453	144
0.0022448415425735	156
0.00263659411989309	177
0.00309844978999618	204
0.00356030546009927	230
0.00406752195494463	264
0.00461185185185185	304
0.00520566628484154	344
0.00547370752195494	360
0.00578298587247041	384
0.00609638793432608	407
0.00673968690339824	446
0.00756030546009927	498
0.00807989308896525	526
0.00853350133638793	552
0.00899535700649104	576
0.00950669721267664	603
0.00996855288277964	606
0.0102819549446353	632
0.0106324704085528	655
0.0109417487590683	674
0.0113335013363879	686
0.0117252539137075	706
0.0123066972126766	736
0.0128304085528827	760
0.013255150820924	780
0.0137664910271095	803
0.0142283466972126	822
0.0147025735013363	842
0.014896387934326	850
0.0150489652539137	858
0.0152469033982436	863
0.0154324704085528	871
0.0162489652539137	875
0.0164427796869034	884
0.016595357006491	891
0.0174695838106147	917
0.0183231920580374	936
0.0186118518518518	937
0.0189005116456662	943
0.0191809240168003	945
0.0195974188621611	948
0.0198943260786559	951
0.0205541198930889	952
0.0242778312332951	955
0.0247438106147384	956
0.025255150820924	958
