0.01 -30.4695
0.02 -32.8702
0.03 -33.8895
0.04 -34.1707
0.05 -33.5992
0.06 -33.0998
0.07 -33.5992
0.08 -34.821
0.09 -34.7602
0.10 -32.4
0.11 -27.4095
0.12 -20.3805
0.13 -12.15
0.14 -4.1805
0.15 1.9305
0.16 5.76
0.17 7.641
0.18 5.841
0.19 1.41075
0.20 -1.23975
0.21 -3.5595
0.22 -3.93975
0.23 -2.1195
0.24 2.3805
0.25 6.00075
0.26 9.51975
0.27 11.3895
0.28 9.441
0.29 4.671
0.30 0.02925
0.31 -5.1705
0.32 -9.54
0.33 -12.0195
0.34 -12.951
0.35 -12.2602
0.36 -8.57025
0.37 -2.81025
0.38 3.4605
0.39 8.12025
0.40 10.539
0.41 12.4492
0.42 14.0198
0.43 14.2897
0.44 12.2107
0.45 8.9595
0.46 5.5305
0.47 2.81925
0.48 1.71
0.49 2.49075
0.50 5.82975
0.51 9.549
0.52 10.4108
0.53 7.1595
0.54 1.899
0.55 -1.10925
0.56 -2.13975
0.57 -2.3895
0.58 -2.34
0.59 -2.5695
0.60 -2.5695
0.61 -1.0305
0.62 1.68975
0.63 5.4495
0.64 9.20925
0.65 12.969
0.66 16.9808
0.67 19.8697
0.68 21.429
0.69 23.3505
0.70 25.8007
0.71 29.0902
0.72 32.0108
0.73 33.561
0.74 30.9105
0.75 25.47
0.76 16.9808
0.77 8.84025
0.78 2.331
0.79 -2.45025
0.80 -7.71975
0.81 -9.981
0.82 -9.9
0.83 -6.579
0.84 -1.341
0.85 0.549
0.86 -3.3705
0.87 -10.3005
0.88 -17.0302
0.89 -20.241
0.90 -20.601
0.91 -14.4
0.92 -5.51025
0.93 2.94975
0.94 11.1195
0.95 17.4802
0.96 19.5008
0.97 18.081
0.98 10.719
0.99 5.64075
1.00 -0.8505
1.01 -6.90075
1.02 -11.151
1.03 -12.519
1.04 -13.7497
1.05 -14.5193
1.06 -14.5508
1.07 -14.841
1.08 -15.1695
1.09 -14.1907
1.10 -11.25
1.11 -7.191
1.12 -1.35
1.13 4.47975
1.14 9.5895
1.15 12.7103
1.16 13.7003
1.17 14.301
1.18 16.8705
1.19 23.751
1.20 32.571
1.21 41.3797
1.22 47.2208
1.23 48.879
1.24 43.9898
1.25 35.4308
1.26 24.12
1.27 9.729
1.28 -4.79925
1.29 -16.3305
1.30 -23.3595
1.31 -26.82
1.32 -27.8392
1.33 -24.5295
1.34 -18.711
1.35 -13.9792
1.36 -10.35
1.37 -6.669
1.38 -1.95975
1.39 2.2995
1.40 3.501
1.41 2.13975
1.42 -0.96075
1.43 -3.969
1.44 -6.03
1.45 -8.64
1.46 -10.4108
1.47 -10.449
1.48 -6.48
1.49 0.69975
1.50 8.03025
1.51 13.059
1.52 14.229
1.53 11.4795
1.54 6.9795
1.55 1.4805
1.56 -2.601
1.57 -3.339
1.58 0.56025
1.59 8.199
1.60 17.271
1.61 27.18
1.62 36.1305
1.63 46.0395
1.64 54.4005
1.65 60.651
1.66 63.4095
1.67 63.2002
1.68 60.6105
1.69 55.0305
1.70 45.9405
1.71 34.6005
1.72 22.23
1.73 10.7708
1.74 2.241
1.75 -0.15975
1.76 -0.1305
1.77 3.06
1.78 7.35075
1.79 12.5505
1.80 17.6108
1.81 20.52
1.82 19.44
1.83 12.951
1.84 4.779
1.85 -3.57975
1.86 -11.5493
1.87 -15.6195
1.88 -16.011
1.89 -15.5408
1.90 -13.6305
1.91 -13.329
1.92 -15.6803
1.93 -17.5905
1.94 -19.539
1.95 -19.9103
1.96 -16.9897
1.97 -9.92925
1.98 -3.069
1.99 2.8395
2.00 6.0795
2.01 4.311
2.02 -4.34925
2.03 -12.4695
2.04 -15.8895
2.05 -16.389
2.06 -13.7993
2.07 -7.2495
2.08 1.521
2.09 11.619
2.10 20.2005
2.11 23.5598
2.12 26.2598
2.13 27.8392
2.14 29.691
2.15 32.5102
2.16 34.9695
2.17 36.9203
2.18 36.6593
2.19 33.651
2.20 26.631
2.21 16.8008
2.22 6.68025
2.23 0.2205
2.24 -1.0395
2.25 3.93075
2.26 16.0493
2.27 27.459
2.28 36.5108
2.29 39.591
2.30 37.719
2.31 33.4507
2.32 24.291
2.33 13.05
2.34 1.0305
2.35 -10.7595
2.36 -17.6805
2.37 -20.3108
2.38 -22.3695
2.39 -24.0795
2.40 -30.1298
2.41 -36.171
2.42 -41.0603
2.43 -45.9405
2.44 -50.7892
2.45 -53.469
2.46 -54.1193
2.47 -52.0403
2.48 -48.7102
2.49 -45.5197
2.50 -43.371
2.51 -43.5105
2.52 -46.431
2.53 -51.9098
2.54 -60.8107
2.55 -68.4607
2.56 -73.1497
2.57 -72.6593
2.58 -63.27
2.59 -43.911
2.60 -24.12
2.61 -3.2895
2.62 18.81
2.63 35.73
2.64 44.2305
2.65 42.03
2.66 30.879
2.67 15.2707
2.68 -0.189
2.69 -13.5
2.70 -28.251
2.71 -38.88
2.72 -48.2692
2.73 -53.5905
2.74 -54.1305
2.75 -48.8002
2.76 -34.551
2.77 -14.5395
2.78 5.4405
2.79 20.2095
2.80 26.1608
2.81 16.641
2.82 -0.549
2.83 -21.8093
2.84 -42.5498
2.85 -61.101
2.86 -76.4505
2.87 -86.8297
2.88 -93.0195
2.89 -98.6895
2.90 -101.54
2.91 -101.009
2.92 -97.2293
2.93 -92.52
2.94 -88.6702
2.95 -86.679
2.96 -86.2695
2.97 -85.9298
2.98 -83.5897
2.99 -74.07
3.00 -60.1807
3.01 -43.8503
3.02 -26.9393
3.03 -9.81
3.04 10.0508
3.05 22.131
3.06 34.0695
3.07 38.079
3.08 34.4992
3.09 28.1407
3.10 18.3105
3.11 7.1595
3.12 -0.9405
3.13 -8.8605
3.14 -11.4008
3.15 -10.9192
3.16 -0.60075
3.17 15.0705
3.18 30.2108
3.19 47.2298
3.20 62.5005
3.21 76.7092
3.22 88.3508
3.23 94.1805
3.24 92.34
3.25 80.7998
3.26 57.609
3.27 34.4093
3.28 16.1708
3.29 -3.8295
3.30 -26.3407
3.31 -48.96
3.32 -60.0795
3.33 -71.9505
3.34 -79.5105
3.35 -84.6697
3.36 -85.2502
3.37 -80.0505
3.38 -67.8803
3.39 -53.4105
3.40 -37.3297
3.41 -23.2808
3.42 -9.63
3.43 7.62975
3.44 25.9403
3.45 44.361
3.46 56.4908
3.47 69.7207
3.48 80.0798
3.49 89.361
3.50 91.71
3.51 87.2595
3.52 69.57
3.53 51.8895
3.54 25.8795
3.55 -5.58
3.56 -32.121
3.57 -56.4097
3.58 -78.0795
3.59 -99.4995
3.60 -121.28
3.61 -133.15
3.62 -142.96
3.63 -146.14
3.64 -146.761
3.65 -146.16
3.66 -144.691
3.67 -143.239
3.68 -144.45
3.69 -145.66
3.70 -145.51
3.71 -143.91
3.72 -139
3.73 -133.371
3.74 -127.411
3.75 -123.599
3.76 -122.02
3.77 -125.059
3.78 -126.511
3.79 -122.661
3.80 -104.891
3.81 -78.561
3.82 -52.2203
3.83 -25.8908
3.84 3.411
3.85 43.74
3.86 74.8192
3.87 94.2705
3.88 116.181
3.89 138.44
3.90 158.94
3.91 171.76
3.92 176.8
3.93 157.999
3.94 132.37
3.95 106.74
3.96 81.1193
3.97 55.4895
3.98 29.8597
3.99 4.23
4.00 -21.3592
4.01 -42.0097
4.02 -53.6603
4.03 -58.7497
4.04 -56.7
4.05 -34.0493
4.06 -7.479
4.07 24.5003
4.08 63.7605
4.09 114.799
4.10 138.15
4.11 162.319
4.12 178.229
4.13 196.081
4.14 208.701
4.15 216.581
4.16 221.38
4.17 224.129
4.18 225
4.19 221.719
4.20 204.219
4.21 184.25
4.22 164.279
4.23 144.299
4.24 124.33
4.25 104.359
4.26 84.3907
4.27 64.4198
4.28 44.451
4.29 24.48
4.30 4.509
4.31 -7.8705
4.32 -15.3697
4.33 -33.03
4.34 -44.1202
4.35 -48.2197
4.36 -51.5093
4.37 -55.3905
4.38 -60.7995
4.39 -65.9407
4.40 -73.71
4.41 -81.2205
4.42 -84.699
4.43 -85.9905
4.44 -80.6693
4.45 -69.651
4.46 -49.41
4.47 -27.2093
4.48 1.2105
4.49 31.7295
4.50 56.4705
4.51 92.439
4.52 116.721
4.53 131.121
4.54 142.7
4.55 141.3
4.56 134.32
4.57 115.891
4.58 95.3303
4.59 74.7698
4.60 54.2093
4.61 35.91
4.62 18.7695
4.63 2.85975
4.64 -8.9595
4.65 -21.1995
4.66 -30.519
4.67 -38.8597
4.68 -49.0297
4.69 -55.521
4.70 -62.64
4.71 -69.1808
4.72 -75.501
4.73 -79.74
4.74 -82.719
4.75 -84.321
4.76 -84.8992
4.77 -83.3602
4.78 -78.4395
4.79 -70.9695
4.80 -64.0192
4.81 -56.2297
4.82 -47.7405
4.83 -40.2593
4.84 -33.0907
4.85 -24.9795
4.86 -16.9695
4.87 -9.06075
4.88 -0.06075
4.89 8.52975
4.90 19.0192
4.91 31.401
4.92 47.4705
4.93 57.7395
4.94 63.2295
4.95 65.6797
4.96 64.8405
4.97 60.1807
4.98 54.5692
4.99 47.5605
5.00 40.2705
5.01 36.18
5.02 34.749
5.03 32.94
5.04 27.2003
5.05 19.791
5.06 10.9598
5.07 2.63025
5.08 -4.041
5.09 -12.4492
5.10 -20.439
5.11 -29.6797
5.12 -38.9408
5.13 -47.4008
5.14 -53.469
5.15 -56.781
5.16 -56.97
5.17 -54.4005
5.18 -49.671
5.19 -44.3903
5.20 -40.4797
5.21 -37.8
5.22 -36.1508
5.23 -34.5105
5.24 -31.599
5.25 -28.2308
5.26 -23.589
5.27 -18.7492
5.28 -12.9195
5.29 -7.0605
5.30 0.87975
5.31 8.7795
5.32 16.929
5.33 25.3305
5.34 32.2695
5.35 37.8293
5.36 40.7002
5.37 39.5595
5.38 32.8905
5.39 25.461
5.40 18.189
5.41 9.9495
5.42 0.74925
5.43 -11.061
5.44 -21.42
5.45 -26.4398
5.46 -30.96
5.47 -35.0303
5.48 -38.349
5.49 -41.6003
5.50 -43.3305
5.51 -44.3498
5.52 -45.981
5.53 -47.8103
5.54 -51.4305
5.55 -56.0093
5.56 -63.891
5.57 -72.531
5.58 -80.2395
5.59 -90.171
5.60 -100.019
5.61 -109.231
5.62 -113.22
5.63 -114.129
5.64 -114.149
5.65 -113.67
5.66 -113.499
5.67 -114.39
5.68 -114.19
5.69 -109.98
5.70 -98.379
5.71 -86.7398
5.72 -74.511
5.73 -61.569
5.74 -47.0992
5.75 -29.9992
5.76 -11.3692
5.77 8.4195
5.78 28.8607
5.79 43.3395
5.80 53.199
5.81 63.2295
5.82 72.261
5.83 78.0705
5.84 78.0705
5.85 74.2703
5.86 68.211
5.87 61.371
5.88 56.0003
5.89 53.4105
5.90 53.2192
5.91 53.7795
5.92 51.5902
5.93 44.2305
5.94 33.489
5.95 21.4808
5.96 8.21025
5.97 -5.2695
5.98 -15.9705
5.99 -23.2492
6.00 -36.1305
6.01 -46.2195
6.02 -54.9
6.03 -63.639
6.04 -73.17
6.05 -85.941
6.06 -94.3605
6.07 -100.46
6.08 -100.611
6.09 -96.489
6.10 -92.4997
6.11 -87.5992
6.12 -82.809
6.13 -78.6308
6.14 -74.52
6.15 -66.0803
6.16 -55.8495
6.17 -45.3195
6.18 -37.4895
6.19 -33.3
6.20 -31.9095
6.21 -32.7105
6.22 -35.5905
6.23 -39.2692
6.24 -43.4205
6.25 -46.449
6.26 -46.629
6.27 -41.751
6.28 -31.7498
6.29 -22.14
6.30 -12.141
6.31 -1.14975
6.32 10.5998
6.33 22.131
6.34 30.9398
6.35 38.7405
6.36 43.5307
6.37 46.9597
6.38 50.6498
6.39 54.5603
6.40 60.57
6.41 70.74
6.42 79.911
6.43 87.9705
6.44 93.96
6.45 95.1097
6.46 93.2602
6.47 88.8705
6.48 83.2793
6.49 76.9005
6.50 69.9705
6.51 63.549
6.52 56.8192
6.53 49.3492
6.54 41.751
6.55 35.2508
6.56 29.079
6.57 23.6092
6.58 19.251
6.59 17.4195
6.60 16.7805
6.61 18.549
6.62 19.8292
6.63 22.4707
6.64 25.02
6.65 27.4995
6.66 30.3008
6.67 33.2797
6.68 34.9605
6.69 37.2105
6.70 39.591
6.71 42.939
6.72 48.5595
6.73 53.7007
6.74 60.39
6.75 65.3603
6.76 67.329
6.77 67.7205
6.78 68.3505
6.79 70.0897
6.80 72.5602
6.81 73.35
6.82 70.83
6.83 64.8608
6.84 55.071
6.85 43.6095
6.86 35.3498
6.87 29.9498
6.88 25.4992
6.89 21.9195
6.90 18.999
6.91 17.01
6.92 14.8905
6.93 13.3808
6.94 12.51
6.95 13.599
6.96 14.931
6.97 18.7402
6.98 26.7795
6.99 32.8207
7.00 41.2492
7.01 48.969
7.02 55.161
7.03 59.9108
7.04 62.1698
7.05 62.8695
7.06 61.5892
7.07 58.239
7.08 53.5207
7.09 45.5108
7.10 36.441
7.11 28.6898
7.12 21.609
7.13 15.2393
7.14 9.60075
7.15 4.401
7.16 -0.45
7.17 -5.91075
7.18 -10.899
7.19 -15.5205
7.20 -19.8292
7.21 -23.4495
7.22 -27.4703
7.23 -32.0108
7.24 -37.3792
7.25 -43.1708
7.26 -51.1605
7.27 -58.7295
7.28 -65.25
7.29 -72.0202
7.30 -78.8197
7.31 -83.511
7.32 -85.509
7.33 -84.6607
7.34 -82.1003
7.35 -80.0798
7.36 -76.9297
7.37 -71.7007
7.38 -66.3997
7.39 -62.3205
7.40 -58.6598
7.41 -53.4803
7.42 -48.24
7.43 -42.7297
7.44 -34.3305
7.45 -21.5302
7.46 -7.47
7.47 8.3205
7.48 24.8108
7.49 35.811
7.50 44.0595
7.51 50.4607
7.52 53.73
7.53 55.971
7.54 56.169
7.55 56.07
7.56 55.5705
7.57 55.0103
7.58 53.6895
7.59 49.9703
7.60 44.0392
7.61 35.7705
7.62 25.5308
7.63 18.09
7.64 13.3605
7.65 9.3195
7.66 5.0895
7.67 2.151
7.68 0.15975
7.69 -1.971
7.70 -4.14
7.71 -5.64075
7.72 -7.641
7.73 -9.621
7.74 -12.4897
7.75 -15.0593
7.76 -18.549
7.77 -22.41
7.78 -26.3205
7.79 -29.5808
7.80 -32.0603
7.81 -32.6093
7.82 -32.1795
7.83 -32.49
7.84 -32.1007
7.85 -32.76
7.86 -33.5497
7.87 -34.569
7.88 -35.631
7.89 -36.711
7.90 -37.089
7.91 -37.2195
7.92 -36.9495
7.93 -37.5705
7.94 -38.1195
7.95 -39.4402
7.96 -40.851
7.97 -42.0097
7.98 -40.9905
7.99 -36.2903
8.00 -29.6505
8.01 -23.6295
8.02 -19.2398
8.03 -17.8492
8.04 -17.9707
8.05 -17.9797
8.06 -17.3992
8.07 -16.6792
8.08 -15.4102
8.09 -14.31
8.10 -13.5607
8.11 -14.1705
8.12 -16.2608
8.13 -20.871
8.14 -24.9503
8.15 -26.829
8.16 -27.2407
8.17 -25.641
8.18 -23.58
8.19 -20.6595
8.20 -17.4307
8.21 -14.8297
8.22 -12.3592
8.23 -9.38925
8.24 -5.481
8.25 -1.05975
8.26 2.49075
8.27 4.41
8.28 4.4505
8.29 2.79
8.30 0.5805
8.31 -2.22075
8.32 -6.32925
8.33 -11.0205
8.34 -16.8502
8.35 -21.96
8.36 -24.9705
8.37 -26.289
8.38 -26.4307
8.39 -26.3903
8.40 -27.189
8.41 -28.449
8.42 -29.9295
8.43 -31.5608
8.44 -33.0795
8.45 -33.2797
8.46 -32.1705
8.47 -30.7193
8.48 -28.611
8.49 -26.8402
8.50 -26.739
8.51 -28.8607
8.52 -33.5205
8.53 -38.6303
8.54 -42.939
8.55 -44.9798
8.56 -44.7908
8.57 -44.3092
8.58 -43.1708
8.59 -42.0795
8.60 -40.9995
8.61 -39.861
8.62 -36.5602
8.63 -32.0895
8.64 -23.3595
8.65 -14.8095
8.66 -5.15025
8.67 4.74975
8.68 15.2595
8.69 27.81
8.70 42.3607
8.71 50.1097
8.72 60.2707
8.73 66.3593
8.74 70.92
8.75 74.52
8.76 77.5102
8.77 78.6893
8.78 78.8693
8.79 77.751
8.80 75.159
8.81 72.171
8.82 68.6992
8.83 63.6593
8.84 56.2793
8.85 48.7395
8.86 38.2207
8.87 26.811
8.88 15.8805
8.89 5.8005
8.90 -4.1895
8.91 -13.2593
8.92 -17.6108
8.93 -22.1197
8.94 -23.0197
8.95 -21.6292
8.96 -17.7097
8.97 -12.1208
8.98 -5.1705
8.99 0.7605
9.00 4.97025
9.01 6.579
9.02 7.281
9.03 6.54975
9.04 6.41025
9.05 6.039
9.06 5.87025
9.07 6.9705
9.08 9.56025
9.09 12.9195
9.10 16.101
9.11 19.08
9.12 21.1702
9.13 25.92
9.14 29.2005
9.15 30.8902
9.16 30.951
9.17 29.061
9.18 25.3102
9.19 20.1803
9.20 14.04
9.21 5.19075
9.22 -3.2805
9.23 -10.5593
9.24 -17.7795
9.25 -24.2797
9.26 -27.5693
9.27 -29.1195
9.28 -30.2108
9.29 -30.2108
9.30 -28.6695
9.31 -26.8493
9.32 -25.74
9.33 -25.9695
9.34 -27.7695
9.35 -30.0892
9.36 -33.039
9.37 -35.829
9.38 -36.6795
9.39 -36.2903
9.40 -35.091
9.41 -33.6397
9.42 -32.589
9.43 -31.7295
9.44 -29.691
9.45 -27.3398
9.46 -25.2405
9.47 -23.2492
9.48 -20.88
9.49 -17.9392
9.50 -14.6498
9.51 -10.3905
9.52 -4.88025
9.53 1.4805
9.54 7.29
9.55 11.7
9.56 13.689
9.57 14.1593
9.58 14.301
9.59 14.5193
9.60 16.749
9.61 21.5708
9.62 28.0305
9.63 34.5892
9.64 41.4495
9.65 43.0605
9.66 42.021
9.67 38.3895
9.68 34.5307
9.69 29.3198
9.70 25.8705
9.71 25.3193
9.72 28.1295
9.73 33.0907
9.74 41.6408
9.75 48.42
9.76 55.539
9.77 59.499
9.78 60.831
9.79 60.0998
9.80 56.601
9.81 51.8603
9.82 47.5695
9.83 44.3295
9.84 42.4507
9.85 41.76
9.86 41.7398
9.87 41.5192
9.88 40.9905
9.89 40.131
9.90 38.0295
9.91 34.1707
9.92 28.9193
9.93 21.1297
9.94 12.33
9.95 4.05
9.96 -3.84075
9.97 -10.3995
9.98 -14.13
9.99 -15.021
10.00 -16.011
10.01 -14.9107
10.02 -14.0895
10.03 -14.0602
10.04 -18.369
10.05 -24.9008
10.06 -30.6495
10.07 -37.539
10.08 -43.2
10.09 -48.6698
10.10 -54.6705
10.11 -58.1895
10.12 -59.7893
10.13 -60.3405
10.14 -56.9903
10.15 -51.741
10.16 -43.4295
10.17 -34.0695
10.18 -24.75
10.19 -15.7995
10.20 -8.03925
10.21 -2.58975
10.22 0.0495
10.23 0.92925
10.24 1.10025
10.25 0.29025
10.26 -0.3105
10.27 -0.279
10.28 1.611
10.29 6.00975
10.30 14.139
10.31 23.0602
10.32 31.8397
10.33 37.3905
10.34 38.07
10.35 34.551
10.36 28.3905
10.37 18.801
10.38 8.91
10.39 1.14975
10.40 -8.07975
10.41 -14.8792
10.42 -19.7303
10.43 -23.7803
10.44 -26.3205
10.45 -27.63
10.46 -27.999
10.47 -27.5198
10.48 -26.001
10.49 -23.3798
10.50 -22.0005
10.51 -22.7205
10.52 -24.6105
10.53 -26.091
10.54 -27.4095
10.55 -28.251
10.56 -28.3208
10.57 -26.1292
10.58 -18.4995
10.59 -10.2307
10.60 -1.5705
10.61 6.05925
10.62 11.9407
10.63 15.129
10.64 15.759
10.65 14.49
10.66 13.14
10.67 14.6295
10.68 19.179
10.69 24.7297
10.70 30.1995
10.71 34.1595
10.72 37.4198
10.73 37.98
10.74 36.819
10.75 33.0502
10.76 26.4893
10.77 19.9305
10.78 12.9802
10.79 6.219
10.80 3.069
10.81 2.0205
10.82 2.58975
10.83 4.9905
10.84 9.56025
10.85 14.0693
10.86 19.3905
10.87 22.4707
10.88 24.399
10.89 24.5093
10.90 23.8792
10.91 22.7498
10.92 20.79
10.93 18.5895
10.94 17.7097
10.95 15.9907
10.96 15.2505
10.97 15.9998
10.98 17.1
10.99 17.5297
11.00 14.319
11.01 7.29
11.02 1.8405
11.03 -2.85075
11.04 -4.491
11.05 -8.469
11.06 -10.071
11.07 -13.329
11.08 -15.2505
11.09 -17.37
11.10 -18.369
11.11 -18.639
11.12 -17.5905
11.13 -15.651
11.14 -13.9207
11.15 -13.0207
11.16 -13.491
11.17 -15.0705
11.18 -17.8807
11.19 -21.0892
11.20 -24.4103
11.21 -25.6995
11.22 -25.5802
11.23 -24.7905
11.24 -23.6205
11.25 -23.5102
11.26 -25.8705
11.27 -30.4402
11.28 -36.63
11.29 -40.0703
11.30 -41.8297
11.31 -41.0805
11.32 -39.8498
11.33 -35.4308
11.34 -30.249
11.35 -23.8005
11.36 -20.1307
11.37 -19.5592
11.38 -23.5192
11.39 -30.771
11.40 -37.2308
11.41 -42.6195
11.42 -44.3993
11.43 -44.0707
11.44 -40.419
11.45 -34.0605
11.46 -28.7393
11.47 -23.8005
11.48 -22.2705
11.49 -23.571
11.50 -28.5592
11.51 -34.371
11.52 -41.5102
11.53 -46.4198
11.54 -47.8598
11.55 -48.1095
11.56 -47.34
11.57 -45.8302
11.58 -42.6307
11.59 -38.0295
11.60 -32.1908
11.61 -24.3405
11.62 -15.3607
11.63 -8.4195
11.64 -4.239
11.65 -0.78075
11.66 1.359
11.67 4.16925
11.68 7.62975
11.69 12.1995
11.70 16.749
11.71 21.159
11.72 25.8998
11.73 30.3008
11.74 33.759
11.75 37.3207
11.76 40.4797
11.77 43.281
11.78 45.6502
11.79 46.8203
11.80 45.6593
11.81 43.6207
11.82 42.0502
11.83 41.5305
11.84 40.8105
11.85 40.7407
11.86 41.7308
11.87 42.6195
11.88 44.3903
11.89 46.791
11.90 52.479
11.91 58.1895
11.92 63.8798
11.93 68.6407
11.94 72.0607
11.95 72.6098
11.96 63.0203
11.97 55.449
11.98 48.7598
11.99 41.9693
12.00 35.7592
12.01 32.2403
12.02 31.05
12.03 31.3897
12.04 32.211
12.05 33.4507
12.06 34.7692
12.07 35.199
12.08 35.5095
12.09 34.929
12.10 33.9502
12.11 32.67
12.12 31.779
12.13 31.869
12.14 32.85
12.15 34.1393
12.16 35.0595
12.17 35.37
12.18 34.101
12.19 31.3403
12.20 27.6997
12.21 24.21
12.22 22.0095
12.23 20.88
12.24 22.0995
12.25 25.5892
12.26 30.699
12.27 37.6897
12.28 45.7695
12.29 52.9402
12.30 55.71
12.31 54.1305
12.32 47.5493
12.33 38.43
12.34 28.5503
12.35 17.2598
12.36 6.14925
12.37 0.65025
12.38 -4.2795
12.39 -5.51025
12.40 -4.6395
12.41 -2.31075
12.42 2.09925
12.43 9.6795
12.44 19.7393
12.45 28.3297
12.46 37.179
12.47 42.7095
12.48 44.7795
12.49 43.6005
12.50 39.6405
12.51 33.93
12.52 26.4893
12.53 19.9103
12.54 13.041
12.55 7.04025
12.56 1.899
12.57 -1.41075
12.58 -1.41075
12.59 -1.41975
12.60 0.4095
12.61 1.50975
12.62 1.3905
12.63 -0.459
12.64 -6.1695
12.65 -10.3005
12.66 -14.409
12.67 -17.3092
12.68 -18.4703
12.69 -18.4095
12.70 -16.1393
12.71 -14.139
12.72 -11.1308
12.73 -8.25075
12.74 -0.009
12.75 5.06925
12.76 13.941
12.77 21.591
12.78 29.7293
12.79 33.741
12.80 32.4202
12.81 25.6792
12.82 13.6305
12.83 2.3805
12.84 -11.6707
12.85 -24.9503
12.86 -35.2597
12.87 -42.489
12.88 -45.2003
12.89 -44.829
12.90 -40.4595
12.91 -32.2897
12.92 -24.0008
12.93 -15.4102
12.94 -7.31025
12.95 -1.95975
12.96 -1.10025
12.97 -6.32925
12.98 -11.7293
12.99 -20.7608
13.00 -32.04
13.01 -39.6405
13.02 -43.38
13.03 -43.9492
13.04 -40.9207
13.05 -34.5802
13.06 -26.2598
13.07 -19.2195
13.08 -12.3705
13.09 -8.379
13.10 -7.35975
13.11 -11.241
13.12 -17.0798
13.13 -27.3398
13.14 -39.4898
13.15 -46.71
13.16 -50.8703
13.17 -52.749
13.18 -53.181
13.19 -52.2293
13.20 -48.7508
13.21 -43.5802
13.22 -36.8707
13.23 -28.6807
13.24 -20.439
13.25 -15.3292
13.26 -14.4202
13.27 -16.4407
13.28 -23.319
13.29 -32.679
13.30 -40.8307
13.31 -47.3805
13.32 -53.1
13.33 -56.43
13.34 -59.1705
13.35 -62.3902
13.36 -64.53
13.37 -65.1308
13.38 -64.881
13.39 -64.3208
13.40 -62.001
13.41 -58.41
13.42 -55.8698
13.43 -53.4397
13.44 -51.5498
13.45 -49.5292
13.46 -49.0297
13.47 -47.709
13.48 -45.9293
13.49 -43.6995
13.50 -40.5293
13.51 -35.8492
13.52 -31.05
13.53 -26.739
13.54 -22.3605
13.55 -18.4207
13.56 -14.571
13.57 -10.9192
13.58 -8.79075
13.59 -7.62975
13.60 -6.5205
13.61 -5.7195
13.62 -5.01975
13.63 -5.22
13.64 -6.05025
13.65 -7.26075
13.66 -6.0795
13.67 -2.61
13.68 4.07025
13.69 11.061
13.70 16.569
13.71 19.5098
13.72 19.071
13.73 16.1303
13.74 9.65925
13.75 1.6605
13.76 -4.43025
13.77 -7.89975
13.78 -8.811
13.79 -8.79975
13.80 -8.57025
13.81 -7.4205
13.82 -6.2595
13.83 -5.3595
13.84 -3.66075
13.85 -0.8595
13.86 2.22075
13.87 4.3605
13.88 3.84975
13.89 1.6605
13.90 -3.3795
13.91 -11.421
13.92 -19.8405
13.93 -28.5008
13.94 -30.141
13.95 -29.439
13.96 -25.0807
13.97 -18.729
13.98 -11.6505
13.99 -7.389
14.00 -6.3
14.01 -7.389
14.02 -8.631
14.03 -9.1305
14.04 -6.9795
14.05 -4.4505
14.06 0.51075
14.07 8.03925
14.08 16.4295
14.09 26.9303
14.10 36.0495
14.11 41.9108
14.12 44.7705
14.13 44.7097
14.14 43.4205
14.15 40.959
14.16 37.4603
14.17 34.389
14.18 32.9805
14.19 32.04
14.20 31.8195
14.21 32.589
14.22 34.9695
14.23 42.1493
14.24 48.78
14.25 56.3895
14.26 63.63
14.27 66.051
14.28 65.799
14.29 65.1105
14.30 65.2095
14.31 66.4492
14.32 67.059
14.33 66.6202
14.34 65.601
14.35 64.2195
14.36 62.451
14.37 61.3508
14.38 60.9008
14.39 60.0098
14.40 57.24
14.41 50.6902
14.42 40.7903
14.43 29.4503
14.44 16.3507
14.45 5.01975
14.46 -1.4895
14.47 -4.8195
14.48 -5.49
14.49 -2.00925
14.50 4.43025
14.51 9.96075
14.52 12.069
14.53 10.4693
14.54 6.50925
14.55 -0.20925
14.56 -10.0305
14.57 -19.2802
14.58 -26.0708
14.59 -28.44
14.60 -25.7602
14.61 -18.2205
14.62 -7.731
14.63 3.03075
14.64 12.6495
14.65 20.3805
14.66 27
14.67 31.0793
14.68 31.3897
14.69 29.34
14.70 26.4195
14.71 23.76
14.72 22.6305
14.73 23.49
14.74 26.55
14.75 30.7102
14.76 35.3295
14.77 41.3595
14.78 46.5907
14.79 48.51
14.80 47.2905
14.81 42.93
14.82 36.6097
14.83 29.601
14.84 23.8298
14.85 21.2692
14.86 20.7698
14.87 24.0998
14.88 29.5897
14.89 37.0598
14.90 45.279
14.91 51.579
14.92 57.2895
14.93 59.679
14.94 58.8802
14.95 55.6493
14.96 50.859
14.97 45.891
14.98 42.471
14.99 41.6003
15.00 42.489
15.01 41.76
15.02 36.6795
15.03 29.0092
15.04 21.3705
15.05 19.35
15.06 12.3098
15.07 5.15925
15.08 1.98
15.09 3.2895
15.10 7.569
15.11 11.349
15.12 18.999
15.13 29.0003
15.14 37.7302
15.15 43.191
15.16 45.9
15.17 44.5702
15.18 38.961
15.19 29.52
15.20 16.119
15.21 -1.359
15.22 -20.4907
15.23 -36.261
15.24 -44.46
15.25 -49.9005
15.26 -50.571
15.27 -48.9398
15.28 -44.0505
15.29 -38.9295
15.30 -32.4405
15.31 -23.7893
15.32 -14.6295
15.33 -5.91075
15.34 2.7405
15.35 7.209
15.36 5.661
15.37 2.3805
15.38 -1.05075
15.39 -4.2795
15.40 -5.96925
15.41 -6.81075
15.42 -6.03
15.43 -5.19075
15.44 -5.8905
15.45 -8.30925
15.46 -13.14
15.47 -23.4202
15.48 -35.2305
15.49 -45.6705
15.50 -55.4198
15.51 -61.5802
15.52 -62.4397
15.53 -57.7508
15.54 -51.5498
15.55 -45.9495
15.56 -41.9693
15.57 -39.33
15.58 -37.9193
15.59 -38.709
15.60 -40.5608
15.61 -42.111
15.62 -42.2595
15.63 -40.3807
15.64 -38.2995
15.65 -36.54
15.66 -33.579
15.67 -28.989
15.68 -26.5005
15.69 -27.4005
15.70 -30.7395
15.71 -36.9495
15.72 -45.261
15.73 -52.1595
15.74 -56.3895
15.75 -55.4602
15.76 -50.3302
15.77 -43.7602
15.78 -35.7097
15.79 -26.2102
15.80 -17.289
15.81 -10.53
15.82 -5.9805
15.83 -3.62025
15.84 -3.48075
15.85 -6.68025
15.86 -13.5495
15.87 -20.259
15.88 -26.739
15.89 -32.1997
15.90 -33.471
15.91 -31.671
15.92 -29.79
15.93 -31.2097
15.94 -34.47
15.95 -39.33
15.96 -44.829
15.97 -48.249
15.98 -48.7305
15.99 -47.16
16.00 -44.5297
16.01 -41.8095
16.02 -38.9993
16.03 -36.81
16.04 -35.2305
16.05 -32.7105
16.06 -27.9
16.07 -18.8392
16.08 -9.9405
16.09 4.68
16.10 14.4495
16.11 22.9297
16.12 25.5892
16.13 25.389
16.14 22.0995
16.15 17.451
16.16 13.581
16.17 12.4897
16.18 13.5607
16.19 15.0098
16.20 15.21
16.21 15.0998
16.22 13.851
16.23 9.099
16.24 -3.5505
16.25 -14.31
16.26 -25.011
16.27 -33.3203
16.28 -34.56
16.29 -31.5495
16.30 -25.911
16.31 -21.1297
16.32 -18.9608
16.33 -18.3308
16.34 -19.971
16.35 -23.1997
16.36 -29.9407
16.37 -39.0195
16.38 -44.9393
16.39 -49.5
16.40 -52.6995
16.41 -53.0707
16.42 -50.5192
16.43 -45.6908
16.44 -40.221
16.45 -31.221
16.46 -21.8093
16.47 -12.5595
16.48 -5.73075
16.49 -3.21975
16.50 -5.91075
16.51 -12.4402
16.52 -19.5008
16.53 -25.5105
16.54 -29.1307
16.55 -25.839
16.56 -17.6603
16.57 -0.09
16.58 26.271
16.59 37.71
16.60 42.5407
16.61 39.1995
16.62 29.8305
16.63 18.0698
16.64 5.571
16.65 -8.16975
16.66 -21.7395
16.67 -29.259
16.68 -27.351
16.69 -18.0698
16.70 -6.09975
16.71 7.011
16.72 19.071
16.73 26.0505
16.74 31.4303
16.75 36.261
16.76 38.7293
16.77 39.6698
16.78 38.4592
16.79 34.011
16.80 26.3498
16.81 16.7895
16.82 9.18
16.83 7.08975
16.84 13.509
16.85 23.0693
16.86 30.4897
16.87 30.5798
16.88 28.161
16.89 24.021
16.90 17.01
16.91 5.15025
16.92 -6.3495
16.93 -14.6408
16.94 -15.5408
16.95 -9.51975
16.96 -0.18
16.97 12.0195
16.98 21.8093
16.99 31.5405
17.00 40.4797
17.01 54.3307
17.02 66.6405
17.03 76.401
17.04 83.9093
17.05 85.761
17.06 84.9803
17.07 81.63
17.08 77.3505
17.09 74.259
17.10 73.6493
17.11 77.4608
17.12 83.5403
17.13 88.659
17.14 96.7702
17.15 98.7998
17.16 100.21
17.17 98.7908
17.18 94.6597
17.19 86.31
17.20 76.959
17.21 66.609
17.22 50.8207
17.23 35.8897
17.24 22.6103
17.25 11.6595
17.26 5.949
17.27 5.10975
17.28 7.2405
17.29 11.421
17.30 12.8993
17.31 11.4008
17.32 5.82975
17.33 -2.81925
17.34 -15.6308
17.35 -29.5493
17.36 -37.7505
17.37 -41.9108
17.38 -41.5305
17.39 -34.659
17.40 -22.221
17.41 -9.87075
17.42 11.43
17.43 31.131
17.44 36.8505
17.45 41.139
17.46 42.3203
17.47 40.2097
17.48 33.6195
17.49 23.931
17.50 14.9693
17.51 3.57075
17.52 -5.2695
17.53 -13.6103
17.54 -16.8997
17.55 -18.1103
17.56 -20.979
17.57 -24.651
17.58 -26.3407
17.59 -22.7993
17.60 -12.15
17.61 -5.9895
17.62 0.4905
17.63 -2.2095
17.64 -8.66025
17.65 -11.52
17.66 -13.8195
17.67 -13.7092
17.68 -10.3703
17.69 -3.8295
17.70 5.481
17.71 15.5498
17.72 22.239
17.73 23.85
17.74 22.9095
17.75 21.5392
17.76 21.33
17.77 25.0605
17.78 33.5408
17.79 43.3597
17.80 52.641
17.81 62.5792
17.82 66.33
17.83 69.2798
17.84 66.1095
17.85 56.52
17.86 47.4008
17.87 38.0205
17.88 28.251
17.89 19.6605
17.90 12.4808
17.91 8.181
17.92 5.64975
17.93 5.931
17.94 10.08
17.95 14.8297
17.96 20.871
17.97 27.3803
17.98 32.229
17.99 36.999
18.00 40.32
18.01 42.57
18.02 43.659
18.03 44.7503
18.04 46.719
18.05 50.58
18.06 55.1902
18.07 60.2707
18.08 66.7305
18.09 69.7702
18.10 70.389
18.11 63.7695
18.12 49.959
18.13 33.7208
18.14 15.7095
18.15 -5.3595
18.16 -23.58
18.17 -39.1793
18.18 -50.769
18.19 -55.9597
18.20 -58.311
18.21 -55.5705
18.22 -44.7795
18.23 -25.2203
18.24 -6.129
18.25 12.1995
18.26 26.6692
18.27 28.449
18.28 24.9503
18.29 16.7692
18.30 8.181
18.31 2.36925
18.32 -4.5
18.33 -11.52
18.34 -14.7195
18.35 -16.02
18.36 -16.9605
18.37 -16.8908
18.38 -16.911
18.39 -18.2295
18.40 -20.9408
18.41 -28.089
18.42 -33.9795
18.43 -38.7405
18.44 -44.28
18.45 -51.2505
18.46 -55.1408
18.47 -57.1702
18.48 -56.4592
18.49 -53.0303
18.50 -47.169
18.51 -41.58
18.52 -38.6707
18.53 -37.2105
18.54 -38.4907
18.55 -40.6395
18.56 -41.8792
18.57 -42.381
18.58 -43.56
18.59 -45.6705
18.60 -48.429
18.61 -49.6395
18.62 -48.789
18.63 -46.179
18.64 -42.039
18.65 -36.3308
18.66 -31.2097
18.67 -27.099
18.68 -24.21
18.69 -23.8095
18.70 -26.919
18.71 -34.0808
18.72 -42.84
18.73 -51.759
18.74 -57.42
18.75 -57.5798
18.76 -50.4292
18.77 -37.8608
18.78 -24.741
18.79 -14.4293
18.80 -6.3
18.81 -1.3995
18.82 6.039
18.83 13.8893
18.84 19.5592
18.85 21.6292
18.86 20.5605
18.87 18
18.88 13.9703
18.89 11.7698
18.90 11.8395
18.91 15.0998
18.92 22.041
18.93 32.13
18.94 42.4507
18.95 51.8805
18.96 61.3103
18.97 65.2208
18.98 63.3802
18.99 57.7103
19.00 50.1795
19.01 41.031
19.02 31.3605
19.03 22.9005
19.04 12.1005
19.05 2.58975
19.06 -3.6405
19.07 -5.51025
19.08 -4.8195
19.09 0.4005
19.10 9.24975
19.11 19.1295
19.12 24.8108
19.13 25.4408
19.14 23.1795
19.15 15.6892
19.16 10.3005
19.17 7.2
19.18 4.8195
19.19 3.9195
19.20 4.70025
19.21 6.291
19.22 10.539
19.23 16.3193
19.24 23.9198
19.25 31.869
19.26 36.7897
19.27 40.0995
19.28 40.851
19.29 39.141
19.30 30.6405
19.31 20.3693
19.32 8.39025
19.33 -4.11975
19.34 -16.5398
19.35 -26.1608
19.36 -31.1895
19.37 -36.0203
19.38 -39.6608
19.39 -44.199
19.40 -45.18
19.41 -44.2305
19.42 -44.2103
19.43 -47.4008
19.44 -51.8895
19.45 -54.3802
19.46 -55.269
19.47 -54.72
19.48 -53.199
19.49 -52.8593
19.50 -52.6298
19.51 -50.769
19.52 -48.78
19.53 -48.1297
19.54 -51.2707
19.55 -56.691
19.56 -60.9998
19.57 -63.0405
19.58 -64.3208
19.59 -65.9002
19.60 -67.3898
19.61 -68.679
19.62 -68.8207
19.63 -67.7497
19.64 -66.0803
19.65 -64.26
19.66 -61.4093
19.67 -58.95
19.68 -54.981
19.69 -51.1808
19.70 -46.701
19.71 -40.689
19.72 -33.1807
19.73 -27.6097
19.74 -26.1405
19.75 -26.379
19.76 -28.2893
19.77 -30.8902
19.78 -32.661
19.79 -30.78
19.80 -25.2405
19.81 -16.29
19.82 -1.82925
19.83 14.769
19.84 36
19.85 50.4495
19.86 63.72
19.87 72.261
19.88 74.88
19.89 73.0395
19.90 70.0605
19.91 67.7092
19.92 66.06
19.93 65.25
19.94 66.591
19.95 70.1393
19.96 74.8192
19.97 79.65
19.98 83.8508
19.99 83.1398
20.00 76.4393
20.01 66.501
20.02 54.2993
20.03 42.7792
20.04 31.2795
20.05 20.1195
20.06 12.6203
20.07 7.4205
20.08 5.8905
20.09 5.571
20.10 6.23025
20.11 7.659
20.12 10.521
20.13 15.669
20.14 20.79
20.15 26.1608
20.16 31.4392
20.17 36.279
20.18 41.3505
20.19 44.6197
20.20 45.4095
20.21 46.7303
20.22 47.529
20.23 48.159
20.24 48.9802
20.25 50.4698
20.26 50.4495
20.27 51.0097
20.28 50.3392
20.29 48.6495
20.30 45.6908
20.31 42.5205
20.32 38.1307
20.33 35.2597
20.34 33.8603
20.35 34.1707
20.36 35.3407
20.37 37.2892
20.38 39.42
20.39 41.859
20.40 44.0505
20.41 45.639
20.42 45.261
20.43 42.5903
20.44 38.2095
20.45 32.3798
20.46 25.3508
20.47 17.4105
20.48 10.251
20.49 1.23975
20.50 -6.939
20.51 -13.14
20.52 -16.929
20.53 -16.02
20.54 -15.7005
20.55 -15.039
20.56 -15.3202
20.57 -12.7192
20.58 -9.15975
20.59 -7.191
20.60 -6.54075
20.61 -6.3495
20.62 -6.36075
20.63 -6.4305
20.64 -6.021
20.65 -3.44925
20.66 1.1205
20.67 8.199
20.68 16.2608
20.69 24.0998
20.70 29.79
20.71 36.72
20.72 39.3502
20.73 41.9602
20.74 43.0493
20.75 42.5092
20.76 42.48
20.77 40.8307
20.78 38.5605
20.79 35.001
20.80 32.5395
20.81 30.33
20.82 30.429
20.83 30.609
20.84 31.5293
20.85 34.1707
20.86 34.1393
20.87 31.3605
20.88 25.8998
20.89 16.11
20.90 7.85925
20.91 2.45925
20.92 1.9395
20.93 1.35
20.94 -0.38925
20.95 -3.15
20.96 -5.931
20.97 -9.78975
20.98 -13.869
20.99 -18.7605
21.00 -23.1502
21.01 -25.281
21.02 -22.761
21.03 -15.7297
21.04 -8.091
21.05 1.62
21.06 14.6408
21.07 23.4608
21.08 32.9895
21.09 39.4808
21.10 46.7595
21.11 54.9293
21.12 60.5498
21.13 64.71
21.14 65.52
21.15 62.6895
21.16 55.431
21.17 46.6605
21.18 36.081
21.19 23.661
21.20 10.9102
21.21 3.519
21.22 -3.69
21.23 -5.04
21.24 -3.069
21.25 1.10925
21.26 6.5205
21.27 6.651
21.28 1.6605
21.29 -5.82075
21.30 -11.8395
21.31 -17.8605
21.32 -24.6397
21.33 -30.42
21.34 -35.1202
21.35 -35.3205
21.36 -34.8503
21.37 -34.1302
21.38 -33.8895
21.39 -33.651
21.40 -33.21
21.41 -31.149
21.42 -25.0695
21.43 -15.759
21.44 -7.17975
21.45 4.92975
21.46 13.1108
21.47 18.3195
21.48 21.3592
21.49 21.5505
21.50 20.1105
21.51 15.1493
21.52 7.29
21.53 3.411
21.54 1.2195
21.55 3.699
21.56 7.53075
21.57 4.5405
21.58 -3.7305
21.59 -19.98
21.60 -44.1495
21.61 -70.65
21.62 -86.391
21.63 -91.44
21.64 -84.681
21.65 -73.8405
21.66 -58.599
21.67 -44.7908
21.68 -35.46
21.69 -38.5403
21.70 -48.249
21.71 -62.6198
21.72 -74.4998
21.73 -81.369
21.74 -84.0195
21.75 -81.1597
21.76 -73.341
21.77 -62.7998
21.78 -52.7805
21.79 -44.6805
21.80 -40.5202
21.81 -42.1605
21.82 -49.2593
21.83 -56.3805
21.84 -61.101
21.85 -61.2698
21.86 -54.2295
21.87 -42.8805
21.88 -29.0993
21.89 -15.4192
21.90 -4.3695
21.91 6.7095
21.92 13.23
21.93 17.6895
21.94 20.6707
21.95 22.0792
21.96 21.7598
21.97 19.3005
21.98 15.3607
21.99 10.1002
22.00 6.77025
22.01 6.54075
22.02 10.341
22.03 15.5903
22.04 22.7903
22.05 30.1298
22.06 40.2908
22.07 48.429
22.08 54.3398
22.09 55.5998
22.10 54.6098
22.11 52.8502
22.12 51.3608
22.13 52.2203
22.14 55.4693
22.15 63.4905
22.16 69.1402
22.17 76.5607
22.18 80.091
22.19 88.3305
22.20 97.011
22.21 105.03
22.22 109.489
22.23 105.52
22.24 90.4905
22.25 75.4695
22.26 58.6103
22.27 41.031
22.28 27.7897
22.29 19.9597
22.30 15.0998
22.31 12.7395
22.32 13.59
22.33 17.001
22.34 18.0495
22.35 18.0607
22.36 17.7503
22.37 17.28
22.38 16.0493
22.39 12.5393
22.40 7.6095
22.41 2.1195
22.42 -0.189
22.43 1.0305
22.44 6.36975
22.45 14.571
22.46 25.0807
22.47 36.8595
22.48 43.6995
22.49 46.4108
22.50 39.96
22.51 27.261
22.52 14.0107
22.53 -4.47975
22.54 -19.9305
22.55 -33.3
22.56 -40.131
22.57 -43.4408
22.58 -43.74
22.59 -41.8208
22.60 -37.2195
22.61 -27.36
22.62 -11.7607
22.63 5.4
22.64 15.4305
22.65 6.5295
22.66 -13.2998
22.67 -26.5995
22.68 -32.5508
22.69 -35.361
22.70 -38.151
22.71 -39.771
22.72 -38.2905
22.73 -32.5598
22.74 -23.1097
22.75 -16.1708
22.76 -14.121
22.77 -12.5505
22.78 -10.3703
22.79 -5.60925
22.80 1.5795
22.81 9.87075
22.82 17.6603
22.83 25.569
22.84 30.969
22.85 31.2503
22.86 28.2398
22.87 25.5398
22.88 23.6205
22.89 19.8292
22.90 15.8197
22.91 9.42075
22.92 1.0305
22.93 -9.99
22.94 -20.619
22.95 -25.3193
22.96 -24.291
22.97 -21.249
22.98 -19.2802
22.99 -17.451
23.00 -16.9897
23.01 -17.4892
23.02 -17.28
23.03 -11.7293
23.04 -4.07925
23.05 5.42925
23.06 17.7795
23.07 28.7302
23.08 37.809
23.09 44.91
23.10 49.6508
23.11 53.559
23.12 56.4592
23.13 60.03
23.14 63.99
23.15 64.2892
23.16 59.6093
23.17 49.7295
23.18 40.5697
23.19 30.4402
23.20 20.5897
23.21 12.06
23.22 4.32
23.23 -2.2995
23.24 -9.009
23.25 -17.9797
23.26 -27.09
23.27 -33.381
23.28 -38.3895
23.29 -44.181
23.30 -49.2705
23.31 -53.1
23.32 -54.3398
23.33 -54.1508
23.34 -52.569
23.35 -48.6495
23.36 -45.4995
23.37 -43.659
23.38 -44.289
23.39 -47.4098
23.40 -49.2007
23.41 -49.0297
23.42 -46.4198
23.43 -41.499
23.44 -34.8503
23.45 -28.1407
23.46 -20.9902
23.47 -14.589
23.48 -6.54975
23.49 5.931
23.50 17.37
23.51 25.6005
23.52 33.39
23.53 39.24
23.54 45.2295
23.55 51.6893
23.56 57.7305
23.57 62.7907
23.58 64.5098
23.59 62.8605
23.60 57.2602
23.61 43.0605
23.62 30.789
23.63 20.97
23.64 15.3405
23.65 15.66
23.66 17.46
23.67 18.009
23.68 16.6298
23.69 9.51975
23.70 -0.9405
23.71 -10.6492
23.72 -21.42
23.73 -29.4795
23.74 -35.2102
23.75 -36.801
23.76 -34.4992
23.77 -30.8295
23.78 -20.97
23.79 -16.839
23.80 -20.2995
23.81 -24.0008
23.82 -26.9505
23.83 -30.0105
23.84 -33.48
23.85 -36.549
23.86 -37.9395
23.87 -37.2398
23.88 -35.181
23.89 -33.219
23.90 -28.7797
23.91 -22.41
23.92 -13.941
23.93 -6.669
23.94 0.02925
23.95 5.0895
23.96 8.16075
23.97 10.4805
23.98 11.511
23.99 13.041
24.00 14.949
24.01 15.4597
24.02 19.5998
24.03 23.409
24.04 27.0495
24.05 29.9093
24.06 34.1505
24.07 40.6508
24.08 49.0297
24.09 60.021
24.10 72.5895
24.11 78.489
24.12 73.8203
24.13 60.9907
24.14 46.269
24.15 30.339
24.16 13.0095
24.17 3.03975
24.18 -1.701
24.19 -3.501
24.20 -6.6195
24.21 -11.9002
24.22 -19.5008
24.23 -27.1395
24.24 -36.7897
24.25 -45.5805
24.26 -56.889
24.27 -66.6
24.28 -72.6998
24.29 -76.3402
24.30 -82.8698
24.31 -83.5808
24.32 -78.6308
24.33 -64.539
24.34 -46.8608
24.35 -17.2103
24.36 4.401
24.37 21.9195
24.38 35.37
24.39 36.6502
24.40 30.9195
24.41 21.8205
24.42 10.341
24.43 -3.969
24.44 -15.3202
24.45 -20.421
24.46 -22.3695
24.47 -22.7002
24.48 -20.4593
24.49 -14.3392
24.50 -5.121
24.51 5.28075
24.52 13.14
24.53 16.4407
24.54 15.669
24.55 10.5503
24.56 3.969
24.57 -2.2995
24.58 -9.4005
24.59 -16.3597
24.60 -21.69
24.61 -23.2605
24.62 -18.5805
24.63 -9.11025
24.64 -0.56925
24.65 2.979
24.66 3.1995
24.67 2.27925
24.68 -0.06975
24.69 -2.781
24.70 -4.9905
24.71 -4.74075
24.72 0.11025
24.73 9.87075
24.74 21.3098
24.75 34.8908
24.76 45.441
24.77 53.8605
24.78 59.8995
24.79 63.8505
24.80 62.3498
24.81 53.5703
24.82 39.519
24.83 24.201
24.84 8.9595
24.85 -3.93075
24.86 -18.6705
24.87 -23.5395
24.88 -24.6892
24.89 -23.6092
24.90 -22.041
24.91 -20.5807
24.92 -19.8203
24.93 -20.61
24.94 -22.869
24.95 -27.909
24.96 -33.651
24.97 -37.2803
24.98 -36.9292
24.99 -33.651
25.00 -27.72
25.01 -20.9497
25.02 -16.11
25.03 -9.24075
25.04 4.34025
25.05 12.321
25.06 11.511
25.07 3.1995
25.08 -17.7907
25.09 -21.51
25.10 -14.22
25.11 -11.4705
25.12 -13.1108
25.13 -15.9705
25.14 -18.3803
25.15 -18.711
25.16 -18.009
25.17 -18.0698
25.18 -19.521
25.19 -22.4393
25.20 -25.8592
25.21 -31.239
25.22 -34.461
25.23 -36.9607
25.24 -38.4998
25.25 -38.7405
25.26 -37.8
25.27 -34.551
25.28 -27.8798
25.29 -21.1702
25.30 -14.0895
25.31 -7.11
25.32 -2.5695
25.33 -3.80925
25.34 -7.1505
25.35 -17.109
25.36 -30.2805
25.37 -37.521
25.38 -41.0805
25.39 -39.6698
25.40 -34.0898
25.41 -23.391
25.42 -9.639
25.43 6.1605
25.44 18.729
25.45 26.199
25.46 28.8292
25.47 28.9193
25.48 25.929
25.49 18.7898
25.50 9.27
25.51 0.15075
25.52 -2.79
25.53 -3.2895
25.54 -0.33075
25.55 2.439
25.56 9.11925
25.57 14.769
25.58 19.0102
25.59 21.8903
25.60 21.15
25.61 18.081
25.62 13.329
25.63 6.86925
25.64 1.91025
25.65 -3.1005
25.66 -6.291
25.67 -7.281
25.68 -6.05025
25.69 -1.7595
25.70 1.95075
25.71 4.9095
25.72 6.8805
25.73 7.9695
25.74 8.70075
25.75 9.081
25.76 9.78075
25.77 12.8498
25.78 18.8392
25.79 26.0505
25.80 31.9207
25.81 37.7707
25.82 43.74
25.83 50.589
25.84 58.0207
25.85 68.8207
25.86 73.179
25.87 71.3003
25.88 65.259
25.89 57.411
25.90 45.8392
25.91 34.1505
25.92 23.7893
25.93 13.77
25.94 7.371
25.95 3.51
25.96 1.55025
25.97 1.179
25.98 0.56025
25.99 0.06075
26.00 -1.179
26.01 -3.62025
26.02 -3.6405
26.03 -3.2895
26.04 -2.9295
26.05 -3.39075
26.06 -5.139
26.07 -6.05925
26.08 -7.6005
26.09 -7.74
26.10 -6.849
26.11 -5.87925
26.12 -5.87925
26.13 -8.0595
26.14 -11.2703
26.15 -15.48
26.16 -17.9707
26.17 -18.891
26.18 -18.5602
26.19 -18.081
26.20 -17.091
26.21 -16.2
26.22 -15.3495
26.23 -15.579
26.24 -16.1798
26.25 -17.379
26.26 -17.8605
26.27 -17.1698
26.28 -13.9298
26.29 -8.559
26.30 -2.79
26.31 6.18975
26.32 13.77
26.33 16.1505
26.34 9.441
26.35 -5.0805
26.36 -21.4898
26.37 -35.1495
26.38 -38.6797
26.39 -33.2505
26.40 -26.9505
26.41 -22.8803
26.42 -22.779
26.43 -29.1195
26.44 -35.451
26.45 -39.6495
26.46 -42.4192
26.47 -43.4205
26.48 -41.6992
26.49 -34.4002
26.50 -24.4103
26.51 -13.9207
26.52 -4.9905
26.53 1.539
26.54 5.60925
26.55 7.35975
26.56 8.3295
26.57 10.5098
26.58 14.6992
26.59 22.7002
26.60 34.6095
26.61 50.391
26.62 64.701
26.63 77.4698
26.64 87.9502
26.65 93.5595
26.66 96.2302
26.67 94.68
26.68 89.991
26.69 83.3693
26.70 74.2095
26.71 63.5108
26.72 51.3202
26.73 39.33
26.74 29.5695
26.75 21.429
26.76 13.941
26.77 7.1505
26.78 0.891
26.79 -3.1005
26.80 -7.31025
26.81 -10.7393
26.82 -13.32
26.83 -14.6408
26.84 -14.5395
26.85 -13.0905
26.86 -9.6705
26.87 -5.33025
26.88 -1.10025
26.89 3.06
26.90 8.649
26.91 12.8407
26.92 19.5705
26.93 26.0708
26.94 31.6103
26.95 35.721
26.96 37.611
26.97 38.7608
26.98 37.71
26.99 34.191
27.00 29.3693
27.01 24.309
27.02 16.8795
27.03 6.849
27.04 -4.9905
27.05 -17.7705
27.06 -29.691
27.07 -38.4907
27.08 -43.4408
27.09 -47.2995
27.10 -48.3008
27.11 -46.2803
27.12 -40.581
27.13 -33.0705
27.14 -25.1505
27.15 -18.801
27.16 -12.2107
27.17 -8.73
27.18 -7.2405
27.19 -7.029
27.20 -8.61975
27.21 -11.3692
27.22 -12.6495
27.23 -10.9102
27.24 -2.5605
27.25 7.281
27.26 19.4108
27.27 28.3095
27.28 31.221
27.29 28.08
27.30 20.529
27.31 10.9395
27.32 0.171
27.33 -9.24075
27.34 -17.7097
27.35 -28.611
27.36 -36.18
27.37 -40.2795
27.38 -41.409
27.39 -41.49
27.40 -38.6707
27.41 -33.7793
27.42 -29.52
27.43 -24.6802
27.44 -19.6403
27.45 -15.0007
27.46 -12.591
27.47 -13.149
27.48 -14.1997
27.49 -15.4192
27.50 -18.351
27.51 -23.2492
27.52 -27.639
27.53 -29.5897
27.54 -27.8595
27.55 -20.979
27.56 -11.6303
27.57 -3.6495
27.58 3.0105
27.59 9.819
27.60 16.7692
27.61 22.959
27.62 27.981
27.63 31.5
27.64 33.2505
27.65 32.9895
27.66 30.8902
27.67 28.3995
27.68 26.2305
27.69 24.8805
27.70 24.5093
27.71 24.7995
27.72 25.659
27.73 27.45
27.74 29.781
27.75 31.2907
27.76 31.6192
27.77 30.3795
27.78 27.6502
27.79 24.0795
27.80 19.8405
27.81 14.751
27.82 9.369
27.83 4.419
27.84 1.35
27.85 -2.5695
27.86 -6.579
27.87 -9.9405
27.88 -13.3403
27.89 -14.6903
27.90 -15.0503
27.91 -14.4
27.92 -13.4797
27.93 -12.8902
27.94 -11.0497
27.95 -8.97975
27.96 -6.63975
27.97 -6.32025
27.98 -7.56
27.99 -9.4005
28.00 -10.7595
28.01 -13.4392
28.02 -17.37
28.03 -20.7
28.04 -24.309
28.05 -28.5795
28.06 -31.9207
28.07 -34.101
28.08 -35.2102
28.09 -36.1305
28.10 -35.181
28.11 -29.88
28.12 -22.6507
28.13 -13.68
28.14 -6.759
28.15 -3.5595
28.16 -6.27975
28.17 -11.9093
28.18 -17.3092
28.19 -23.8703
28.20 -29.691
28.21 -31.851
28.22 -31.4505
28.23 -27.3307
28.24 -22.0905
28.25 -17.28
28.26 -13.221
28.27 -10.5008
28.28 -9.1305
28.29 -9.279
28.30 -11.25
28.31 -14.031
28.32 -16.4407
28.33 -17.559
28.34 -17.109
28.35 -14.8005
28.36 -12.519
28.37 -13.05
28.38 -16.461
28.39 -21.051
28.40 -23.7105
28.41 -24.381
28.42 -23.661
28.43 -24.8108
28.44 -30.9892
28.45 -35.9303
28.46 -39.681
28.47 -41.931
28.48 -44.001
28.49 -45.459
28.50 -45.6908
28.51 -41.8905
28.52 -32.5598
28.53 -22.5
28.54 -11.1195
28.55 0.60975
28.56 10.071
28.57 16.6095
28.58 23.7398
28.59 29.7293
28.60 33.5093
28.61 34.8795
28.62 35.3295
28.63 34.749
28.64 34.4408
28.65 35.001
28.66 36.9292
28.67 39.7598
28.68 44.541
28.69 51.75
28.70 61.6905
28.71 71.6692
28.72 78.6105
28.73 81.1102
28.74 77.3798
28.75 63.981
28.76 50.6205
28.77 37.35
28.78 27.081
28.79 19.0102
28.80 12.8003
28.81 7.6995
28.82 4.43025
28.83 4.79025
28.84 7.94925
28.85 12.42
28.86 17.559
28.87 23.1795
28.88 27.2497
28.89 30.2198
28.90 31.149
28.91 28.521
28.92 23.6497
28.93 17.991
28.94 11.1195
28.95 2.79
28.96 -6.63075
28.97 -14.049
28.98 -20.3805
28.99 -23.661
29.00 -25.011
29.01 -24.399
29.02 -18.18
29.03 -9.729
29.04 -3.78
29.05 -0.0405
29.06 1.68975
29.07 -0.9
29.08 -7.44975
29.09 -12.789
29.10 -19.9597
29.11 -25.5195
29.12 -29.241
29.13 -29.349
29.14 -27.1395
29.15 -22.4595
29.16 -17.091
29.17 -10.899
29.18 -4.311
29.19 1.3095
29.20 5.55975
29.21 9.081
29.22 11.0408
29.23 9.459
29.24 5.571
29.25 0.6795
29.26 -4.419
29.27 -7.98975
29.28 -10.1002
29.29 -11.1397
29.30 -10.53
29.31 -6.48
29.32 -0.92925
29.33 5.51925
29.34 11.439
29.35 16.5398
29.36 20.6505
29.37 32.481
29.38 23.2898
29.39 23.931
29.40 24.0592
29.41 20.3603
29.42 16.9605
29.43 10.791
29.44 5.78025
29.45 -0.0495
29.46 -6.489
29.47 -10.3792
29.48 -14.8005
29.49 -18.6098
29.50 -19.8292
29.51 -19.7505
29.52 -18.2093
29.53 -12.9105
29.54 -5.55975
29.55 2.169
29.56 8.66925
29.57 14.49
29.58 20.3693
29.59 27.099
29.60 31.689
29.61 33.7905
29.62 32.04
29.63 26.5095
29.64 18.8708
29.65 11.5695
29.66 5.5395
29.67 1.14075
29.68 -0.63
29.69 0.09
29.70 5.409
29.71 13.0793
29.72 20.7608
29.73 28.5503
29.74 34.4205
29.75 37.4693
29.76 38.16
29.77 36.909
29.78 31.7002
29.79 23.2492
29.80 12.159
29.81 3.6405
29.82 -5.0805
29.83 -12.5798
29.84 -18.369
29.85 -21.8295
29.86 -22.6507
29.87 -21.7305
29.88 -17.109
29.89 -12.4492
29.90 -8.84925
29.91 -5.679
29.92 -3.78
29.93 -2.58075
29.94 -1.77975
29.95 -1.251
29.96 -1.89
29.97 -4.041
29.98 -7.35975
29.99 -11.7607
30.00 -15.0593
30.01 -17.2598
30.02 -17.6197
30.03 -17.4105
30.04 -13.7092
30.05 -5.481
30.06 1.161
30.07 7.6095
30.08 14.3707
30.09 18.981
30.10 20.4705
30.11 20.4503
30.12 19.0192
30.13 15.0795
30.14 9.099
30.15 2.259
30.16 -4.7205
30.17 -9.45
30.18 -15.0795
30.19 -19.08
30.20 -21.5505
30.21 -22.221
30.22 -21.3998
30.23 -19.7505
30.24 -17.469
30.25 -15.489
30.26 -12.9195
30.27 -9.909
30.28 -7.47
30.29 -5.33925
30.30 -3.9105
30.31 -3.42
30.32 -4.74975
30.33 -7.569
30.34 -10.1993
30.35 -12.7508
30.36 -15.3697
30.37 -17.811
30.38 -20.2905
30.39 -22.9297
30.40 -25.8998
30.41 -27.6795
30.42 -27.9495
30.43 -27.27
30.44 -26.73
30.45 -27.2497
30.46 -28.431
30.47 -29.4998
30.48 -29.169
30.49 -24.0098
30.50 -17.6197
30.51 -12.501
30.52 -6.68025
30.53 -0.72
30.54 4.70925
30.55 9.009
30.56 11.4908
30.57 10.9305
30.58 6.63075
30.59 1.2105
30.60 -4.61025
30.61 -9.3195
30.62 -12.069
30.63 -13.7295
30.64 -14.22
30.65 -12.7508
30.66 -9.87975
30.67 -3.66975
30.68 2.34
30.69 6.90975
30.70 11.8395
30.71 15.1605
30.72 17.8695
30.73 21.1207
30.74 27.1305
30.75 33.5992
30.76 40.0005
30.77 44.5207
30.78 46.0395
30.79 43.7198
30.80 37.5705
30.81 28.08
30.82 17.019
30.83 6.00075
30.84 -4.221
30.85 -12.6
30.86 -21.231
30.87 -25.6095
30.88 -31.959
30.89 -36.9203
30.90 -38.4007
30.91 -37.359
30.92 -33.7793
30.93 -33.831
30.94 -37.521
30.95 -38.79
30.96 -37.9597
30.97 -35.6895
30.98 -33.6195
30.99 -32.04
31.00 -29.7698
31.01 -27.6705
31.02 -26.0392
31.03 -23.409
31.04 -20.5492
31.05 -19.2308
31.06 -15.0908
31.07 -9.729
31.08 -1.28025
31.09 6.45975
31.10 12.6495
31.11 16.2293
31.12 19.341
31.13 20.9902
31.14 19.7303
31.15 12.5798
31.16 5.15925
31.17 -2.45925
31.18 -9.54
31.19 -15.7995
31.20 -19.1903
31.21 -19.9597
31.22 -19.9305
31.23 -17.9392
31.24 -15.1493
31.25 -10.0395
31.26 -3.57075
31.27 4.02075
31.28 9.74925
31.29 13.7003
31.30 17.46
31.31 20.1803
31.32 21.3998
31.33 22.2795
31.34 25.4408
31.35 31.149
31.36 36.8798
31.37 41.04
31.38 43.3597
31.39 44.1
31.40 43.5307
31.41 42.3607
31.42 40.3492
31.43 36.4095
31.44 32.13
31.45 28.0102
31.46 22.3493
31.47 16.5105
31.48 10.9305
31.49 6.05925
31.50 1.50075
31.51 -2.781
31.52 -5.91075
31.53 -7.58925
31.54 -8.57025
31.55 -9.27
31.56 -9.531
31.57 -9.711
31.58 -9.909
31.59 -10.08
31.60 -10.2803
31.61 -10.5098
31.62 -11.4502
31.63 -14.0107
31.64 -17.2508
31.65 -20.4097
31.66 -24.6307
31.67 -27.6008
31.68 -27.7605
31.69 -24.399
31.70 -17.37
31.71 -6.95025
31.72 7.2495
31.73 19.53
31.74 27.6593
31.75 32.8005
31.76 36.8505
31.77 39.8992
31.78 41.4697
31.79 41.949
31.80 42.3698
31.81 43.8795
31.82 44.811
31.83 40.2997
31.84 34.4295
31.85 29.1803
31.86 24.489
31.87 19.2398
31.88 12.87
31.89 7.569
31.90 -0.06075
31.91 -6.759
31.92 -13.0095
31.93 -20.259
31.94 -26.7997
31.95 -30.8993
31.96 -33.5205
31.97 -34.461
31.98 -35.1292
31.99 -34.6703
32.00 -30.2895
32.01 -22.4505
32.02 -13.401
32.03 -2.40975
32.04 6.27075
32.05 12.2693
32.06 14.58
32.07 15.5003
32.08 10.8202
32.09 5.06025
32.10 -2.7495
32.11 -13.5405
32.12 -22.6305
32.13 -30.3097
32.14 -33.7905
32.15 -34.5195
32.16 -34.11
32.17 -31.671
32.18 -28.701
32.19 -24.0998
32.20 -21.06
32.21 -17.2305
32.22 -14.211
32.23 -12.3795
32.24 -11.0295
32.25 -11.0408
32.26 -13.1895
32.27 -18.6593
32.28 -21.699
32.29 -22.599
32.30 -21.8407
32.31 -20.79
32.32 -20.61
32.33 -21.8003
32.34 -22.041
32.35 -22.05
32.36 -21.9802
32.37 -20.5897
32.38 -17.9707
32.39 -17.019
32.40 -16.7692
32.41 -16.6208
32.42 -14.6093
32.43 -9.1305
32.44 0.15975
32.45 8.48925
32.46 16.9605
32.47 23.571
32.48 30.231
32.49 36.7402
32.50 42.0097
32.51 45.4905
32.52 48.6292
32.53 51.309
32.54 52.371
32.55 52.9808
32.56 53.3993
32.57 53.9708
32.58 53.5905
32.59 48.4402
32.60 39.24
32.61 27.7605
32.62 15.6892
32.63 6.00075
32.64 -4.34925
32.65 -13.419
32.66 -23.3302
32.67 -32.1908
32.68 -40.221
32.69 -46.359
32.70 -52.569
32.71 -57.3705
32.72 -59.8095
32.73 -60.66
32.74 -58.671
32.75 -52.461
32.76 -43.101
32.77 -32.319
32.78 -22.4303
32.79 -14.751
32.80 -6.741
32.81 1.08
32.82 6.6195
32.83 11.6392
32.84 15.849
32.85 20.7608
32.86 23.2492
32.87 25.101
32.88 27.621
32.89 31.4303
32.90 35.55
32.91 37.8
32.92 37.3702
32.93 32.7802
32.94 22.9793
32.95 12.51
32.96 1.55925
32.97 -5.481
32.98 -10.6605
32.99 -15.2707
33.00 -19.3702
33.01 -21.8003
33.02 -22.5495
33.03 -21.1792
33.04 -16.839
33.05 -11.6392
33.06 -5.64075
33.07 0.3105
33.08 4.65075
33.09 7.44075
33.10 8.16975
33.11 6.399
33.12 2.94075
33.13 -3.231
33.14 -9.74925
33.15 -13.8398
33.16 -16.7895
33.17 -18
33.18 -17.811
33.19 -15.0098
33.20 -11.34
33.21 -5.22
33.22 1.629
33.23 6.75
33.24 10.521
33.25 13.8398
33.26 14.7195
33.27 13.0995
33.28 6.381
33.29 -1.4895
33.30 -8.57925
33.31 -15.0705
33.32 -20.2005
33.33 -23.9198
33.34 -24.399
33.35 -21.051
33.36 -13.1108
33.37 -5.5395
33.38 2.889
33.39 11.8102
33.40 18.1103
33.41 21.6698
33.42 23.139
33.43 21.2198
33.44 15.669
33.45 6.32925
33.46 -0.87075
33.47 -11.6505
33.48 -17.5005
33.49 -21.2108
33.50 -23.3798
33.51 -23.859
33.52 -22.3403
33.53 -19.6493
33.54 -19.6605
33.55 -19.881
33.56 -19.08
33.57 -19.9192
33.58 -23.4
33.59 -28.269
33.60 -32.499
33.61 -33.1492
33.62 -32.3595
33.63 -30.339
33.64 -27.729
33.65 -25.281
33.66 -22.4393
33.67 -20.2703
33.68 -18.6908
33.69 -16.8795
33.70 -15.7905
33.71 -15.6803
33.72 -15.9097
33.73 -14.931
33.74 -13.86
33.75 -15.66
33.76 -20.7405
33.77 -23.2808
33.78 -24.291
33.79 -23.6408
33.80 -22.2795
33.81 -20.4097
33.82 -17.4892
33.83 -13.9792
33.84 -10.9305
33.85 -9.9495
33.86 -8.73
33.87 -8.73
33.88 -9.72
33.89 -10.8495
33.90 -14.0693
33.91 -17.4195
33.92 -19.3792
33.93 -20.331
33.94 -20.1893
33.95 -19.3298
33.96 -18.5805
33.97 -16.911
33.98 -16.929
33.99 -17.6805
34.00 -18.6998
34.01 -20.601
34.02 -22.9297
34.03 -24.39
34.04 -25.3305
34.05 -25.47
34.06 -25.911
34.07 -27.27
34.08 -30.969
34.09 -32.4495
34.10 -31.941
34.11 -29.7
34.12 -26.8402
34.13 -23.9198
34.14 -20.5807
34.15 -18.0293
34.16 -15.2302
34.17 -12.3008
34.18 -7.5195
34.19 0.3195
34.20 8.37
34.21 13.5698
34.22 19.3792
34.23 23.7398
34.24 26.73
34.25 28.719
34.26 27.7695
34.27 22.6597
34.28 13.5698
34.29 4.74975
34.30 -5.751
34.31 -12.1702
34.32 -16.929
34.33 -21.2198
34.34 -23.0693
34.35 -24.4305
34.36 -25.6208
34.37 -27.54
34.38 -28.4805
34.39 -27.4995
34.40 -23.76
34.41 -15.8895
34.42 -8.61975
34.43 -0.15975
34.44 9.369
34.45 20.1398
34.46 27.3803
34.47 33.7005
34.48 37.35
34.49 41.931
34.50 45.2003
34.51 46.7392
34.52 46.809
34.53 45.4995
34.54 43.119
34.55 40.6305
34.56 38.7203
34.57 37.5907
34.58 37.1295
34.59 37.53
34.60 39.2197
34.61 40.8802
34.62 41.409
34.63 40.599
34.64 36.9203
34.65 31.1692
34.66 25.641
34.67 20.2095
34.68 15.399
34.69 10.5795
34.70 8.93025
34.71 8.21925
34.72 7.98975
34.73 5.769
34.74 2.85075
34.75 -0.06075
34.76 -1.64925
34.77 -2.27925
34.78 -2.529
34.79 -2.529
34.80 -2.781
34.81 -3.159
34.82 -4.88925
34.83 -6.12
34.84 -5.87925
34.85 -0.1395
34.86 6.381
34.87 10.8405
34.88 12.0802
34.89 11.6707
34.90 7.89975
34.91 1.14075
34.92 -4.4505
34.93 -10.4693
34.94 -11.7
34.95 -10.8293
34.96 -4.92975
34.97 2.529
34.98 12.7395
34.99 19.3298
35.00 24.561
35.01 26.6805
35.02 26.2305
35.03 22.4393
35.04 16.74
35.05 10.71
35.06 3.159
35.07 -2.54025
35.08 -8.001
35.09 -11.259
35.10 -12.879
35.11 -13.0207
35.12 -13.239
35.13 -13.491
35.14 -15.4597
35.15 -17.469
35.16 -21.1995
35.17 -24.9908
35.18 -27.8392
35.19 -29.0902
35.20 -28.8698
35.21 -28.179
35.22 -25.6792
35.23 -19.9103
35.24 -10.0305
35.25 -0.36
35.26 5.949
35.27 10.1497
35.28 11.4008
35.29 9.24075
35.30 3.26925
35.31 -3.84975
35.32 -10.989
35.33 -16.29
35.34 -20.7
35.35 -23.391
35.36 -24.2302
35.37 -23.679
35.38 -21.6608
35.39 -18.7402
35.40 -16.4497
35.41 -14.5598
35.42 -12.5595
35.43 -10.4197
35.44 -8.649
35.45 -7.6095
35.46 -7.209
35.47 -8.721
35.48 -11.9295
35.49 -14.661
35.50 -16.1708
35.51 -16.7895
35.52 -16.911
35.53 -15.66
35.54 -13.6395
35.55 -12.7508
35.56 -14.1098
35.57 -19.251
35.58 -26.811
35.59 -32.3798
35.60 -34.4295
35.61 -34.749
35.62 -33.9705
35.63 -32.1097
35.64 -29.6797
35.65 -27.0293
35.66 -24.219
35.67 -21.159
35.68 -18.0293
35.69 -16.3395
35.70 -15.93
35.71 -15.84
35.72 -16.2
35.73 -16.92
35.74 -17.7593
35.75 -18.3308
35.76 -18.9292
35.77 -19.0305
35.78 -17.9392
35.79 -15.0795
35.80 -13.941
35.81 -14.6992
35.82 -16.4497
35.83 -17.5703
35.84 -17.7907
35.85 -18.2408
35.86 -17.9303
35.87 -17.8403
35.88 -17.2395
35.89 -16.659
35.90 -16.3102
35.91 -15.849
35.92 -14.58
35.93 -12.609
35.94 -10.2398
35.95 -8.739
35.96 -6.50925
35.97 -5.931
35.98 -6.32025
35.99 -7.17975
36.00 -9
