0.000865979381443299	21	4.12371134020619e-05	5
0.00285773195876289	39	0.000247422680412371	10
0.00408659793814433	50	0.000371134020618557	25
0.00559587628865979	75	0.00045360824742268	75
0.00595463917525773	80	0.000515463917525773	93
0.00705154639175258	104	0.000556701030927835	138
0.00748865979381443	111	0.000618556701030928	168
0.00863092783505155	134	0.000721649484536082	218
0.00977731958762887	151	0.000804123711340206	273
0.0111216494845361	174	0.000948453608247423	328
0.0116783505154639	185	0.00107216494845361	358
0.012560824742268	201	0.00109278350515464	410
0.0129072164948454	203	0.00111340206185567	423
0.0137072164948454	222	0.00115463917525773	475
0.0146061855670103	241	0.00123711340206186	525
0.0157567010309278	260	0.00134020618556701	575
0.0170226804123711	282	0.00148453608247423	628
0.0183752577319588	299	0.00152577319587629	678
0.0192082474226804	302	0.00162886597938144	688
0.0204041237113402	322	0.0017319587628866	740
0.0220742268041237	338	0.00187628865979381	783
0.0282144329896907	341	0.00237113402061856	745
0.0288164948453608	360	0.00243298969072165	798
0.0296948453608247	380	0.00251546391752577	850
0.0308164948453608	395	0.0025979381443299	895
0.031220618556701	402	0.00263917525773196	908
0.0333113402061856	421	0.00282474226804124	963
0.034680412371134	440	0.00292783505154639	1020
0.0355670103092783	454	0.00301030927835052	1053
0.0362061855670103	460	0.00305154639175258	1073
0.036898969072165	470	0.0031340206185567	1085
0.0375092783505155	473	0.00321649484536082	1108
0.0385855670103093	480	0.00325773195876289	1133
0.0391958762886598	492	0.00334020618556701	1158
0.039880412371134	503	0.0034020618556701	1180
0.0416659793814433	517	0.00350515463917526	1238
0.0418680412371134	521	0.00352577319587629	1235
0.0424412371134021	524	0.00362886597938144	1248
0.0428123711340206	530	0.00360824742268041	1258
0.0437443298969072	538	0.00369072164948454	1280
0.044020618556701	541	0.00371134020618557	1288
0.0451670103092784	549	0.00381443298969072	1313
0.0464329896907217	560	0.00395876288659794	1345
0.0481113402061856	574	0.00404123711340206	1378
0.0495835051546392	582	0.00412371134020619	1405
0.0505896907216495	590	0.00422680412371134	1423
0.0518969072164948	600	0.00437113402061856	1445
0.0539092783505155	611	0.00455670103092784	1478
0.0544082474226804	617	0.0045979381443299	1490
0.0544041237113402	618	0.00457731958762887	1493
0.0543546391752577	619	0.00478350515463918	1480
0.0543587628865979	620	0.00478350515463918	1485
0.0543670103092784	623	0.00482474226804124	1485
0.0543216494845361	624	0.00496907216494845	1490
0.0542927835051546	629	0.00507216494845361	1495
