-0.000333337422444528	21
0.00165841515487506	39
0.0028872811342565	50
0.00439655948477196	75
0.0047553223713699	80
0.00585222958786475	104
0.0062893429899266	111
0.00743161103116372	134
0.00857800278374104	151
0.00992233268064827	174
0.0104790337115761	185
0.0113615079383802	201
0.0117078996909576	203
0.0125078996909576	222
0.0134068687631225	241
0.01455738422704	260
0.0158233636084833	282
0.017175940928071	299
0.0180089306187926	302
0.0192048069074524	322
0.0208749100002359	338
0.0270151161858029	341
0.027617178041473	360
0.0284955285569369	380
0.029617178041473	395
0.0300213017528132	402
0.0321120234022978	421
0.0334810955672462	440
0.0343676935053905	454
0.0350068687631225	460
0.0356996522682772	470
0.0363099615466277	473
0.0373862502064215	480
0.037996559484772	492
0.0386810955672462	503
0.0404666625775555	517
0.0406687244332256	521
0.0412419203095143	524
0.0416130543301328	530
0.0425450130930194	538
0.0428213017528132	541
0.0439676935053906	549
0.0452336728868339	560
0.0469120234022978	574
0.0483841883507514	582
0.0493903739177617	590
0.050697590412607	600
0.0527099615466277	611
0.0532089306187926	617
0.0532048069074524	618
0.0531553223713699	619
0.0531594460827101	620
0.0531676935053906	623
0.0531223326806483	624
0.0530934667012668	629
