## NFILE T1 T2 CB1 CB2 P1 P2 RWALL1 RWALL2 XMAX1 XMAX2 GMAX1 GMAX2 YMAX1 YMAX2 CEMAX1 CEMAX2
 1    0.10596E+01    0.45658E+00    0.50000E-01    0.77545E-01    0.17682E+01    0.11877E+01    0.97022E+01    0.65171E+01    0.20002E+03    0.12163E+03    0.72735E+00    0.48654E+00    0.26961E+03    0.23934E+03    0.47562E+02    0.87472E+01
 2    0.75304E+00    0.32641E+00    0.10000E+00    0.15020E+00    0.35365E+01    0.23005E+01    0.19404E+02    0.12623E+02    0.15108E+02    0.20003E+03    0.54940E-01    0.80013E+00    0.45329E+02    0.21781E+03    0.16376E+03    0.20090E+02
 3    0.61699E+00    0.26845E+00    0.15000E+00    0.22053E+00    0.53047E+01    0.33777E+01    0.29107E+02    0.18534E+02    0.82917E+01    0.37646E+01    0.30152E-01    0.15058E-01    0.50812E+02    0.21183E+02    0.28314E+03    0.62703E+02
 4    0.53576E+00    0.23376E+00    0.20000E+00    0.28929E+00    0.70729E+01    0.44309E+01    0.38809E+02    0.24312E+02    0.23474E+02    0.28194E+01    0.85362E-01    0.11278E-01    0.55144E+02    0.19582E+02    0.28932E+03    0.51830E+02
 5    0.43915E+00    0.19234E+00    0.30000E+00    0.42400E+00    0.10609E+02    0.64942E+01    0.58213E+02    0.35633E+02    0.12225E+02    0.19975E+01    0.44453E-01    0.79901E-02    0.43854E+02    0.23689E+02    0.27995E+03    0.17817E+02
 6    0.38152E+00    0.16758E+00    0.40000E+00    0.55503E+00    0.14146E+02    0.85012E+01    0.77618E+02    0.46646E+02    0.21554E+01    0.20235E+01    0.78380E-02    0.80940E-02    0.30558E+02    0.23281E+02    0.13853E+03    0.61300E+02
 7    0.34211E+00    0.15060E+00    0.50000E+00    0.68371E+00    0.17682E+02    0.10472E+02    0.97022E+02    0.57460E+02    0.19784E+01    0.19287E+01    0.71942E-02    0.77148E-02    0.30599E+02    0.22857E+02    0.14234E+03    0.59469E+02
 8    0.31297E+00    0.13802E+00    0.60000E+00    0.81055E+00    0.21219E+02    0.12415E+02    0.11643E+03    0.68120E+02    0.18508E+01    0.17728E+01    0.67302E-02    0.70910E-02    0.28944E+02    0.20674E+02    0.11356E+03    0.49756E+02
 9    0.29029E+00    0.12821E+00    0.70000E+00    0.93590E+00    0.24755E+02    0.14335E+02    0.13583E+03    0.78655E+02    0.15847E+01    0.14483E+01    0.57625E-02    0.57932E-02    0.24286E+02    0.20046E+02    0.92470E+02    0.40146E+02
10    0.27199E+00    0.12028E+00    0.80000E+00    0.10600E+01    0.28292E+02    0.16236E+02    0.15524E+03    0.89084E+02    0.13807E+01    0.12130E+01    0.50207E-02    0.48519E-02    0.18773E+02    0.18430E+02    0.76654E+02    0.35100E+02
11    0.25680E+00    0.11368E+00    0.90000E+00    0.11830E+01    0.31828E+02    0.18120E+02    0.17464E+03    0.99424E+02    0.13974E+01    0.11768E+01    0.50816E-02    0.47074E-02    0.17499E+02    0.16138E+02    0.60826E+02    0.27144E+02
12    0.24394E+00    0.10809E+00    0.10000E+01    0.13051E+01    0.35365E+02    0.19990E+02    0.19404E+03    0.10969E+03    0.13528E+01    0.11025E+01    0.49192E-02    0.44099E-02    0.15965E+02    0.14900E+02    0.49468E+02    0.21845E+02
