CH.000,CH.001,CH.002,CH.003,CH.004,CH.005,CH.006,CH.007,CH.008,CH.009,CH.010,CH.011,CH.012,CH.013,CH.014,CH.015,CH.@01,CH.@02,CH.@03,CH.@04,CH.@05,CH.@06,CH.@07,CH.@08,CH.@09,0,0,0,0,0,0,0,0,0,0,0,0,0,0,0,0,0,0,0,0,,,,,,,,,,,,GAMMA,THETA,THETA-UL,THETA-UR,THETA-DL,THETA-DR,DELTA-UL,DELTA-UR,DELTA-DL,DELTA-DR,CH.000,P/M
15,0.689999998,0,0.219999999,0,0,0,0,0,-0.079999998,0.01,0,0,-0.01,-0.01,156,0,0.0015,0.0002,1E-04,0,0,-0.039999999,0.005,-0.0025,0,0,0,0,0,0,0,0,0,0,0,0,0,0,0,0,0,0,0,,,,,,,,,,,,,0.00025641,0,0,-0.001454545,0.000181818,0,0,-0.039999999,0.005,-0.005,15,8.241758242
-45,0.02,-0.5,0.579999983,0,0,0.090000004,0.100000001,0.090000004,0,0,-0.059999999,0,0.01,-0.01,-5,-0.0002,0.0016,0.0011,-1E-04,0,0.094999999,0.045000002,-0.029999999,0.0025,0,0,0,0,0,0,0,0,0,0,0,0,0,0,0,0,0,0,0,,,,,,,,,,,,,1.0989E-05,0,0.000181818,-0.001636364,0.001090909,-0.000363636,0.095000003,0.045000002,-0.029999999,0.005,-45,-24.72527473
-60,-0.540000021,-1,-0.079999998,0,0,0.050000001,0.100000001,0.100000001,0,0.01,-0.059999999,0,0.01,-0.01,1,-0.0009,0.0018,0.0013,-1E-04,0,0.075000003,0.050000001,-0.025,0.0025,0,0,0,0,0,0,0,0,0,0,0,0,0,0,0,0,0,0,0,,,,,,,,,,,,,-0.000194139,0,0.000909091,-0.001818182,0.001272727,-0.000363636,0.100000001,0.050000001,-0.024999999,0.005,-60,-32.96703297
-70,-1.100000024,-2,-0.600000024,0,0,0,0,0.100000001,0,0.01,-0.059999999,0,0.01,-0.01,48,0,0.0018,0.0013,-0.0003,0,0,0.050000001,-0.025,0.0075,0,0,0,0,0,0,0,0,0,0,0,0,0,0,0,0,0,0,0,,,,,,,,,,,,,-0.000399267,0,0,-0.001818182,0.001272727,-0.000363636,0.050000001,0.050000001,-0.024999999,0.005,-70,-38.46153846
-85,-1.700000048,-2.5,-1.25999999,0,0,0,0,0.109999999,0,0,-0.059999999,0,0.01,-0.01,35,0,0.002,0.0011,-0.0003,0,0,0.055,-0.029999999,0.0075,0,0,0,0,0,0,0,0,0,0,0,0,0,0,0,0,0,0,0,,,,,,,,,,,,,-0.000619048,0,0,-0.002,0.001090909,-0.000363636,0.055,0.055,-0.029999999,0.005,-85,-46.7032967
-95,-2.279999971,-3,-1.75999999,0,0,0,0,0.109999999,0,0,-0.059999999,0,0.02,-0.01,21,0,0.002,0.0011,-0.0004,0,0,0.055,-0.029999999,0.01,0,0,0,0,0,0,0,0,0,0,0,0,0,0,0,0,0,0,0,,,,,,,,,,,,,-0.000831502,0,0,-0.002,0.001090909,-0.000545455,0.055,0.055,-0.029999999,0.01,-95,-52.1978022
-100,-2.359999895,-3.5,-2.099999905,0,0,0,0,0.109999999,0,-0.01,-0.050000001,0,0.029999999,-0.01,28,0,0.002,0.0007,-0.0005,0,0,0.055,-0.029999999,0.0125,0,0,0,0,0,0,0,0,0,0,0,0,0,0,0,0,0,0,0,,,,,,,,,,,,,-0.000860806,0,0,-0.002,0.000727273,-0.000727273,0.055,0.055,-0.03,0.015,-100,-54.94505495
-110,-3.049999952,-4,-2.980000019,0,0,0,0,0.209999993,0.100000001,-0.100000001,-0.050000001,0,0.039999999,-0.01,-32,0,0.002,-0.0009,-0.0008,0,0,0.155000001,-0.075000003,0.022500001,0,0,0,0,0,0,0,0,0,0,0,0,0,0,0,0,0,0,0,,,,,,,,,,,,,-0.001113553,0,0,-0.002,-0.000909091,-0.000909091,0.104999997,0.154999997,-0.075000001,0.02,-110,-60.43956044
-120,-3.430000067,-4.5,-3.5,0,0,0,-0.090000004,0.209999993,0.100000001,-0.100000001,-0.050000001,0,0.07,0,50,0.0016,0.002,-0.0009,-0.0012,0,-0.045000002,0.155000001,-0.075000003,0.032499999,0,0,0,0,0,0,0,0,0,0,0,0,0,0,0,0,0,0,0,,,,,,,,,,,,,-0.00125641,0,-0.001636364,-0.002,-0.000909091,-0.001272727,0.059999995,0.154999997,-0.075000001,0.035,-120,-65.93406593
-125,-4.480000019,-5,-3.839999914,0,0,0,-0.090000004,0.209999993,0.100000001,-0.100000001,-0.050000001,0,0.07,-0.01,-28,0.0016,0.002,-0.0009,-0.0013,0,-0.045000002,0.155000001,-0.075000003,0.035,0,0,0,0,0,0,0,0,0,0,0,0,0,0,0,0,0,0,0,,,,,,,,,,,,,-0.001637363,0,-0.001636364,-0.002,-0.000909091,-0.001454545,0.059999995,0.154999997,-0.075000001,0.035,-125,-68.68131868
-140,-5,-6,-4.940000057,0,0,0,-0.090000004,0.310000002,0.100000001,-0.100000001,-0.01,0,0.090000004,-0.01,41,0.0016,0.0038,-0.0016,-0.0015,0,-0.045000002,0.204999998,-0.055,0.0425,0,0,0,0,0,0,0,0,0,0,0,0,0,0,0,0,0,0,0,,,,,,,,,,,,,-0.001827839,0,-0.001636364,-0.003818182,-0.001636364,-0.001818182,0.109999999,0.205000002,-0.055000001,0.045000002,-140,-76.92307692
-150,-6.239999771,-6.5,-5.78000021,0,0,0,-0.090000004,0.310000002,0.100000001,-0.100000001,-0.01,-0.02,0.090000004,-0.01,15,0.0016,0.0038,-0.0016,-0.002,0,-0.045000002,0.204999998,-0.055,0.035,0,0,0,0,0,0,0,0,0,0,0,0,0,0,0,0,0,0,0,,,,,,,,,,,,,-0.002282051,0,-0.001636364,-0.003818182,-0.001636364,-0.001818182,0.109999999,0.205000002,-0.055000001,0.035000002,-150,-82.41758242
-155,-7.53000021,-7,-6.179999828,0,0,0,-0.090000004,0.310000002,0.100000001,-0.100000001,-0.01,-0.039999999,0.100000001,-0.01,30,0.0016,0.0038,-0.0016,-0.0025,0,-0.045000002,0.204999998,-0.055,0.0275,0,0,0,0,0,0,0,0,0,0,0,0,0,0,0,0,0,0,0,,,,,,,,,,,,,-0.002754579,0,-0.001636364,-0.003818182,-0.001636364,-0.002,0.109999999,0.205000002,-0.055000001,0.030000001,-155,-85.16483516
-165,-6.75,-7.5,-7.019999981,0,0,0,-0.189999998,0.310000002,0.100000001,-0.100000001,-0.01,-0.100000001,0.100000001,-0.01,44,0.0035,0.0038,-0.0016,-0.0035,0,-0.094999999,0.204999998,-0.055,-0.0025,0,0,0,0,0,0,0,0,0,0,0,0,0,0,0,0,0,0,0,,,,,,,,,,,,,-0.002468864,0,-0.003454545,-0.003818182,-0.001636364,-0.002,0.060000002,0.205000002,-0.055000001,0,-165,-90.65934066
-180,-8.130000114,-8.5,-7.840000153,0,0,-0.090000004,-0.189999998,0.310000002,0.100000001,-0.140000001,0.02,-0.100000001,0.100000001,-0.01,35,0.0018,0.0038,-0.0029,-0.0036,0,-0.140000001,0.204999998,-0.059999999,0,0,0,0,0,0,0,0,0,0,0,0,0,0,0,0,0,0,0,0,,,,,,,,,,,,,-0.002974359,0,-0.001818182,-0.003818182,-0.002909091,-0.002,0.060000002,0.205000002,-0.060000001,0,-180,-98.9010989
-190,-8.880000114,-9,-8.680000305,0,0.01,-0.100000001,-0.189999998,0.319999993,0.100000001,-0.200000003,0.029999999,-0.100000001,0.109999999,-0.01,28,0.0016,0.004,-0.0042,-0.0038,0,-0.144999996,0.209999993,-0.085000001,0.005,0,0,0,0,0,0,0,0,0,0,0,0,0,0,0,0,0,0,0,,,,,,,,,,,,,-0.003249084,-4.31034E-06,-0.001636364,-0.004,-0.004181818,-0.002181818,0.064999998,0.209999997,-0.085000002,0.004999999,-190,-104.3956044
-195,-10.72999954,-11,-10.5,0,-0.02,-0.090000004,-0.270000011,0.419999987,0.200000003,-0.200000003,0.029999999,-0.100000001,0.140000001,-0.01,62,0.0033,0.004,-0.0042,-0.0043,0,-0.180000007,0.310000002,-0.085000001,0.0175,0,0,0,0,0,0,0,0,0,0,0,0,0,0,0,0,0,0,0,,,,,,,,,,,,,-0.00392674,8.62069E-06,-0.003272727,-0.004,-0.004181818,-0.002727273,0.074999988,0.309999995,-0.085000002,0.02,-195,-107.1428571
-220,-12.26000023,-13,-12.18000031,0,-0.02,-0.100000001,-0.280000001,0.519999981,0.200000003,-0.300000012,0.029999999,-0.100000001,0.170000002,-0.01,61,0.0033,0.0058,-0.006,-0.0048,0,-0.189999998,0.360000014,-0.135000005,0.032499999,0,0,0,0,0,0,0,0,0,0,0,0,0,0,0,0,0,0,0,,,,,,,,,,,,,-0.00448718,8.62069E-06,-0.003272727,-0.005818181,-0.006,-0.003272727,0.11999999,0.359999992,-0.135000006,0.035,-220,-120.8791209
-230,-13.39999962,-13.5,-13.02000046,0,-0.02,-0.100000001,-0.280000001,0.529999971,0.200000003,-0.310000002,0.029999999,-0.100000001,0.170000002,-0.01,4,0.0033,0.006,-0.0062,-0.0049,0,-0.189999998,0.36500001,-0.140000001,0.035,0,0,0,0,0,0,0,0,0,0,0,0,0,0,0,0,0,0,0,,,,,,,,,,,,,-0.004904762,8.62069E-06,-0.003272727,-0.005999999,-0.006181818,-0.003272727,0.124999985,0.364999987,-0.140000002,0.035,-230,-126.3736264
-250,-14.93999958,-15,-14.69999981,0,-0.02,-0.090000004,-0.280000001,0.620000005,0.310000002,-0.330000013,0.029999999,-0.119999997,0.180000007,-0.02,13,0.0035,0.0056,-0.0065,-0.0055,0,-0.185000002,0.465000004,-0.150000006,0.029999999,0,0,0,0,0,0,0,0,0,0,0,0,0,0,0,0,0,0,0,,,,,,,,,,,,,-0.005465201,8.62069E-06,-0.003454545,-0.005636364,-0.006545455,-0.003636364,0.170000002,0.465000004,-0.150000007,0.030000005,-250,-137.3626374
-270,-16,-17,-16.37999916,0,-0.02,-0.090000004,-0.280000001,0.629999995,0.289999992,-0.409999996,0.029999999,-0.189999998,0.189999998,-0.02,73,0.0035,0.0062,-0.008,-0.0069,0,-0.185000002,0.460000008,-0.189999998,0,0,0,0,0,0,0,0,0,0,0,0,0,0,0,0,0,0,0,0,,,,,,,,,,,,,-0.00585348,8.62069E-06,-0.003454545,-0.006181818,-0.008,-0.003818182,0.174999997,0.459999993,-0.189999999,0,-270,-148.3516484
-275,-17.29999924,-17.5,-17.20000076,0,-0.02,-0.100000001,-0.280000001,0.629999995,0.219999999,-0.409999996,0.029999999,-0.189999998,0.200000003,-0.02,75,0.0033,0.0075,-0.008,-0.007,0,-0.189999998,0.425000012,-0.189999998,0.0025,0,0,0,0,0,0,0,0,0,0,0,0,0,0,0,0,0,0,0,,,,,,,,,,,,,-0.00632967,8.62069E-06,-0.003272727,-0.007454545,-0.008,-0.004,0.174999997,0.424999997,-0.189999999,0.005000003,-275,-151.0989011
-295,-19.29000092,-19.5,-18.89999962,0,-0.02,-0.090000004,-0.280000001,0.629999995,0.200000003,-0.50999999,0,-0.189999998,0.209999993,-0.02,26,0.0035,0.0078,-0.0093,-0.0073,0,-0.185000002,0.414999992,-0.254999995,0.01,0,0,0,0,0,0,0,0,0,0,0,0,0,0,0,0,0,0,0,,,,,,,,,,,,,-0.007058608,8.62069E-06,-0.003454545,-0.007818182,-0.009272727,-0.004181818,0.174999997,0.414999999,-0.254999995,0.009999998,-295,-162.0879121
-310,-21.44000053,-21,-20.54000092,0,-0.02,-0.100000001,-0.330000013,0.629999995,0.200000003,-0.610000014,-0.059999999,-0.189999998,0.239999995,-0.02,16,0.0042,0.0078,-0.01,-0.0078,0,-0.215000004,0.414999992,-0.335000008,0.025,0,0,0,0,0,0,0,0,0,0,0,0,0,0,0,0,0,0,0,,,,,,,,,,,,,-0.007846154,8.62069E-06,-0.004181818,-0.007818182,-0.01,-0.004727273,0.149999991,0.414999999,-0.335000006,0.024999999,-310,-170.3296703
-315,-26.01000023,-26,-25.55999947,-0.01,-0.090000004,-0.090000004,-0.280000001,0.839999974,0.310000002,-0.800000012,-0.059999999,-0.25,0.230000004,-0.02,59,0.0035,0.0096,-0.0135,-0.0087,0,-0.185000002,0.574999988,-0.430000007,-0.01,0,0,0,0,0,0,0,0,0,0,0,0,0,0,0,0,0,0,0,,,,,,,,,,,,,-0.009520147,3.44828E-05,-0.003454545,-0.009636363,-0.013454546,-0.004545455,0.279999986,0.574999988,-0.430000005,-0.009999998,-315,-173.0769231
-351,-29.54000092,-30,-29.15999985,0,-0.050000001,-0.100000001,-0.319999993,0.939999998,0.310000002,-0.899999976,-0.100000001,-0.289999992,0.280000001,-0.029999999,49,0.004,0.0115,-0.0145,-0.0103,0,-0.209999993,0.625,-0.5,-0.0075,0,0,0,0,0,0,0,0,0,0,0,0,0,0,0,0,0,0,0,,,,,,,,,,,,,-0.010809524,2.15517E-05,-0.004,-0.011454545,-0.014545454,-0.005636364,0.310000002,0.625,-0.499999989,-0.004999995,-351,-192.8571429
-366,-31.5,-31.5,-30.94000053,-0.01,-0.029999999,-0.100000001,-0.379999995,0.949999988,0.300000012,-0.920000017,-0.100000001,-0.289999992,0.289999992,-0.029999999,27,0.0051,0.0118,-0.0149,-0.0105,0,-0.239999995,0.625,-0.50999999,0,0,0,0,0,0,0,0,0,0,0,0,0,0,0,0,0,0,0,0,,,,,,,,,,,,,-0.011527473,8.62069E-06,-0.005090909,-0.011818181,-0.014909091,-0.005818182,0.284999996,0.625,-0.510000009,0,-366,-201.0989011
-386,-35.27000046,-35.5,-34.54000092,-0.01,-0.02,-0.100000001,-0.379999995,1.090000033,0.409999996,-1.019999981,-0.059999999,-0.289999992,0.310000002,-0.029999999,32,0.0051,0.0124,-0.0175,-0.0109,0,-0.239999995,0.75,-0.540000021,0.01,0,0,0,0,0,0,0,0,0,0,0,0,0,0,0,0,0,0,0,,,,,,,,,,,,,-0.012908425,4.31034E-06,-0.005090909,-0.012363637,-0.017454545,-0.006181818,0.355000019,0.750000015,-0.53999999,0.010000005,-386,-212.0879121
-411,-38.59999847,-38.5,-38.13999939,0,0,-0.100000001,-0.379999995,1.230000019,0.409999996,-1.019999981,-0.029999999,-0.370000005,0.330000013,-0.039999999,51,0.0051,0.0149,-0.017999999,-0.0126,0,-0.239999995,0.819999993,-0.524999976,-0.022500001,0,0,0,0,0,0,0,0,0,0,0,0,0,0,0,0,0,0,0,,,,,,,,,,,,,-0.014124542,0,-0.005090909,-0.014909091,-0.018,-0.006727273,0.425000012,0.820000008,-0.52499999,-0.019999996,-411,-225.8241758
-416,-40.20999908,-40,-39.91999817,0,0.01,-0.100000001,-0.430000007,1.25999999,0.409999996,-1.029999971,0.02,-0.379999995,0.319999993,-0.050000001,64,0.006,0.0155,-0.019099999,-0.0127,0,-0.264999986,0.834999979,-0.504999995,-0.029999999,0,0,0,0,0,0,0,0,0,0,0,0,0,0,0,0,0,0,0,,,,,,,,,,,,,-0.014710622,-4.31034E-06,-0.006,-0.015454545,-0.019090909,-0.006727273,0.414999992,0.834999993,-0.504999986,-0.030000001,-416,-228.5714286
-426,-44.02999878,-43.5,-43.34000015,0,0.01,-0.100000001,-0.469999999,1.429999948,0.50999999,-1.019999981,0.07,-0.379999995,0.300000012,-0.050000001,65,0.0067,0.0167,-0.0198,-0.0124,0,-0.284999996,0.970000029,-0.474999994,-0.039999999,0,0,0,0,0,0,0,0,0,0,0,0,0,0,0,0,0,0,0,,,,,,,,,,,,,-0.01610989,-4.31034E-06,-0.006727273,-0.016727272,-0.019818181,-0.006363637,0.479999974,0.969999969,-0.47499999,-0.039999992,-426,-234.0659341
-441,-85.73999786,-85,-84.54000092,-0.100000001,0.01,-0.090000004,-0.939999998,2.859999895,0.709999979,-0.819999993,1.24000001,-0.959999979,0.079999998,-0.039999999,83,0.0155,0.039099999,-0.037500001,-0.0189,0,-0.514999986,1.784999967,0.209999993,-0.439999998,0,0,0,0,0,0,0,0,0,0,0,0,0,0,0,0,0,0,0,,,,,,,,,,,,,-0.031391941,-4.74138E-05,-0.015454545,-0.039090908,-0.037454545,-0.002181818,0.959999949,1.784999937,0.210000008,-0.43999999,-441,-242.3076923
-451,-89.08000183,-88.5,-88.01999664,-0.090000004,0.01,-0.100000001,-0.939999998,2.940000057,0.709999979,-0.819999993,1.350000024,-1.049999952,0.07,-0.039999999,80,0.0153,0.0405,-0.039500002,-0.020500001,0,-0.519999981,1.825000048,0.264999986,-0.487500012,0,0,0,0,0,0,0,0,0,0,0,0,0,0,0,0,0,0,0,,,,,,,,,,,,,-0.032615385,-4.31034E-05,-0.015272727,-0.040545456,-0.039454546,-0.002,1.00000003,1.825000018,0.265000015,-0.489999976,-451,-247.8021978
-471,-151.7400055,-150,-151.7400055,-0.100000001,0.079999998,-0.189999998,-1.820000052,5.329999924,1.230000019,0,3.75,-1.049999952,0.49000001,-0.050000001,90,0.0296,0.074500002,-0.0682,-0.028000001,-1E-04,-1.004999995,3.279999971,1.875,-0.280000001,0,0,0,0,0,0,0,0,0,0,0,0,0,0,0,0,0,0,0,,,,,,,,,,,,,-0.055564105,-7.75862E-05,-0.029636365,-0.074545453,-0.068181818,-0.009818182,1.754999936,3.279999971,1.875,-0.279999971,-471,-258.7912088
-501,-165.8800049,-164.5,-165.8800049,-0.090000004,0.109999999,-0.189999998,-1.99000001,5.71999979,1.120000005,0.209999993,4.329999924,-1.049999952,0.569999993,-0.050000001,79,0.032699998,0.0836,-0.074900001,-0.0295,-1E-04,-1.090000033,3.420000076,2.269999981,-0.239999995,0,0,0,0,0,0,0,0,0,0,0,0,0,0,0,0,0,0,0,,,,,,,,,,,,,-0.060743592,-8.62069E-05,-0.032727273,-0.08363636,-0.07490909,-0.011272727,1.86499989,3.419999897,2.269999959,-0.23999998,-501,-275.2747253
-516,-178.9499969,-178.5,-178.9499969,-0.090000004,0.109999999,-0.189999998,0.029999999,6.070000172,1.129999995,0.389999986,4.840000153,-1.149999976,0.610000014,-0.059999999,73,-0.004,0.0898,-0.080899999,-0.032099999,-1E-04,-0.079999998,3.599999905,2.61500001,-0.267500013,0,0,0,0,0,0,0,0,0,0,0,0,0,0,0,0,0,0,0,,,,,,,,,,,,,-0.065527471,-8.62069E-05,0.004,-0.089818185,-0.080909094,-0.012181818,3.050000085,3.600000083,2.615000069,-0.269999981,-516,-283.5164835
