CH.000,CH.001,CH.002,CH.003,CH.004,CH.005,CH.006,CH.007,CH.008,CH.009,CH.010,CH.011,CH.012,CH.013,CH.014,CH.015,CH.020,CH.021,CH.022,CH.023,CH.024,CH.025,CH.026,CH.027,CH.028,CH.029,CH.030,CH.031,CH.032,CH.033,CH.034,CH.035,CH.036,CH.037,CH.038,CH.039,CH.040,CH.041,CH.042,CH.043,CH.044,CH.045,CH.046,CH.047,CH.048,,,,,,,,,,,,GAMMA,THETA,THETA-UL,THETA-UR,THETA-DL,THETA-DR,DELTA-UL,DELTA-UR,DELTA-DL,DELTA-DR,CH.000,P/M
0,0.560000002,0,0,0,0.01,0,0,0,0,0.01,0,0,0,0,-13,-11,24,-2,-4,-5,-12,-11,-14,5,-7,6,3,-25,-13,-9,-12,-9,-5,-7,-1,-14,-6,-12,-10,1,-8,-5,-5,,,,,,,,,,,,,0.000205128,-4.31034E-06,0,0,0.000181818,0,0,0,0.005,0,0,0
70,0.560000002,0.5,0.100000001,0,0,0,0,0,0,0,0.07,-0.050000001,-0.029999999,0,-20,7,19,-7,24,-7,-21,-9,-8,5,-4,18,1,-25,6,-7,-11,3,6,-6,2,3,-5,-10,15,2,-4,7,-1,,,,,,,,,,,,,0.000205128,0,0,0,-0.001272727,0.000545455,0,0,0.035,-0.04,70,38.46153846
130,0.720000029,1,0.400000006,0,0.01,0.01,0,0,-0.01,0.100000001,0.100000001,-0.050000001,-0.039999999,0,-15,13,37,-2,21,-8,-12,-2,2,19,-16,11,15,-18,10,9,-2,15,22,2,-13,12,6,-3,22,15,0,10,12,,,,,,,,,,,,,0.000263736,-4.31034E-06,-0.000181818,-0.000181818,0,0.000727273,0,-0.005,0.100000001,-0.045,130,71.42857143
200,0.959999979,1.5,0.860000014,0,0.01,0.01,0.050000001,-0.100000001,-0.050000001,0.119999997,0.189999998,-0.090000004,-0.090000004,0,-14,13,37,4,17,1,-4,-6,-3,6,-26,8,14,-13,1,-1,-6,6,15,-2,-17,1,-2,-4,15,10,4,8,-3,,,,,,,,,,,,,0.000351648,-4.31034E-06,0.000727273,0.000909091,-0.001272727,0.001636364,-0.025,-0.075000001,0.154999997,-0.090000004,200,109.8901099
275,1.679999948,2,1.440000057,0.01,0.01,0.100000001,0.100000001,-0.209999993,-0.200000003,0.189999998,0.239999995,-0.150000006,-0.129999995,-0.01,-16,-12,27,0,-4,-17,-6,-18,-9,8,-8,-11,1,-28,-12,-9,-2,-7,0,-7,-4,-18,-1,-8,3,-2,-1,-9,-5,,,,,,,,,,,,,0.000619048,0,0,0.000181818,-0.000909091,0.002181818,-0.054999996,-0.204999998,0.214999996,-0.140000001,275,151.0989011
346,2.339999914,2.5,2.039999962,0.029999999,0.01,0.129999995,0.189999998,-0.370000005,-0.319999993,0.289999992,0.280000001,-0.140000001,-0.159999996,0,-12,-4,18,4,0,-7,2,-12,-13,10,-14,-8,10,-7,-9,-2,8,-11,-2,3,-6,-9,5,-4,-3,1,8,-3,0,,,,,,,,,,,,,0.000857143,8.62069E-06,0.001090909,0.000909091,0.000181818,0.002909091,-0.090000004,-0.344999999,0.284999996,-0.149999999,346,190.1098901
411,2.869999886,3,2.619999886,0.039999999,0.01,0.189999998,0.280000001,-0.519999981,-0.379999995,0.379999995,0.379999995,-0.140000001,-0.209999993,0,-15,8,25,12,3,-6,-9,-13,-12,16,-17,3,5,-18,-10,5,-13,1,7,-5,-7,5,-8,-4,8,6,-3,7,-7,,,,,,,,,,,,,0.001051282,1.2931E-05,0.001636364,0.002545454,0,0.003818182,-0.11999999,-0.449999988,0.379999995,-0.174999997,411,225.8241758
491,3.950000048,3.5,3.460000038,0.050000001,0.01,0.289999992,0.379999995,-0.629999995,-0.519999981,0.479999989,0.439999998,-0.140000001,-0.230000004,0,-21,4,40,4,10,-8,-6,0,-8,22,-20,-4,8,-5,-3,3,6,7,5,8,-14,-5,11,2,4,13,7,1,4,,,,,,,,,,,,,0.001446886,1.72414E-05,0.001636364,0.002,0.000727273,0.004181818,-0.125,-0.574999988,0.459999993,-0.185000002,491,269.7802198
511,4.21999979,4,3.660000086,0.050000001,0.01,0.289999992,0.379999995,-0.730000019,-0.620000005,0.479999989,0.479999989,-0.140000001,-0.239999995,0,-33,-3,25,3,-4,-2,-19,-10,1,14,11,6,1,-24,0,-5,-8,8,-4,-7,5,-10,-5,2,-1,-1,1,1,-4,,,,,,,,,,,,,0.001545787,1.72414E-05,0.001636364,0.002,0,0.004363636,-0.175000012,-0.675000012,0.479999989,-0.189999998,511,280.7692308
591,4.730000019,4.5,4.639999866,0.050000001,0.01,0.389999986,0.479999989,-0.839999974,-0.709999979,0.579999983,0.569999993,-0.180000007,-0.300000012,-0.01,-19,10,37,10,-1,3,-9,-10,-4,12,5,10,5,-11,2,-2,3,6,5,8,-2,-3,-1,5,0,9,13,5,-11,,,,,,,,,,,,,0.001736264,1.72414E-05,0.001636364,0.002363636,0.000181818,0.005272727,-0.179999992,-0.774999976,0.574999988,-0.24000001,591,324.7252747
606,5,5,4.860000134,0.050000001,0.01,0.389999986,0.529999971,-0.839999974,-0.720000029,0.670000017,0.569999993,-0.189999998,-0.319999993,0,-19,-7,22,16,-7,-6,-12,-20,-11,12,2,-5,0,-20,-8,-8,-1,-5,-4,3,1,-17,-5,-1,-8,5,5,-6,-9,,,,,,,,,,,,,0.001831502,1.72414E-05,0.002545454,0.002181817,0.001818182,0.005818182,-0.155000001,-0.780000001,0.620000005,-0.254999995,606,332.967033
666,6.179999828,6,6.059999943,-0.01,0.01,0.479999989,0.649999976,-0.910000026,-0.730000019,0.75999999,0.670000017,-0.239999995,-0.370000005,0,-3,-12,20,-1,12,1,10,-2,-16,10,-19,-3,17,-8,1,1,4,8,5,9,-12,-7,10,3,6,7,9,9,1,,,,,,,,,,,,,0.002263736,-8.62069E-06,0.003090909,0.003272727,0.001636363,0.006727273,-0.130000025,-0.820000023,0.715000004,-0.305,666,365.9340659
781,7.289999962,7,7.5,-0.01,0.01,0.589999974,0.75,-0.949999988,-0.829999983,1.019999981,0.920000017,-0.239999995,-0.400000006,0,-6,-17,26,0,0,-13,-2,-13,-13,13,-19,-11,5,-21,-10,-13,-6,1,-2,3,-17,-19,-1,-4,1,3,0,-6,-18,,,,,,,,,,,,,0.00267033,-8.62069E-06,0.002909091,0.002181818,0.001818181,0.007272727,-0.099999994,-0.889999986,0.969999999,-0.32,781,429.1208791
816,8.079999924,7.5,7.960000038,-0.01,0.01,0.670000017,0.790000021,-1.049999952,-0.829999983,1.139999986,1.019999981,-0.239999995,-0.409999996,0,4,-15,15,-8,-5,-16,-15,-11,-5,17,9,-4,1,-29,-5,-12,-9,-4,-16,-3,7,-19,-4,-14,-6,-11,-4,-10,-9,,,,,,,,,,,,,0.002959707,-8.62069E-06,0.002181818,0.003999999,0.002181818,0.007454545,-0.129999965,-0.939999968,1.079999983,-0.324999996,816,448.3516484
881,8.670000076,8.5,8.899999619,0,0.01,0.699999988,0.870000005,-1.049999952,-0.819999993,1.370000005,1.25,-0.239999995,-0.449999988,0,-11,-8,25,-16,14,-7,-11,-2,-18,-7,-26,1,2,-14,2,-12,-16,-3,11,-11,-4,0,-10,-10,4,7,-5,4,-6,,,,,,,,,,,,,0.003175824,-4.31034E-06,0.003090909,0.004181817,0.002181818,0.008181818,-0.089999974,-0.934999973,1.310000002,-0.344999991,881,484.0659341
911,9.420000076,9,9.380000114,-0.01,0.01,0.769999981,0.939999998,-1.049999952,-0.829999983,1.49000001,1.360000014,-0.239999995,-0.460000008,0,2,-10,27,-11,17,-2,-7,-2,-15,-1,-23,7,7,-16,-7,-2,-13,5,0,-9,-22,-10,3,-8,-2,1,-11,1,-4,,,,,,,,,,,,,0.003450549,-8.62069E-06,0.003090909,0.003999999,0.002363636,0.008363637,-0.054999977,-0.939999968,1.425000012,-0.350000001,911,500.5494505
941,9.81000042,9.5,9.880000114,-0.01,0.01,0.769999981,0.99000001,-1.049999952,-0.829999983,1.610000014,1.470000029,-0.239999995,-0.460000008,-0.01,-7,-25,27,-4,-2,-16,-10,-13,-12,18,-12,-17,6,-21,-17,-11,0,-4,-6,-4,-19,-27,-7,-1,-9,1,0,-12,-12,,,,,,,,,,,,,0.00359707,-8.62069E-06,0.004000001,0.003999999,0.002545454,0.008181818,-0.029999971,-0.939999968,1.540000021,-0.350000001,941,517.032967
971,10.59000015,10.5,10.69999981,-0.039999999,0.01,0.860000014,1.090000033,-1.049999952,-0.819999993,1.799999952,1.620000005,-0.239999995,-0.469999999,-0.01,-1,-9,34,-6,6,-12,-7,-5,1,7,-16,-9,18,-12,-6,0,-5,14,2,2,-18,-7,5,1,12,3,5,-4,2,,,,,,,,,,,,,0.003882784,-2.15517E-05,0.004181819,0.004181817,0.003272726,0.008363636,0.020000041,-0.934999973,1.709999979,-0.354999997,971,533.5164835
1022,11.97999954,11.5,12.03999996,-0.039999999,0.100000001,1.169999957,1.460000038,-0.839999974,-0.620000005,1.940000057,1.789999962,-0.239999995,-0.540000021,0,9,0,17,14,6,12,7,5,-4,17,-14,9,20,-8,4,6,4,15,17,15,-7,-7,11,4,20,20,16,9,3,,,,,,,,,,,,,0.004388278,-6.03448E-05,0.005272729,0.003999999,0.002727274,0.009818182,0.310000032,-0.729999989,1.86500001,-0.390000008,1022,561.5384615
1082,12.76000023,12.5,12.97999954,-0.039999999,0.100000001,1.320000052,1.639999986,-0.839999974,-0.620000005,2.099999905,1.950000048,-0.239999995,-0.579999983,-0.01,9,8,1,-8,-3,-21,-21,-5,-1,-5,-11,0,-6,-29,-2,-14,-19,8,9,-12,-8,-14,-12,-12,19,9,-11,-8,-15,,,,,,,,,,,,,0.004677656,-6.03448E-05,0.005818181,0.003999999,0.00272727,0.010363636,0.400000006,-0.729999989,2.024999976,-0.409999989,1082,594.5054945
1192,15.18999958,14.5,14.89999962,-0.039999999,0.100000001,1.600000024,1.99000001,-0.839999974,-0.620000005,2.460000038,2.269999981,-0.239999995,-0.639999986,0,12,6,32,3,27,12,4,1,5,1,-24,26,21,-12,20,5,-9,14,20,9,-14,5,8,1,20,19,5,19,5,,,,,,,,,,,,,0.005564102,-6.03448E-05,0.007090909,0.003999999,0.003454546,0.011636363,0.575000018,-0.729999989,2.36500001,-0.43999999,1192,654.9450549
1237,15.55000019,15,15.85999966,-0.039999999,0.100000001,1.75,2.180000067,-0.790000021,-0.519999981,2.650000095,2.450000048,-0.239999995,-0.660000026,0,2,-3,12,6,15,-5,-9,-5,-10,12,-14,6,6,-14,2,3,-9,10,3,3,-1,0,6,-2,12,7,0,8,0,,,,,,,,,,,,,0.005695971,-6.03448E-05,0.007818183,0.004909092,0.003636365,0.012,0.695000023,-0.655000001,2.550000072,-0.45000001,1237,679.6703297
1282,16.79999924,16,16.79999924,-0.039999999,0.100000001,1.889999986,2.339999914,-0.730000019,-0.519999981,2.829999924,2.630000114,-0.230000004,-0.670000017,0,11,-12,7,3,1,-8,-5,-18,-18,1,-9,-12,6,-29,-9,-12,-7,-7,-7,5,-7,-19,-3,-5,-2,1,1,1,-8,,,,,,,,,,,,,0.006153846,-6.03448E-05,0.008181817,0.003818183,0.00363636,0.012181818,0.804999948,-0.625,2.730000019,-0.45000001,1282,704.3956044
1367,18.38999939,17.5,18.63999939,-0.039999999,0.100000001,2.180000067,2.720000029,-0.730000019,-0.519999981,3.190000057,2.980000019,-0.200000003,-0.709999979,0,0,-10,16,7,9,8,-8,-16,-16,3,-14,26,11,-12,-2,2,-14,-1,-2,7,-2,1,-1,-12,-6,10,2,13,-1,,,,,,,,,,,,,0.006736264,-6.03448E-05,0.009818181,0.003818183,0.003818183,0.012909091,0.995000005,-0.625,3.085000038,-0.454999991,1367,751.0989011
1407,19.46999931,18.5,19.60000038,-0.039999999,0.100000001,2.359999895,2.940000057,-0.730000019,-0.49000001,3.380000114,3.140000105,-0.159999996,-0.74000001,0,4,-23,0,4,-4,-3,-4,-22,-29,-6,-10,-8,3,-25,-9,-14,-15,-10,-8,-6,-8,-20,-6,-13,-4,-5,-4,-5,-13,,,,,,,,,,,,,0.007131868,-6.03448E-05,0.010545457,0.004363637,0.004363637,0.013454546,1.105000019,-0.610000014,3.26000011,-0.450000003,1407,773.0769231
1457,21.20000076,20,21.37999916,-0.039999999,0.100000001,2.670000076,3.309999943,-0.629999995,-0.419999987,3.690000057,3.440000057,-0.140000001,-0.790000021,0,15,-21,-13,-9,-11,-20,-16,-26,-40,-8,-11,-20,-8,-25,-13,-20,-15,-16,-13,-11,-1,-23,-8,-22,-6,-9,-5,-12,-16,,,,,,,,,,,,,0.007765568,-6.03448E-05,0.011636361,0.003818182,0.004545455,0.014363637,1.339999974,-0.524999991,3.565000057,-0.465000011,1457,800.5494505
1617,27.29000092,26.5,27.47999954,-0.039999999,1.059999943,3.960000038,4.940000057,0.079999998,0.340000004,4.420000076,4.079999924,0.090000004,-0.720000029,0.100000001,24,-14,7,-5,16,-8,0,-3,-25,3,-35,-12,12,-25,-13,-5,-12,6,-7,-6,-31,-10,5,-3,3,-3,-11,4,-4,,,,,,,,,,,,,0.009959707,-0.000474138,0.017818182,0.004727273,0.006181821,0.014909091,2.510000028,0.210000001,4.25,-0.315000013,1617,888.4615385
1678,29.38999939,28.5,29.55999947,-0.039999999,1.059999943,4.289999962,5.349999905,0.189999998,0.409999996,4.75,4.400000095,0.109999999,-0.779999971,0.100000001,17,-25,7,-15,7,-28,-22,-13,-31,4,-17,-19,3,-26,-6,-21,-17,-5,-5,-6,-14,-8,-7,-18,-5,-1,-2,-4,-9,,,,,,,,,,,,,0.010728938,-0.000474138,0.019272726,0.004,0.006363635,0.016,2.769999951,0.299999997,4.575000048,-0.334999986,1678,921.978022
1733,31.80999947,30.5,31.63999939,-0.039999999,1.059999943,4.670000076,5.789999962,0.289999992,0.50999999,5.110000134,4.75,0.140000001,-0.810000002,0.100000001,26,-15,24,-4,9,-15,-8,-17,-23,0,-26,-22,2,-34,-15,-10,-17,4,-3,-4,-14,-21,3,-14,2,-1,-8,1,-15,,,,,,,,,,,,,0.011615384,-0.000474138,0.020363634,0.004,0.006545457,0.016545455,3.039999977,0.399999991,4.930000067,-0.335000001,1733,952.1978022
1828,35.56999969,34.5,35.72000122,-0.039999999,1.059999943,5.460000038,6.820000172,0.449999988,0.720000029,5.820000172,5.420000076,0.140000001,-0.899999976,0.100000001,23,-3,22,-6,15,-6,-14,0,-16,11,-17,3,9,-25,4,-6,-14,7,5,1,-12,-7,1,-8,9,6,-6,4,-4,,,,,,,,,,,,,0.012992674,-0.000474138,0.024727275,0.004909092,0.007272729,0.018181818,3.63500008,0.585000008,5.620000124,-0.379999988,1828,1004.395604
1858,37.66999817,37,37.81999969,-0.050000001,1.059999943,5.889999866,7.300000191,0.550000012,0.819999993,6.139999866,5.730000019,0.140000001,-0.939999998,0.100000001,13,-17,23,-1,14,-7,-3,-1,-11,17,-18,-6,9,-22,2,-4,-10,9,-1,6,-11,-9,6,-2,4,8,0,10,1,,,,,,,,,,,,,0.013761904,-0.000478448,0.02563637,0.004909091,0.007454543,0.018909091,3.925000101,0.685000002,5.934999943,-0.399999999,1858,1020.879121
1863,41.66999817,40,41.91999817,-0.140000001,0.959999979,6.909999847,8.590000153,0.889999986,1.159999967,6.519999981,6.090000153,0.219999999,-0.959999979,0.100000001,17,-11,14,-7,21,-13,-5,-2,-19,5,-5,-2,7,-27,-3,-15,-15,11,3,-8,-7,-7,-7,-12,14,7,-8,-3,-7,,,,,,,,,,,,,0.015227106,-0.000474138,0.03054546,0.004909091,0.007818179,0.019272727,4.740000069,1.024999976,6.305000067,-0.36999999,1863,1023.626374
