#変形角	gamma	gamma2	変位計1	変位計2	変位計3	変位計4	変位計5	変位計6	変位計7	変位計8	変位計9	変位計10	変位計11	変位計12	変位計13	荷重14	荷重0
#変形角	gamma	gamma2	0	0	0	0.01	0	-0.02	-0.01	-0.01	0	-0.02	0	0.05	-0.1	0	9
8.24742268041237e-05	0	0.19	-0.01	-0.01	-0.03	0	0.01	0	-0.02	0	-0.02	0	0.05	0.05	0	17
0.000820618556701031	6.18556701030928e-05	1.98	-0.01	0	-0.03	0.09	0.1	0.05	-0.02	0.04	0.02	0	0.25	0.1	0	43
0.00148041237113402	0.000144329896907216	3.68	0.09	-0.01	-0.04	0.14	0.24	0.07	-0.02	0.12	0.1	0	0.4	0.05	0	65
0.0022639175257732	0.00022680412371134	5.58	0.09	-0.19	-0.03	0.16	0.36	0.09	-0.02	0.18	0.2	0	0.7	0.15	0	88
0.00285773195876289	0.000268041237113402	7.03	0.1	-0.31	-0.04	0.19	0.38	0.1	-0.02	0.26	0.28	0	0.8	0.15	0	102
0.00308041237113402	0.000288659793814433	7.67	0.2	-0.4	-0.03	0.2	0.4	0.11	-0.01	0.34	0.34	0	0.85	0.15	0	102
0.00261443298969072	0.00022680412371134	6.54	0.2	-0.3	-0.02	0.13	0.41	0.09	-0.01	0.34	0.34	0	0.6	0.05	0	71
0.00198350515463918	0.000185567010309278	5.02	0.21	-0.3	0	0.07	0.29	0.08	-0.01	0.32	0.26	0	0.45	0	0	38
0.00124536082474227	0.000103092783505155	3.13	0.11	-0.2	0.01	0.02	0.11	0.06	0	0.3	0.2	0	0.25	0	0	8
0.000775257731958763	6.18556701030928e-05	1.99	0.11	-0.2	0.02	0	0.04	0.05	-0.01	0.24	0.16	0	0.1	-0.05	0	-2
-0.000111340206185567	0	-0.18	0.09	-0.1	0	-0.03	-0.09	0.03	-0.01	0.1	0.1	0	0	0	0	-28
-0.000309278350515464	-2.06185567010309e-05	-0.75	0	-0.1	0	-0.03	-0.14	0.03	-0.01	0.04	0.08	0	-0.05	0	0	-33
-0.00104742268041237	-6.18556701030928e-05	-2.55	-0.01	-0.09	0	-0.05	-0.25	0.02	0	-0.14	-0.06	0	-0.2	-0.05	0	-44
-0.00174432989690722	-0.000103092783505155	-4.35	-0.12	0.01	0	-0.09	-0.43	-0.04	-0.02	-0.2	-0.18	0	-0.4	-0.15	0	-68
-0.00252371134020619	-0.000164948453608247	-6.33	-0.21	0.31	0	-0.18	-0.63	-0.14	-0.01	-0.28	-0.22	0	-0.55	-0.15	0	-95
-0.00287422680412371	-0.000206185567010309	-7.19	-0.22	0.42	-0.01	-0.22	-0.67	-0.18	-0.02	-0.32	-0.24	0	-0.6	-0.1	0	-108
-0.0030680412371134	-0.000185567010309278	-7.66	-0.22	0.46	-0.01	-0.24	-0.69	-0.2	0	-0.38	-0.26	0	-0.6	-0.15	0	-104
-0.00221443298969072	-0.000144329896907216	-5.58	-0.21	0.32	-0.02	-0.15	-0.48	0	-0.02	-0.38	-0.24	0	-0.4	-0.05	0	-49
-0.0014680412371134	-0.000103092783505155	-3.68	-0.12	0.22	-0.05	-0.06	-0.26	0.11	-0.02	-0.26	-0.18	0	-0.2	0.05	0	-20
-0.00123711340206186	-8.24742268041237e-05	-3.12	-0.12	0.22	-0.04	-0.03	-0.21	0.13	-0.03	-0.26	-0.18	0	-0.15	0.05	0	-12
-0.00088659793814433	-6.18556701030928e-05	-2.27	-0.12	0.22	-0.05	0	-0.14	0.19	-0.02	-0.2	-0.1	0	-0.05	0.1	0	0
#変形角	gamma	gamma2	-0.01	-0.01	0.11	-0.05	0.06	-0.09	0.21	-0.03	-0.06	-0.02	0	0.2	0.15	0	20
0.00094020618556701	0.000103092783505155	2.37	0.09	0.01	-0.05	0.12	-0.05	0.22	-0.02	0.06	0.1	0	0.35	0.1	0	43
0.00187628865979381	0.000164948453608247	4.64	0.09	-0.17	-0.02	0.15	-0.02	0.23	-0.02	0.14	0.18	0	0.5	0.1	0	67
0.00281649484536082	0.000309278350515464	6.92	0.09	-0.39	-0.02	0.19	-0.01	0.24	0	0.24	0.3	0	0.85	0.1	0	96
0.00367835051546392	0.000371134020618557	9.1	0.18	-0.49	-0.03	0.23	0.03	0.27	0.01	0.36	0.42	0	1.05	0.15	0	124
0.00393814432989691	0.000371134020618557	9.75	0.2	-0.49	-0.03	0.22	0.04	0.25	0	0.44	0.46	0	1.05	0.15	0	118
0.00304329896907216	0.000288659793814433	7.58	0.2	-0.49	-0.03	0.1	0.02	0.22	0	0.38	0.42	0	0.8	0.1	0	68
0.00202474226804124	0.00022680412371134	5.12	0.21	-0.38	-0.01	0.04	0.02	0.2	0	0.36	0.34	0	0.6	0.05	0	27
0.00105567010309278	0.000123711340206186	2.66	0.1	-0.18	0.01	0	0	0.19	0.01	0.34	0.3	0	0.25	-0.05	0	-1
0.000119587628865979	4.12371134020619e-05	0.39	0.1	-0.08	0	-0.03	-0.03	0.18	0.01	0.2	0.22	0	0.1	0	0	-19
-0.000148453608247423	2.06185567010309e-05	-0.27	0.09	-0.08	-0.01	-0.02	-0.03	0.17	0.01	0.16	0.24	0	0.05	0	0	-25
-0.000428865979381443	0	-1.04	0	-0.09	0.01	-0.03	-0.09	0.18	0.01	0.04	0.2	0	-0.05	-0.05	0	-31
-0.00124536082474227	-8.24742268041237e-05	-3.02	0	0.01	0.01	-0.05	-0.21	0.15	0	-0.16	0.02	0	-0.25	-0.05	0	-46
-0.00209896907216495	-0.000123711340206186	-5.2	-0.11	0.21	0.01	-0.12	-0.44	0.05	0.01	-0.28	-0.16	0	-0.4	-0.1	0	-70
-0.00303505154639175	-0.000206185567010309	-7.57	-0.21	0.42	-0.01	-0.22	-0.61	-0.05	-0.01	-0.36	-0.24	0	-0.6	-0.1	0	-108
-0.00341855670103093	-0.000247422680412371	-8.61	-0.32	0.52	-0.02	-0.23	-0.65	-0.06	-0.01	-0.38	-0.26	0	-0.65	-0.05	0	-123
-0.00342268041237113	-0.00022680412371134	-8.62	-0.32	0.51	-0.01	-0.24	-0.65	-0.05	-0.01	-0.36	-0.26	0	-0.65	-0.1	0	-118
-0.00247835051546392	-0.000144329896907216	-6.23	-0.22	0.42	-0.01	-0.15	-0.49	0.01	-0.01	-0.42	-0.26	0	-0.45	-0.1	0	-54
-0.00154639175257732	-8.24742268041237e-05	-3.87	-0.12	0.22	-0.02	-0.04	-0.19	0.15	-0.02	-0.32	-0.22	0	-0.25	-0.05	0	-20
-0.00136082474226804	-6.18556701030928e-05	-3.41	-0.11	0.12	0	-0.02	-0.14	0.18	-0.01	-0.26	-0.18	0	-0.2	-0.05	0	-14
-0.00107628865979381	-4.12371134020619e-05	-2.73	-0.12	0.11	-0.03	0.01	-0.13	0.22	-0.01	-0.22	-0.14	0	-0.05	0.05	0	-6
-0.000144329896907216	4.12371134020619e-05	-0.37	-0.02	0.02	-0.03	0.06	-0.08	0.23	-0.02	-0.06	-0.02	0	0.15	0.05	0	18
0.000820618556701031	0.000144329896907216	2.08	0.09	-0.08	-0.03	0.1	-0.05	0.23	-0.01	0.1	0.08	0	0.4	0.05	0	37
0.00187628865979381	0.00022680412371134	4.64	0.09	-0.18	-0.04	0.14	-0.02	0.24	-0.02	0.24	0.2	0	0.6	0.05	0	62
0.00273814432989691	0.000309278350515464	6.82	0.18	-0.39	0	0.21	0	0.24	-0.02	0.32	0.28	0	0.8	0.05	0	88
0.00372371134020619	0.000371134020618557	9.24	0.21	-0.49	0	0.25	0.01	0.26	0.01	0.4	0.46	0	1	0.1	0	120
0.00463917525773196	0.00045360824742268	11.46	0.21	-0.63	-0.01	0.3	0.01	0.27	0.01	0.54	0.54	0	1.2	0.1	0	148
0.00549690721649485	0.000536082474226804	13.63	0.3	-0.72	-0.01	0.34	0.03	0.28	0.02	0.78	0.7	0	1.45	0.15	0	170
0.00637938144329897	0.000597938144329897	15.78	0.31	-0.2	0	0.4	0.03	0.29	0.02	1.04	0.86	0	1.65	0.2	0	189
0.00694020618556701	0.00065979381443299	17.14	0.31	-0.82	-0.02	0.43	0.04	0.29	0.04	1.22	0.94	0	1.8	0.2	0	201
0.00725773195876289	0.000639175257731959	18	0.4	-0.79	-0.02	0.44	0.05	0.28	0.05	1.36	1.06	0	1.8	0.25	0	193
0.00635051546391753	0.000577319587628866	15.81	0.41	-0.83	-0.03	0.24	0.06	0.24	0.05	1.32	0.98	0	1.6	0.2	0	136
0.00541855670103093	0.000515463917525773	13.55	0.41	-0.68	-0.01	0.17	0.06	0.24	0.06	1.26	0.88	0	1.4	0.15	0	93
0.0044	0.000412371134020619	11.08	0.41	-0.59	-0.02	0.12	0.06	0.22	0.05	1.22	0.78	0	1.1	0.1	0	53
0.00342268041237113	0.000350515463917526	8.72	0.42	-0.57	0	0.08	0.04	0.23	0.06	1.18	0.66	0	0.9	0.05	0	23
0.00241649484536082	0.000247422680412371	6.17	0.31	-0.38	0	0.05	0.03	0.21	0.06	1.06	0.54	0	0.65	0.05	0	-1
0.00148041237113402	0.000185567010309278	3.89	0.3	-0.28	-0.01	0.02	0.01	0.2	0.05	0.92	0.48	0	0.45	0	0	-19
0.00101855670103093	0.000164948453608247	2.67	0.2	-0.28	-0.02	0	-0.01	0.19	0.04	0.8	0.42	0	0.4	0	0	-25
0.00065979381443299	0.000123711340206186	1.8	0.2	-0.2	-0.02	-0.02	-0.02	0.16	0.03	0.64	0.38	0	0.35	0.05	0	-28
8.24742268041237e-05	6.18556701030928e-05	0.39	0.19	-0.17	-0.01	-0.03	-0.05	0.18	0.03	0.44	0.36	0	0.15	0	0	-39
-0.000816494845360825	0	-1.89	0.09	-0.08	-0.02	-0.04	-0.13	0.18	0.03	0.02	0.24	0	-0.05	-0.05	0	-44
-0.00182268041237113	-0.000103092783505155	-4.43	-0.01	0.12	-0.02	-0.09	-0.34	0.11	0	-0.2	-0.1	0	-0.3	-0.05	0	-65
-0.00278350515463918	-0.000164948453608247	-6.9	-0.15	0.32	0.01	-0.16	-0.53	0.05	0.01	-0.32	-0.26	0	-0.55	-0.15	0	-93
-0.00372783505154639	-0.000268041237113402	-9.37	-0.33	0.53	-0.02	-0.24	-0.64	-0.02	0	-0.34	-0.3	0	-0.75	-0.1	0	-133
-0.00470103092783505	-0.000350515463917526	-11.82	-0.42	0.73	0	-0.31	-0.71	-0.06	0	-0.22	-0.28	0	-1	-0.15	0	-164
-0.00562886597938144	-0.000412371134020619	-14.18	-0.53	0.83	-0.02	-0.38	-0.74	-0.07	0.03	0.16	0	0	-1.2	-0.2	0	-193
-0.00597525773195876	-0.00045360824742268	-15.12	-0.63	0.82	-0.01	-0.4	-0.74	-0.09	0.02	0.34	0.22	0	-1.3	-0.2	0	-202
-0.00620618556701031	-0.000474226804123711	-15.7	-0.65	0.82	-0.04	-0.44	-0.76	-0.11	0.03	0.4	0.26	0	-1.3	-0.15	0	-197
-0.00547216494845361	-0.000412371134020619	-13.81	-0.54	0.82	-0.04	-0.39	-0.76	-0.08	0.04	-0.08	-0.04	0	-1.05	-0.05	0	-144
-0.00457731958762887	-0.000350515463917526	-11.64	-0.54	0.82	-0.03	-0.35	-0.72	-0.04	0.03	-0.4	-0.24	0	-0.85	0	0	-98
-0.00364123711340206	-0.00022680412371134	-9.27	-0.44	0.62	-0.03	-0.26	-0.61	0.06	-0.01	-0.5	-0.34	0	-0.65	-0.1	0	-57
-0.00275051546391753	-0.000164948453608247	-6.99	-0.32	0.42	-0.04	-0.16	-0.38	0.2	-0.02	-0.46	-0.32	0	-0.4	0	0	-29
-0.00212371134020619	-0.000103092783505155	-5.37	-0.22	0.12	-0.04	-0.07	-0.3	0.3	-0.01	-0.36	-0.34	0	-0.3	-0.05	0	-19
-0.00188865979381443	-0.000144329896907216	-4.8	-0.22	0.02	-0.02	-0.04	-0.27	0.31	-0.02	-0.32	-0.32	0	-0.4	-0.05	0	-14
-0.00161649484536082	-8.24742268041237e-05	-4.07	-0.15	0.02	-0.01	-0.01	-0.25	0.32	-0.02	-0.28	-0.36	0	-0.25	-0.05	0	-7
-0.000684536082474227	2.06185567010309e-05	-1.78	-0.12	-0.08	-0.01	0.02	-0.21	0.31	-0.02	-0.14	-0.2	0	0.1	0.05	0	9
0.000276288659793814	6.18556701030928e-05	0.66	-0.01	-0.18	-0.01	0.06	-0.17	0.29	-0.02	0.14	-0.04	0	0.2	0.05	0	22
0.00128247422680412	0.000185567010309278	3.22	0.11	-0.17	0	0.1	-0.14	0.3	-0.02	0.38	0.1	0	0.45	0	0	39
0.00228453608247423	0.000247422680412371	5.64	0.1	-0.27	0	0.15	-0.13	0.3	-0.02	0.6	0.24	0	0.7	0.1	0	58
0.00328659793814433	0.000350515463917526	8.18	0.21	-0.41	-0.01	0.2	-0.11	0.29	-0.02	0.78	0.36	0	0.95	0.1	0	80
0.00428453608247423	0.000412371134020619	10.6	0.21	-0.48	0	0.25	-0.1	0.33	0	0.96	0.52	0	1.15	0.15	0	103
0.00522474226804124	0.000494845360824742	12.97	0.3	-0.58	-0.02	0.31	-0.09	0.33	0	1.08	0.64	0	1.4	0.2	0	132
0.00615257731958763	0.000577319587628866	15.22	0.3	-0.68	-0.02	0.36	-0.09	0.33	0.03	1.2	0.78	0	1.6	0.2	0	161
0.0071340206185567	0.000701030927835052	17.6	0.3	-0.83	-0.04	0.43	-0.08	0.33	0.03	1.34	0.88	0	1.95	0.25	0	194
0.00757525773195876	0.00065979381443299	18.67	0.3	-0.83	-0.04	0.46	-0.08	0.34	0.03	1.42	0.94	0	1.95	0.35	0	208
0.00755463917525773	0.000639175257731959	18.73	0.41	-0.82	0	0.47	-0.06	0.35	0.04	1.48	0.98	0	1.85	0.3	0	199
0.00729484536082474	0.00065979381443299	18.1	0.41	-0.82	0	0.37	-0.05	0.33	0.04	1.48	0.98	0	1.8	0.2	0	180
0.00674226804123711	0.000618556701030928	16.76	0.41	-0.78	-0.01	0.29	-0.04	0.29	0.04	1.42	0.92	0	1.65	0.15	0	146
0.00576907216494845	0.000556701030927835	14.4	0.41	-0.81	-0.01	0.18	-0.05	0.28	0.04	1.38	0.76	0	1.5	0.15	0	97
0.00471340206185567	0.000432989690721649	11.84	0.41	-0.77	0	0.12	-0.07	0.28	0.04	1.28	0.64	0	1.15	0.1	0	53
0.00369896907216495	0.000391752577319588	9.38	0.41	-0.68	0.01	0.06	-0.1	0.27	0.04	1.28	0.52	0	1	0.05	0	23
0.00284536082474227	0.000288659793814433	7.21	0.31	-0.57	-0.02	0.02	-0.11	0.26	0.04	1.16	0.44	0	0.75	0.05	0	2
0.00183092783505155	0.00022680412371134	4.74	0.3	-0.58	0	-0.01	-0.13	0.26	0.04	0.98	0.32	0	0.55	0	0	-16
0.00132783505154639	0.000144329896907216	3.42	0.2	-0.48	-0.02	-0.03	-0.14	0.25	0.04	0.88	0.3	0	0.45	0.1	0	-25
0.00109278350515464	0.000185567010309278	2.84	0.19	-0.38	-0.01	-0.05	-0.14	0.24	0.03	0.8	0.28	0	0.5	0.05	0	-27
0.000470103092783505	0.000103092783505155	1.33	0.19	-0.28	-0.02	-0.06	-0.16	0.24	0.03	0.58	0.24	0	0.25	0	0	-33
-0.000503092783505155	2.06185567010309e-05	-1.12	0.1	-0.08	-0.01	-0.07	-0.2	0.24	0.01	0.16	0.14	0	0	-0.05	0	-44
-0.00143092783505155	-8.24742268041237e-05	-3.58	-0.11	0.22	0	-0.07	-0.27	0.24	-0.01	-0.08	0.02	0	-0.3	-0.1	0	-52
-0.00234226804123711	-0.000164948453608247	-5.85	-0.17	0.33	-0.03	-0.12	-0.41	0.22	-0.03	-0.22	-0.26	0	-0.4	0	0	-67
-0.00334432989690722	-0.00022680412371134	-8.44	-0.33	0.53	-0.03	-0.22	-0.53	0.18	-0.02	-0.34	-0.42	0	-0.65	-0.1	0	-97
-0.00434639175257732	-0.000329896907216495	-10.97	-0.43	0.72	-0.04	-0.28	-0.64	0.14	0	-0.32	-0.44	0	-0.85	-0.05	0	-131
-0.00527422680412371	-0.000412371134020619	-13.33	-0.54	0.82	-0.04	-0.34	-0.7	0.04	0.01	-0.1	-0.34	0	-1.05	-0.05	0	-167
-0.00601237113402062	-0.00045360824742268	-15.22	-0.64	0.83	-0.03	-0.4	-0.71	-0.01	0.02	0.28	-0.04	0	-1.2	-0.1	0	-191
-0.00632164948453608	-0.000515463917525773	-16.07	-0.74	0.88	-0.03	-0.42	-0.72	-0.03	0.03	0.5	0.16	0	-1.35	-0.1	0	-211
-0.00655670103092783	-0.000494845360824742	-16.65	-0.75	0.94	-0.04	-0.43	-0.73	-0.04	0.03	0.52	0.2	0	-1.3	-0.1	0	-199
-0.00558350515463917	-0.000412371134020619	-14.18	-0.64	0.94	-0.01	-0.38	-0.72	-0.03	0.02	-0.08	-0.18	0	-1.1	-0.1	0	-138
-0.00454432989690722	-0.000309278350515464	-11.54	-0.52	0.84	-0.01	-0.33	-0.66	0.07	0.02	-0.4	-0.4	0	-0.85	-0.1	0	-88
-0.00348453608247423	-0.00022680412371134	-8.88	-0.43	0.63	-0.01	-0.23	-0.49	0.17	-0.01	-0.48	-0.48	0	-0.65	-0.1	0	-47
-0.00251134020618557	-0.000144329896907216	-6.42	-0.33	0.22	-0.01	-0.12	-0.31	0.28	-0.03	-0.42	-0.5	0	-0.4	-0.05	0	-22
-0.00204948453608247	-0.000103092783505155	-5.19	-0.22	0.05	-0.01	-0.05	-0.27	0.35	-0.02	-0.32	-0.5	0	-0.35	-0.1	0	-15
-0.00188865979381443	-0.000123711340206186	-4.81	-0.23	0.03	-0.04	-0.05	-0.27	0.35	-0.03	-0.3	-0.5	0	-0.25	0.05	0	-14
-0.00119587628865979	-6.18556701030928e-05	-3.01	-0.11	-0.08	-0.04	0	-0.23	0.38	-0.03	-0.26	-0.44	0	-0.1	0.05	0	0
-0.000222680412371134	2.06185567010309e-05	-0.66	-0.12	-0.18	-0.02	0.03	-0.19	0.34	-0.03	0	-0.34	0	0.1	0.05	0	12
0.000696907216494845	0.000123711340206186	1.68	-0.01	-0.28	-0.02	0.05	-0.16	0.33	-0.02	0.24	-0.2	0	0.35	0.05	0	26
0.00160824742268041	0.000164948453608247	3.99	0.09	-0.29	-0.02	0.09	-0.14	0.33	-0.01	0.48	-0.04	0	0.65	0.25	0	42
0.00261855670103093	0.000288659793814433	6.45	0.1	-0.42	-0.03	0.14	-0.13	0.33	-0.01	0.68	0.1	0	0.85	0.15	0	61
0.00359587628865979	0.000371134020618557	8.92	0.2	-0.5	-0.03	0.2	-0.11	0.33	-0.01	0.9	0.24	0	1.05	0.15	0	82
0.00456494845360825	0.00043298969072165	11.27	0.2	-0.6	-0.01	0.26	-0.1	0.34	0.01	1.06	0.38	0	1.2	0.15	0	106
0.00549278350515464	0.000536082474226804	13.64	0.32	-0.69	-0.01	0.32	-0.1	0.33	0	1.18	0.5	0	1.5	0.2	0	133
0.00643298969072165	0.000639175257731959	15.92	0.32	-0.71	-0.01	0.38	-0.08	0.34	0.01	1.32	0.64	0	1.75	0.2	0	164
0.00734020618556701	0.000701030927835052	18.1	0.3	-0.82	0.02	0.44	-0.07	0.35	0.01	1.44	0.76	0	1.95	0.25	0	196
0.00827216494845361	0.000783505154639175	20.37	0.31	-0.79	0.07	0.52	-0.05	0.35	0.02	1.64	0.9	0	2.15	0.25	0	226
0.00917113402061856	0.000804123711340206	22.66	0.42	-0.83	0.16	0.61	-0.02	0.38	0.02	1.92	1.1	0	2.25	0.3	0	247
0.0101072164948454	0.000927835051546392	24.92	0.41	-0.9	0.14	0.73	-0.01	0.39	0.03	2.24	1.34	0	2.55	0.3	0	265
0.0110020618556701	0.000989690721649484	27.1	0.42	-0.89	0.08	0.88	0	0.39	0.06	2.58	1.54	0	2.8	0.4	0	280
0.0121814432989691	0.00109278350515464	30.05	0.51	-0.92	0.09	1.02	0.01	0.4	0.06	2.98	1.86	0	3.1	0.45	0	300
0.0123752577319588	0.00111340206185567	30.63	0.62	-1	0.11	0.89	0.04	0.38	0.08	3.12	1.98	0	3.05	0.35	0	274
0.0115463917525773	0.00103092783505155	28.62	0.62	-1.02	0.09	0.75	0.04	0.36	0.09	3.06	1.86	0	2.8	0.3	0	220
0.0106020618556701	0.000948453608247423	26.34	0.63	-0.99	0.09	0.66	0.04	0.33	0.09	2.96	1.72	0	2.55	0.25	0	167
0.0096	0.000824742268041237	23.9	0.62	-0.99	0.08	0.57	0.04	0.34	0.09	2.86	1.56	0	2.4	0.4	0	120
0.00858556701030928	0.000742268041237113	21.48	0.66	-0.89	0.07	0.46	0.01	0.31	0.09	2.76	1.38	0	2.15	0.35	0	82
0.00752164948453608	0.00065979381443299	18.86	0.62	-0.89	0.07	0.35	-0.01	0.31	0.08	2.68	1.18	0	1.9	0.3	0	50
0.0065979381443299	0.000618556701030928	16.59	0.59	-0.79	0.07	0.25	-0.03	0.3	0.09	2.6	1.06	0	1.75	0.25	0	25
0.00549278350515464	0.000556701030927835	13.93	0.61	-0.78	0.09	0.18	-0.02	0.3	0.08	2.5	0.94	0	1.55	0.2	0	5
0.00447835051546392	0.00045360824742268	11.37	0.51	-0.68	0.05	0.11	-0.05	0.29	0.08	2.34	0.82	0	1.25	0.15	0	-13
0.00381443298969072	0.00043298969072165	9.76	0.51	-0.68	0.05	0.08	-0.05	0.3	0.09	2.2	0.76	0	1.05	0	0	-22
0.00350515463917526	0.000391752577319588	9.02	0.52	-0.71	0.01	0.07	-0.06	0.3	0.08	2.12	0.72	0	1	0.05	0	-25
0.00323298969072165	0.000391752577319588	8.25	0.41	-0.59	0.01	0.04	-0.06	0.29	0.08	2	0.68	0	0.95	0	0	-31
0.00221443298969072	0.000268041237113402	5.79	0.42	-0.58	0.02	0.02	-0.1	0.3	0.07	1.54	0.58	0	0.7	0.05	0	-41
0.00125773195876289	0.000185567010309278	3.26	0.21	-0.18	0.01	-0.02	-0.11	0.28	0.04	0.96	0.56	0	0.45	0	0	-44
0.000321649484536083	0.000103092783505155	0.87	0.09	0.02	0	-0.03	-0.13	0.27	0.01	0.36	0.52	0	0.2	-0.05	0	-47
-0.000338144329896907	-4.12371134020619e-05	-0.74	0.08	0.23	-0.01	-0.04	-0.2	0.26	-0.01	0.08	0.48	0	0.05	0.15	0	-52
-0.00127422680412371	-4.12371134020619e-05	-3.1	-0.01	0.37	-0.01	-0.08	-0.33	0.25	-0.02	-0.12	0.22	0	-0.15	-0.05	0	-65
-0.00225979381443299	-0.000123711340206186	-5.59	-0.11	0.43	-0.01	-0.14	-0.4	0.24	-0.02	-0.18	-0.26	0	-0.4	-0.1	0	-76
-0.00321649484536082	-0.000206185567010309	-8.02	-0.22	0.53	-0.02	-0.19	-0.47	0.24	-0.02	-0.24	-0.62	0	-0.6	-0.1	0	-93
-0.00409072164948454	-0.000268041237113402	-10.3	-0.38	0.74	-0.02	-0.24	-0.56	0.21	-0.02	-0.24	-0.7	0	-0.8	-0.15	0	-120
-0.00508453608247423	-0.000350515463917526	-12.86	-0.53	0.84	-0.01	-0.29	-0.62	0.13	-0.02	-0.1	-0.68	0	-1.05	-0.2	0	-152
-0.00609484536082474	-0.000494845360824742	-15.51	-0.73	0.89	-0.01	-0.38	-0.66	0.08	0	0.38	-0.38	0	-1.3	-0.1	0	-189
-0.00702680412371134	-0.000536082474226804	-17.88	-0.84	0.94	-0.02	-0.43	-0.66	-0.03	-0.01	1.04	0.2	0	-1.5	-0.2	0	-222
-0.00792577319587629	-0.000618556701030928	-20.25	-1.03	0.92	-0.01	-0.47	-0.72	-0.06	0	1.74	0.72	0	-1.7	-0.2	0	-237
-0.00888659793814433	-0.000742268041237113	-22.82	-1.27	0.93	-0.03	-0.52	-0.72	-0.05	-0.01	2.44	1.32	0	-2	-0.2	0	-246
-0.00985979381443299	-0.000783505154639175	-25.38	-1.47	0.93	-0.02	-0.53	-0.73	-0.03	-0.04	3.1	1.94	0	-2.15	-0.25	0	-258
-0.0107546391752577	-0.000865979381443299	-27.76	-1.68	0.93	-0.03	-0.54	-0.73	-0.02	-0.06	3.66	2.46	0	-2.35	-0.25	0	-264
-0.0116865979381443	-0.000927835051546392	-30.32	-1.98	0.94	-0.02	-0.54	-0.71	0.04	-0.07	4.24	2.88	0	-2.55	-0.3	0	-276
-0.0127340206185567	-0.00103092783505155	-33.08	-2.2	0.95	-0.02	-0.54	-0.73	0.05	-0.08	4.84	3.44	0	-2.8	-0.3	0	-280
-0.0135835051546392	-0.0011340206185567	-35.38	-2.44	0.98	-0.04	-0.54	-0.73	0.09	-0.08	5.34	3.9	0	-3.05	-0.3	0	-286
-0.0144824742268041	-0.00119587628865979	-37.76	-2.64	1.03	-0.04	-0.53	-0.72	0.16	-0.08	5.82	4.36	0	-3.25	-0.35	0	-294
-0.0150309278350515	-0.00127835051546392	-39.29	-2.84	1.03	-0.03	-0.52	-0.71	0.18	-0.09	6.1	4.66	0	-3.45	-0.35	0	-299
-0.0149896907216495	-0.00123711340206186	-39.18	-2.83	1.04	-0.06	-0.48	-0.7	0.21	-0.08	6.04	4.62	0	-3.35	-0.35	0	-272
-0.0140164948453608	-0.00115463917525773	-36.7	-2.71	1.04	-0.04	-0.48	-0.71	0.22	-0.08	5.48	4.26	0	-3.15	-0.35	0	-245
-0.0130721649484536	-0.00107216494845361	-34.22	-2.52	1.03	-0.05	-0.49	-0.73	0.21	-0.09	4.86	3.78	0	-2.85	-0.25	0	-226
-0.0120577319587629	-0.000989690721649485	-31.65	-2.41	1.04	-0.05	-0.51	-0.76	0.18	-0.08	4.2	3.22	0	-2.7	-0.3	0	-205
-0.0109979381443299	-0.000907216494845361	-28.99	-2.32	1.04	-0.06	-0.54	-0.78	0.14	-0.08	3.46	2.54	0	-2.4	-0.2	0	-188
-0.00985567010309278	-0.000824742268041237	-26.02	-2.12	1.03	-0.04	-0.56	-0.8	0.06	-0.05	2.56	1.8	0	-2.15	-0.15	0	-165
-0.00843711340206186	-0.000680412371134021	-22.43	-1.97	0.93	-0.02	-0.57	-0.81	0.01	-0.01	1.52	0.86	0	-1.85	-0.2	0	-134
-0.00737731958762887	-0.000618556701030928	-19.67	-1.78	0.92	-0.01	-0.57	-0.8	0	0	0.78	0.24	0	-1.65	-0.15	0	-106
-0.00644123711340206	-0.000515463917525773	-17.31	-1.69	0.82	-0.03	-0.51	-0.75	0.02	0	0.3	-0.18	0	-1.4	-0.15	0	-79
-0.00534845360824742	-0.00045360824742268	-14.56	-1.59	0.61	-0.04	-0.44	-0.65	0.13	0	-0.08	-0.52	0	-1.15	-0.05	0	-53
-0.0043340206185567	-0.000329896907216495	-12	-1.49	0.4	-0.05	-0.34	-0.45	0.22	-0.01	-0.24	-0.72	0	-0.85	-0.05	0	-31
-0.00344329896907217	-0.000268041237113402	-9.73	-1.38	0.12	-0.03	-0.25	-0.37	0.27	-0.02	-0.22	-0.74	0	-0.65	0	0	-19
-0.00290309278350516	-0.000247422680412371	-8.31	-1.27	-0.08	-0.03	-0.19	-0.34	0.32	-0.01	-0.22	-0.78	0	-0.65	-0.05	0	-14
-0.00274639175257732	-0.00022680412371134	-7.93	-1.27	-0.08	-0.02	-0.17	-0.32	0.33	0	-0.2	-0.78	0	-0.6	-0.05	0	-13
-0.00205360824742268	-0.000144329896907216	-6.13	-1.15	-0.19	-0.01	-0.11	-0.29	0.33	-0.01	-0.18	-0.8	0	-0.4	-0.05	0	-3
-0.0010020618556701	-6.18556701030928e-05	-3.48	-1.05	-0.23	-0.01	-0.04	-0.26	0.29	-0.01	0.06	-0.78	0	-0.15	0	0	7
1.64948453608248e-05	4.12371134020619e-05	-1.01	-1.05	-0.28	-0.01	0.03	-0.25	0.29	0	0.38	-0.7	0	0.1	0	0	17
0.0010639175257732	0.000123711340206186	1.63	-0.95	-0.28	-0.01	0.11	-0.2	0.29	0	0.66	-0.5	0	0.35	0.05	0	28
0.00198762886597938	0.000206185567010309	3.99	-0.83	-0.38	0.01	0.17	-0.19	0.31	-0.01	0.92	-0.3	0	0.55	0.05	0	41
0.00292371134020619	0.000309278350515464	6.36	-0.73	-0.4	0	0.24	-0.17	0.32	-0.01	1.18	-0.14	0	0.75	0	0	54
0.00397938144329897	0.000391752577319588	8.92	-0.73	-0.49	0.01	0.3	-0.16	0.34	0	1.48	0.04	0	1.05	0.1	0	68
0.00494845360824742	0.000412371134020619	11.37	-0.63	-0.5	0	0.37	-0.16	0.34	0.01	1.76	0.2	0	1.25	0.25	0	84
0.00592164948453608	0.000536082474226804	13.73	-0.63	-0.6	0	0.42	-0.15	0.35	0.02	2	0.32	0	1.5	0.2	0	101
0.00690309278350516	0.000639175257731959	16.21	-0.53	-0.69	0.01	0.5	-0.13	0.36	0.04	2.22	0.52	0	1.75	0.2	0	121
0.00791340206185567	0.000701030927835052	18.67	-0.52	-0.83	0	0.58	-0.12	0.37	0.05	2.4	0.66	0	1.9	0.2	0	145
0.00884948453608247	0.000804123711340206	21.04	-0.42	-0.83	-0.01	0.68	-0.13	0.37	0.06	2.56	0.8	0	2.25	0.3	0	170
0.00982680412371134	0.00088659793814433	23.41	-0.42	-0.89	-0.01	0.81	-0.1	0.35	0.07	2.78	1.02	0	2.45	0.3	0	200
0.0108082474226804	0.000948453608247423	25.78	-0.43	-0.88	0	0.93	-0.08	0.37	0.07	2.96	1.22	0	2.7	0.4	0	230
0.0117484536082474	0.00103092783505155	28.06	-0.43	-0.99	0	1.04	-0.08	0.38	0.07	3.14	1.4	0	2.85	0.35	0	261
0.0126556701030928	0.00111340206185567	30.35	-0.34	-0.99	-0.02	1.13	-0.07	0.39	0.08	3.32	1.64	0	3.15	0.45	0	290
0.013080412371134	0.0011340206185567	31.39	-0.33	-0.99	-0.03	1.18	-0.07	0.4	0.08	3.44	1.74	0	3.25	0.5	0	303
0.0132618556701031	0.0011340206185567	31.94	-0.22	-0.99	-0.01	1.06	-0.06	0.38	0.09	3.54	1.84	0	3.2	0.45	0	287
0.0124123711340206	0.00109278350515464	29.88	-0.22	-0.99	0	0.96	-0.05	0.35	0.09	3.46	1.72	0	3.05	0.4	0	229
0.0113814432989691	0.000989690721649484	27.39	-0.21	-0.99	-0.02	0.84	-0.05	0.33	0.1	3.36	1.6	0	2.75	0.35	0	175
0.0103546391752577	0.000907216494845361	24.99	-0.12	-1	-0.02	0.77	-0.06	0.33	0.09	3.26	1.42	0	2.55	0.35	0	128
0.00923298969072165	0.000804123711340206	22.28	-0.11	-1.04	-0.02	0.63	-0.09	0.32	0.09	3.16	1.22	0	2.25	0.3	0	86
0.00829278350515464	0.000721649484536082	20	-0.11	-0.94	-0.05	0.53	-0.1	0.31	0.09	3.08	1.08	0	2.05	0.3	0	58
0.00724123711340206	0.00065979381443299	17.34	-0.22	-0.88	-0.04	0.42	-0.1	0.3	0.09	3	0.94	0	1.85	0.25	0	31
0.00611134020618557	0.000577319587628866	14.59	-0.23	-0.78	-0.04	0.3	-0.1	0.29	0.09	2.9	0.82	0	1.6	0.2	0	10
0.00511752577319588	0.000494845360824742	12.13	-0.28	-0.78	-0.03	0.2	-0.11	0.29	0.09	2.82	0.72	0	1.35	0.15	0	-5
0.0042020618556701	0.00045360824742268	9.87	-0.32	-0.68	-0.01	0.15	-0.12	0.29	0.09	2.68	0.6	0	1.15	0.05	0	-15
0.00363298969072165	0.000371134020618557	8.49	-0.32	-0.72	-0.01	0.11	-0.13	0.28	0.09	2.48	0.54	0	0.95	0.05	0	-22
0.00334432989690722	0.000329896907216495	7.78	-0.33	-0.72	-0.02	0.08	-0.14	0.28	0.09	2.42	0.5	0	0.85	0.05	0	-25
0.00298969072164948	0.000309278350515464	6.83	-0.42	-0.72	-0.01	0.06	-0.14	0.28	0.09	2.28	0.5	0	0.8	0.05	0	-29
0.00205360824742268	0.000164948453608247	4.56	-0.42	-0.67	0	0.02	-0.16	0.27	0.09	1.86	0.42	0	0.55	0.15	0	-37
0.000969072164948454	0.000144329896907216	1.82	-0.53	-0.48	0	-0.05	-0.17	0.24	0.06	1.04	0.4	0	0.35	0	0	-40
-4.12371134020619e-06	4.12371134020619e-05	-0.64	-0.63	-0.19	0	-0.06	-0.19	0.23	0.03	0.5	0.38	0	0.1	0	0	-42
-0.00104329896907216	-4.12371134020619e-05	-3.38	-0.85	0.22	-0.01	-0.09	-0.27	0.21	0	0.28	0.32	0	-0.15	-0.05	0	-52
-0.00197938144329897	-0.000123711340206186	-5.75	-0.95	0.33	-0.02	-0.13	-0.37	0.24	0	0.2	0.04	0	-0.4	-0.1	0	-64
-0.00299381443298969	-0.000164948453608247	-8.3	-1.04	0.42	0	-0.17	-0.45	0.23	0.01	0.18	-0.42	0	-0.55	-0.15	0	-78
-0.00397113402061856	-0.000268041237113402	-10.79	-1.16	0.52	0	-0.19	-0.51	0.25	0	0.18	-0.66	0	-0.85	-0.2	0	-92
-0.00503917525773196	-0.000391752577319588	-13.5	-1.28	0.73	-0.03	-0.25	-0.61	0.25	0	0.28	-0.66	0	-1.05	-0.1	0	-119
-0.00597525773195876	-0.000474226804123711	-15.97	-1.48	0.83	-0.01	-0.31	-0.66	0.23	0	0.58	-0.48	0	-1.35	-0.2	0	-146
-0.0069360824742268	-0.000536082474226804	-18.41	-1.59	0.83	-0.02	-0.36	-0.69	0.24	0	1.06	-0.1	0	-1.5	-0.2	0	-171
-0.00797113402061856	-0.000639175257731959	-21.11	-1.78	0.94	-0.02	-0.39	-0.69	0.21	0	1.72	0.46	0	-1.75	-0.2	0	-191
-0.00892783505154639	-0.000701030927835052	-23.57	-1.92	0.93	-0.02	-0.42	-0.74	0.2	-0.03	2.4	1.06	0	-2	-0.3	0	-206
-0.00984742268041237	-0.000783505154639175	-25.99	-2.11	0.93	-0.05	-0.45	-0.75	0.2	-0.05	3.02	1.6	0	-2.2	-0.3	0	-221
-0.0108	-0.00088659793814433	-28.41	-2.22	0.93	-0.04	-0.47	-0.76	0.22	-0.07	3.62	2.1	0	-2.35	-0.2	0	-234
-0.0117443298969072	-0.000927835051546392	-30.89	-2.41	0.93	0.01	-0.47	-0.77	0.22	-0.07	4.18	2.66	0	-2.7	-0.45	0	-247
-0.0123422680412371	-0.000989690721649484	-32.44	-2.51	0.93	-0.02	-0.48	-0.73	0.23	-0.08	4.54	2.98	0	-2.8	-0.4	0	-252
-0.0132659793814433	-0.00105154639175258	-34.79	-2.62	0.96	-0.03	-0.48	-0.74	0.23	-0.09	5.04	3.44	0	-3	-0.45	0	-265
-0.0140412371134021	-0.00115463917525773	-36.79	-2.74	1.03	-0.01	-0.48	-0.72	0.24	-0.08	5.52	3.86	0	-3.2	-0.4	0	-273
-0.0144453608247423	-0.00121649484536082	-37.86	-2.83	1.03	-0.02	-0.48	-0.71	0.28	-0.08	5.64	4.02	0	-3.35	-0.4	0	-277
-0.0144329896907217	-0.00121649484536082	-37.84	-2.84	1.02	-0.03	-0.49	-0.71	0.29	-0.08	5.6	4.04	0	-3.3	-0.35	0	-268
-0.0151381443298969	-0.00125773195876289	-39.75	-3.04	1.03	-0.06	-0.48	-0.71	0.3	-0.08	6.02	4.34	0	-3.5	-0.45	0	-287
-0.0161649484536082	-0.00134020618556701	-42.44	-3.24	1.02	-0.11	-0.49	-0.68	0.31	-0.07	6.48	4.88	0	-3.75	-0.5	0	-299
-0.0165938144329897	-0.00138144329896907	-43.58	-3.34	1.03	-0.11	-0.47	-0.67	0.35	-0.07	6.5	5.08	0	-3.85	-0.5	0	-318
-0.0166762886597938	-0.00138144329896907	-43.79	-3.35	1.04	-0.1	-0.46	-0.67	0.38	-0.08	6.52	5.1	0	-3.8	-0.45	0	-310
-0.0153731958762887	-0.00125773195876289	-40.52	-3.24	1.04	-0.12	-0.45	-0.68	0.37	-0.08	6.04	4.68	0	-3.45	-0.4	0	-247
-0.0143010309278351	-0.00119587628865979	-37.73	-3.05	1.04	-0.13	-0.47	-0.71	0.36	-0.08	5.38	4.16	0	-3.2	-0.3	0	-229
-0.0132907216494845	-0.00109278350515464	-35.17	-2.94	1.04	-0.12	-0.47	-0.74	0.32	-0.08	4.76	3.56	0	-3	-0.35	0	-211
-0.0123216494845361	-0.000969072164948454	-32.6	-2.72	1.05	-0.13	-0.5	-0.76	0.28	-0.09	4.08	2.94	0	-2.7	-0.35	0	-191
-0.0114515463917526	-0.000989690721649484	-30.4	-2.63	1.04	-0.14	-0.52	-0.79	0.23	-0.09	3.5	2.46	0	-2.5	-0.1	0	-180
-0.0104659793814433	-0.000907216494845361	-27.83	-2.45	1.04	-0.15	-0.55	-0.81	0.19	-0.08	2.78	1.82	0	-2.25	-0.05	0	-160
-0.00930309278350515	-0.000783505154639175	-24.9	-2.34	0.93	-0.05	-0.57	-0.82	0.13	-0.05	1.94	1.1	0	-2.05	-0.15	0	-137
-0.00795051546391752	-0.000639175257731959	-21.38	-2.1	0.93	-0.01	-0.56	-0.8	0.08	-0.02	1.08	0.36	0	-1.8	-0.25	0	-107
-0.00701030927835052	-0.000577319587628866	-19	-2	0.84	-0.03	-0.53	-0.77	0.1	-0.01	0.56	-0.1	0	-1.55	-0.15	0	-84
-0.00596288659793814	-0.000474226804123711	-16.34	-1.88	0.73	-0.02	-0.45	-0.67	0.17	-0.01	0.12	-0.48	0	-1.35	-0.2	0	-59
-0.00490721649484536	-0.00045360824742268	-13.7	-1.8	0.53	-0.01	-0.34	-0.5	0.27	-0.02	-0.08	-0.74	0	-1.1	0	0	-37
-0.00394226804123711	-0.000309278350515464	-11.15	-1.59	0.24	-0.03	-0.26	-0.38	0.29	-0.01	-0.12	-0.76	0	-0.85	-0.1	0	-23
-0.00336082474226804	-0.000268041237113402	-9.62	-1.47	-0.06	-0.02	-0.2	-0.34	0.32	-0.02	-0.12	-0.82	0	-0.65	0	0	-17
-0.00316701030927835	-0.000247422680412371	-9.15	-1.47	-0.1	-0.03	-0.19	-0.33	0.32	-0.01	-0.14	-0.84	0	-0.7	-0.1	0	-14
-0.00261855670103093	-0.000185567010309278	-7.83	-1.48	-0.2	-0.03	-0.15	-0.33	0.35	-0.02	-0.14	-0.9	0	-0.5	-0.05	0	-9
-0.00168247422680412	-0.000103092783505155	-5.46	-1.38	-0.18	-0.03	-0.09	-0.29	0.32	-0.01	-0.02	-0.9	0	-0.25	0	0	3
-0.0012659793814433	-0.000103092783505155	-4.42	-1.35	-0.2	-0.03	-0.08	-0.29	0.29	-0.02	0.08	-0.9	0	-0.15	0.1	0	5
-0.000515463917525773	-8.24742268041237e-05	-2.53	-1.28	-0.32	-0.04	-0.04	-0.26	0.26	-0.01	0.3	-0.84	0	-0.05	0.15	0	11
0.000222680412371134	4.12371134020619e-05	-0.63	-1.17	-0.3	-0.05	0.03	-0.24	0.26	-0.02	0.5	-0.7	0	0.25	0.15	0	18
0.000725773195876289	6.18556701030928e-05	0.59	-1.17	-0.3	-0.04	0.07	-0.23	0.28	-0.01	0.7	-0.62	0	0.3	0.15	0	25
0.00208659793814433	0.000206185567010309	4	-1.06	-0.41	-0.01	0.17	-0.21	0.31	-0.01	1.1	-0.36	0	0.55	0.05	0	39
0.0031340206185567	0.000309278350515464	6.65	-0.95	-0.38	-0.02	0.25	-0.2	0.31	-0.02	1.4	-0.12	0	0.85	0.1	0	52
0.00418556701030928	0.000329896907216495	9.21	-0.94	-0.48	0	0.32	-0.18	0.32	-0.01	1.7	0.08	0	1	0.2	0	66
0.0052	0.000474226804123711	11.76	-0.85	-0.52	-0.03	0.39	-0.18	0.35	0.03	1.98	0.26	0	1.35	0.2	0	80
0.0061360824742268	0.000494845360824742	14.13	-0.75	-0.61	-0.05	0.45	-0.17	0.34	0.04	2.22	0.4	0	1.6	0.4	0	96
0.00723298969072165	0.000639175257731959	16.78	-0.76	-0.72	-0.05	0.54	-0.15	0.35	0.05	2.44	0.6	0	1.85	0.3	0	116
0.0082020618556701	0.000742268041237113	19.26	-0.63	-0.74	-0.01	0.65	-0.14	0.37	0.07	2.64	0.8	0	2	0.2	0	138
0.00921649484536083	0.000804123711340206	21.71	-0.64	-0.79	-0.02	0.74	-0.14	0.36	0.08	2.82	0.92	0	2.3	0.35	0	163
0.0101938144329897	0.000907216494845361	24.08	-0.64	-0.88	-0.02	0.87	-0.14	0.38	0.09	3	1.14	0	2.5	0.3	0	190
0.0111546391752577	0.000989690721649484	26.45	-0.6	-0.92	-0.03	1	-0.13	0.37	0.1	3.18	1.3	0	2.75	0.35	0	223
0.0120618556701031	0.00107216494845361	28.71	-0.54	-1.02	-0.03	1.15	-0.11	0.39	0.11	3.36	1.5	0	3	0.4	0	253
0.0130144329896907	0.00115463917525773	31.03	-0.53	-1.03	-0.02	1.28	-0.09	0.39	0.11	3.54	1.72	0	3.2	0.4	0	286
0.0139422680412371	0.00125773195876289	33.29	-0.52	-1.03	0.03	1.38	-0.08	0.41	0.12	3.74	1.94	0	3.45	0.4	0	315
0.0149278350515464	0.00131958762886598	35.68	-0.52	-1.02	0.04	1.48	-0.08	0.42	0.12	4	2.26	0	3.65	0.45	0	336
0.0157814432989691	0.0014020618556701	37.85	-0.42	-1.12	0.11	1.6	-0.06	0.42	0.14	4.24	2.58	0	3.85	0.45	0	353
0.0167752577319588	0.00150515463917526	40.24	-0.44	-1.12	0.06	1.68	-0.06	0.42	0.14	4.48	2.86	0	4.2	0.55	0	369
0.0176742268041237	0.00154639175257732	42.53	-0.33	-1.13	0.05	1.81	-0.07	0.43	0.13	4.76	3.12	0	4.4	0.65	0	385
0.0186144329896907	0.00160824742268041	44.81	-0.33	-1.23	0.06	1.91	-0.03	0.43	0.13	5.06	3.38	0	4.55	0.65	0	403
0.0195216494845361	0.00169072164948454	47.11	-0.23	-1.22	0.06	2	-0.03	0.43	0.14	5.32	3.64	0	4.8	0.7	0	416
0.0203835051546392	0.00175257731958763	49.31	-0.12	-1.34	0.06	2.1	-0.03	0.44	0.14	5.62	3.88	0	4.95	0.7	0	429
0.0213649484536082	0.00185567010309278	51.69	-0.12	-1.34	0.06	2.2	-0.02	0.44	0.14	5.92	4.16	0	5.2	0.7	0	443
0.0222350515463918	0.00191752577319588	53.9	-0.02	-1.35	0.07	2.28	0	0.44	0.12	6.24	4.42	0	5.4	0.75	0	455
0.0230639175257732	0.002	55.92	-0.01	-1.44	0.08	2.38	0	0.44	0.12	6.54	4.66	0	5.6	0.75	0	464
0.0237278350515464	0.00208247422680412	57.63	0.09	-1.43	0.08	2.43	0.01	0.43	0.12	6.78	4.84	0	5.8	0.75	0	473
0.0240824742268041	0.00210309278350515	58.49	0.09	-1.44	0.07	2.45	0.02	0.43	0.11	6.92	4.94	0	5.9	0.8	0	477
0.0245855670103093	0.00212371134020619	59.75	0.13	-1.54	0.07	2.52	0.01	0.43	0.11	7.1	5.08	0	5.95	0.8	0	483
0.0251134020618557	0.00218556701030928	61.09	0.19	-1.54	0.06	2.57	0.02	0.43	0.11	7.32	5.22	0	6.15	0.85	0	489
0.0257030927835052	0.00222680412371134	62.53	0.2	-1.54	0.07	2.63	0.03	0.43	0.1	7.52	5.38	0	6.25	0.85	0	495
0.0263298969072165	0.00228865979381443	64.15	0.3	-1.53	0.08	2.69	0.04	0.42	0.09	7.76	5.56	0	6.4	0.85	0	503
0.0274845360824742	0.00239175257731959	66.96	0.31	-1.64	0.07	2.78	0.07	0.41	0.07	8.22	5.84	0	6.7	0.9	0	516
0.0279670103092784	0.00241237113402062	68.23	0.41	-1.62	0.09	2.85	0.06	0.41	0.07	8.42	5.98	0	6.7	0.85	0	522
0.0288577319587629	0.00249484536082474	70.43	0.45	-1.75	0.09	2.93	0.08	0.4	0.05	8.78	6.18	0	6.95	0.9	0	533
0.0295463917525773	0.00257731958762887	72.17	0.52	-1.75	0.09	3	0.07	0.39	0.04	9.08	6.34	0	7.15	0.9	0	539
0.0299835051546392	0.00261855670103093	73.23	0.52	-1.74	0.1	3.03	0.08	0.39	0.04	9.36	6.42	0	7.25	0.9	0	540
0.0302556701030928	0.00261855670103093	73.99	0.62	-1.75	0.09	3.06	0.08	0.38	0.04	9.52	6.46	0	7.3	0.95	0	542
0.0305567010309278	0.00265979381443299	74.72	0.62	-1.74	0.08	3.09	0.08	0.38	0.03	9.66	6.52	0	7.4	0.95	0	544
0.0308948453608247	0.00270103092783505	75.54	0.62	-1.74	0.09	3.11	0.08	0.37	0.03	9.84	6.58	0	7.5	0.95	0	546
0.031220618556701	0.00272164948453608	76.33	0.62	-1.84	0.08	3.15	0.08	0.37	0.03	10.04	6.66	0	7.55	0.95	0	548
0.031579381443299	0.00274226804123711	77.3	0.72	-1.84	0.09	3.18	0.09	0.36	0.04	10.24	6.7	0	7.65	1	0	553
0.0319752577319588	0.00276288659793814	78.26	0.72	-1.85	0.09	3.21	0.09	0.36	0.02	10.46	6.76	0	7.75	1.05	0	555
0.0323752577319588	0.00280412371134021	79.23	0.72	-1.84	0.09	3.24	0.08	0.35	0.03	10.66	6.84	0	7.85	1.05	0	558
0.0326680412371134	0.00282474226804124	79.99	0.77	-1.84	0.08	3.29	0.09	0.35	0.02	10.82	6.88	0	7.9	1.05	0	559
0.0329731958762887	0.0028659793814433	80.78	0.82	-1.84	0.08	3.32	0.08	0.34	0.02	11.02	6.94	0	8	1.05	0	561
0.0332948453608247	0.00284536082474227	81.56	0.82	-1.93	0.06	3.34	0.08	0.33	0.01	11.22	7	0	8.15	1.25	0	562
0.0336907216494845	0.00284536082474227	82.52	0.82	-1.94	0.06	3.39	0.08	0.32	0.01	11.46	7.06	0	8.15	1.25	0	564
0.0340082474226804	0.00292783505154639	83.4	0.93	-1.94	0.06	3.43	0.08	0.34	0.01	11.7	7.1	0	8.25	1.15	0	565
0.0343711340206186	0.00294845360824742	84.28	0.93	-1.94	0.07	3.49	0.09	0.34	0.01	11.92	7.14	0	8.3	1.15	0	566
0.0349360824742268	0.00301030927835052	85.65	0.93	-1.94	0.07	3.55	0.09	0.34	0.01	12.3	7.22	0	8.45	1.15	0	565
0.0353731958762887	0.00305154639175258	86.81	1.03	-1.94	0.08	3.59	0.09	0.33	0	12.6	7.28	0	8.6	1.2	0	568
0.0356948453608247	0.00305154639175258	87.59	1.03	-1.94	0.08	3.63	0.09	0.33	0	13	7.28	0	8.6	1.2	0	563
0.0360123711340206	0.00311340206185567	88.36	1.03	-1.94	0.07	3.67	0.1	0.33	-0.01	13.3	7.28	0	8.75	1.2	0	553
0.0361690721649485	0.00311340206185567	90.03	2.32	-2.04	0.08	4.83	-0.54	-0.31	1.15	16	4.74	0	8.85	1.3	0	208
0.0364865979381443	0.00315463917525773	90.87	2.39	-2.04	0.07	4.85	-0.54	-0.31	1.16	16.24	4.76	0	8.9	1.25	0	219
0.0368247422680412	0.00315463917525773	91.68	2.38	-2.04	0.06	4.88	-0.55	-0.3	1.17	16.54	4.78	0	9	1.35	0	223
0.0382309278350515	0.00325773195876289	95.2	2.49	-2.04	0.06	5.07	-0.57	-0.3	1.22	17.88	4.78	0	9.35	1.45	0	229
0.0386680412371134	0.00331958762886598	96.26	2.49	-2.05	0.07	5.12	-0.59	-0.31	1.24	18.3	4.76	0	9.45	1.4	0	223
0.0386721649484536	0.00331958762886598	96.38	2.6	-2.01	0.08	5.08	-0.58	-0.32	1.27	18.62	4.64	0	9.4	1.35	0	205
0.0386639175257732	0.00331958762886598	96.38	2.62	-2.03	0.08	5.07	-0.6	-0.34	1.27	18.64	4.64	0	9.45	1.4	0	202
0.0386639175257732	0.00334020618556701	96.38	2.62	-2.05	0.09	5.07	-0.6	-0.34	1.27	18.66	4.62	0	9.45	1.35	0	200
0.0394845360824742	0.00336082474226804	98.47	2.72	-2.05	0.09	5.19	-0.61	-0.33	1.29	19.3	4.66	0	9.6	1.45	0	222
0.0402639175257732	0.00348453608247423	100.36	2.72	-2.05	0.09	5.31	-0.6	-0.32	1.32	20	4.68	0	9.85	1.4	0	224
0.0412329896907216	0.00354639175257732	102.71	2.72	-2.04	0.08	5.43	-0.61	-0.32	1.35	20.88	4.7	0	10.1	1.5	0	229
0.0422103092783505	0.00360824742268041	105.18	2.82	-2.06	0.06	5.56	-0.62	-0.31	1.37	21.72	4.68	0	10.3	1.55	0	231
0.0431422680412371	0.00367010309278351	107.55	2.93	-2.02	0.05	5.68	-0.62	-0.31	1.44	22.66	4.7	0	10.65	1.75	0	231
0.0441237113402062	0.00379381443298969	110.02	3.02	-2.05	0.05	5.78	-0.61	-0.3	1.47	23.6	4.72	0	10.8	1.6	0	231
0.0451010309278351	0.00385567010309278	112.4	3.03	-2.05	0.06	5.89	-0.63	-0.31	1.51	24.54	4.72	0	11	1.65	0	234
0.0460329896907216	0.00393814432989691	114.77	3.14	-2.04	0.06	6.01	-0.6	-0.3	1.56	25.46	4.72	0	11.2	1.65	0	230
0.0469649484536082	0.00402061855670103	117.13	3.24	-2.05	0.08	6.14	-0.61	-0.3	1.6	26.4	4.72	0	11.45	1.7	0	231
0.047859793814433	0.00410309278350515	119.41	3.35	-2.04	0.07	6.22	-0.63	-0.3	1.64	27.28	4.74	0	11.65	1.7	0	229
0.0488412371134021	0.00418556701030928	121.88	3.44	-2.04	0.06	6.34	-0.64	-0.3	1.69	28.3	4.74	0	11.9	1.75	0	228
0.0497731958762887	0.00422680412371134	124.25	3.55	-2.05	0.07	6.45	-0.64	-0.3	1.73	29.22	4.72	0	12.1	1.85	0	228
0.0500824742268041	0.00424742268041237	125.21	3.76	-2.04	0.05	6.39	-0.68	-0.41	1.77	29.76	4.7	0	12.2	1.9	0	205
0.0510268041237113	0.0043298969072165	127.49	3.75	-2.03	0.05	6.52	-0.68	-0.39	1.8	30.58	4.72	0	12.45	1.95	0	219
0.0521979381443299	0.00443298969072165	130.44	3.86	-2.02	0.08	6.7	-0.68	-0.37	1.85	31.7	4.72	0	12.75	2	0	225
0.0532123711340206	0.0045360824742268	133.01	3.97	-2.04	0.06	6.86	-0.69	-0.36	1.89	32.7	4.72	0	13	2	0	225
0.0542309278350516	0.0045979381443299	135.49	3.98	-2.04	0.08	6.97	-0.69	-0.35	1.94	33.66	4.74	0	13.15	2	0	222
0.0551381443298969	0.00474226804123711	137.79	4.08	-2.14	0.08	7.07	-0.71	-0.36	1.96	34.56	4.76	0	13.55	2.05	0	224
0.056119587628866	0.00476288659793814	140.27	4.18	-2.15	0.09	7.18	-0.73	-0.37	2.02	35.46	4.74	0	13.65	2.1	0	224
0.0572164948453608	0.00488659793814433	143.04	4.29	-2.16	0.06	7.28	-0.75	-0.38	2.1	36.46	4.76	0	13.95	2.1	0	225
0.0582061855670103	0.00494845360824742	145.53	4.38	-2.15	0.06	7.4	-0.78	-0.39	2.15	37.4	4.76	0	14.15	2.15	0	224
0.0591876288659794	0.00503092783505155	148.02	4.49	-2.14	0.08	7.5	-0.76	-0.39	2.19	38.32	4.78	0	14.4	2.2	0	225
0.060160824742268	0.00521649484536083	150.49	4.6	-2.13	0.07	7.62	-0.77	-0.38	2.25	39.26	4.78	0	14.75	2.1	0	227
0.0611175257731959	0.00525773195876289	152.93	4.72	-2.15	0.08	7.73	-0.77	-0.4	2.29	40.24	4.78	0	14.9	2.15	0	224
0.0619505154639175	0.00534020618556701	155.03	4.8	-2.13	0.1	7.82	-0.79	-0.4	2.33	41.02	4.78	0	15.15	2.2	0	224
0.0625443298969072	0.0054020618556701	156.57	4.9	-2.15	0.06	7.87	-0.81	-0.43	2.37	41.54	4.78	0	15.25	2.15	0	221
0.0625319587628866	0.00534020618556701	156.67	5.03	-2.12	0.09	7.79	-0.82	-0.48	2.38	41.68	4.78	0	15.2	2.25	0	208
0.0617443298969072	0.00531958762886598	154.75	5.02	-2.12	0.07	7.66	-0.83	-0.49	2.39	41.66	4.68	0	15	2.1	0	167
0.0607463917525773	0.00521649484536083	152.34	5.03	-2.11	0.08	7.55	-0.83	-0.49	2.39	41.44	4.6	0	14.75	2.1	0	138
0.059839175257732	0.0051340206185567	150.13	5.02	-2.11	0.09	7.44	-0.84	-0.49	2.39	40.86	4.56	0	14.5	2.05	0	125
0.0588536082474227	0.00507216494845361	147.73	5.01	-2.14	0.06	7.32	-0.85	-0.5	2.39	40.08	4.48	0	14.3	2	0	115
0.0578721649484536	0.00496907216494845	145.24	4.9	-2.15	0.06	7.22	-0.86	-0.51	2.39	39.24	4.42	0	14.1	2.05	0	108
0.0568453608247423	0.00482474226804124	142.76	4.91	-2.16	0.06	7.09	-0.86	-0.52	2.39	38.48	4.36	0	13.8	2.1	0	103
0.055760824742268	0.00478350515463918	140.09	4.87	-2.16	0.06	6.94	-0.87	-0.53	2.38	37.66	4.34	0	13.55	1.95	0	95
0.0546721649484536	0.00472164948453608	137.39	4.81	-2.15	0.07	6.82	-0.86	-0.53	2.36	36.88	4.28	0	13.35	1.9	0	87
0.0537278350515464	0.00461855670103093	135.11	4.82	-2.04	0.07	6.71	-0.86	-0.55	2.32	36.16	4.26	0	13.05	1.85	0	82
0.0527051546391753	0.0045360824742268	132.53	4.72	-2.04	0.09	6.59	-0.86	-0.54	2.29	35.38	4.2	0	12.8	1.8	0	74
0.0516948453608247	0.00445360824742268	130.07	4.71	-2.05	0.08	6.46	-0.84	-0.55	2.26	34.6	4.18	0	12.55	1.75	0	69
0.0506309278350515	0.00435051546391753	127.4	4.62	-2.05	0.09	6.32	-0.85	-0.55	2.23	33.76	4.14	0	12.25	1.7	0	64
0.0495752577319588	0.0042680412371134	124.82	4.6	-2.05	0.09	6.19	-0.85	-0.56	2.18	32.98	4.08	0	12.05	1.7	0	59
0.0485154639175258	0.00418556701030928	122.16	4.51	-2.05	0.09	6.05	-0.84	-0.56	2.16	32.16	4.04	0	11.8	1.65	0	54
0.0475835051546392	0.00410309278350515	119.8	4.41	-1.94	0.09	5.92	-0.84	-0.57	2.11	31.34	4	0	11.55	1.6	0	51
0.0465567010309278	0.00402061855670103	117.3	4.4	-1.94	0.08	5.77	-0.84	-0.59	2.07	30.52	3.96	0	11.35	1.6	0	47
0.0455216494845361	0.00393814432989691	114.68	4.29	-1.94	0.09	5.66	-0.84	-0.59	2.03	29.74	3.92	0	11.1	1.55	0	40
0.0444659793814433	0.00385567010309278	112.02	4.19	-1.94	0.09	5.53	-0.85	-0.59	1.99	28.96	3.84	0	10.75	1.4	0	36
0.0433649484536082	0.00375257731958763	109.36	4.2	-1.84	0.09	5.38	-0.85	-0.6	1.97	28.18	3.8	0	10.55	1.45	0	29
0.0423175257731959	0.00364948453608248	106.71	4.09	-1.85	0.09	5.25	-0.86	-0.61	1.93	27.42	3.74	0	10.3	1.45	0	22
0.041340206185567	0.00354639175257732	104.24	3.99	-1.83	0.13	5.16	-0.85	-0.61	1.91	26.72	3.7	0	10	1.4	0	20
0.0402350515463918	0.00342268041237113	101.56	3.99	-1.85	0.09	4.98	-0.85	-0.62	1.89	25.92	3.62	0	9.7	1.4	0	17
0.0392824742268041	0.0034020618556701	99.13	3.87	-1.74	0.09	4.9	-0.83	-0.62	1.88	25.32	3.56	0	9.55	1.3	0	9
0.0381525773195876	0.00329896907216495	96.29	3.77	-1.74	0.09	4.76	-0.84	-0.63	1.88	24.56	3.5	0	9.3	1.3	0	4
0.0370762886597938	0.00317525773195876	93.56	3.65	-1.72	0.06	4.64	-0.85	-0.63	1.88	23.76	3.42	0	9.05	1.35	0	-1
0.0359670103092783	0.00309278350515464	90.81	3.59	-1.64	0.06	4.54	-0.86	-0.63	1.94	23.08	3.34	0	8.8	1.3	0	-3
0.0349030927835052	0.00292783505154639	88.2	3.56	-1.65	0.07	4.44	-0.85	-0.63	2.02	22.48	3.26	0	8.45	1.35	0	-5
0.033719587628866	0.00282474226804124	85.23	3.46	-1.55	0.07	4.32	-0.86	-0.63	2.14	21.8	3.16	0	8.2	1.35	0	-9
0.0327505154639175	0.00274226804123711	82.77	3.35	-1.45	0.08	4.25	-0.85	-0.63	2.31	21.32	3.1	0	8	1.35	0	-13
0.0316989690721649	0.00265979381443299	80.12	3.25	-1.43	0.05	4.17	-0.85	-0.62	2.59	20.92	3.02	0	7.75	1.3	0	-15
0.030659793814433	0.0025979381443299	77.48	3.13	-1.34	0.04	4.07	-0.87	-0.64	2.91	20.58	2.92	0	7.55	1.25	0	-22
0.0298556701030928	0.00249484536082474	75.53	3.13	-1.31	0.06	4	-0.84	-0.63	3	20.24	2.86	0	7.3	1.25	0	-23
0.028820618556701	0.00245360824742268	72.91	3.02	-1.22	0.04	3.88	-0.84	-0.63	3.06	19.7	2.76	0	7.1	1.15	0	-28
0.0282721649484536	0.00245360824742268	71.49	2.93	-1.14	0.07	3.82	-0.84	-0.64	3.05	19.38	2.68	0	6.95	1	0	-28
0.0277237113402062	0.00241237113402062	70.16	2.93	-1.14	0.05	3.74	-0.84	-0.65	3.06	19.1	2.64	0	6.8	0.95	0	-28
0.0271422680412371	0.00230927835051546	68.64	2.82	-1.03	0.06	3.67	-0.85	-0.65	3.05	18.82	2.54	0	6.65	1.05	0	-34
0.0260824742268041	0.0022680412371134	65.98	2.73	-0.93	0.05	3.54	-0.84	-0.66	3.05	18.4	2.4	0	6.4	0.9	0	-36
0.0251216494845361	0.00220618556701031	63.53	2.61	-0.68	0.06	3.44	-0.84	-0.68	3	17.96	2.2	0	6.25	0.9	0	-39
0.0241690721649485	0.00210309278350515	61.12	2.51	-0.59	0.07	3.34	-0.84	-0.68	2.96	17.64	1.88	0	5.95	0.85	0	-43
0.0231257731958763	0.002	58.48	2.4	-0.38	0.07	3.22	-0.86	-0.69	2.88	17.32	1.32	0	5.65	0.8	0	-45
0.0221072164948454	0.00189690721649485	55.9	2.29	-0.18	0.09	3.12	-0.86	-0.69	2.83	17.06	0.96	0	5.4	0.8	0	-50
0.0211257731958763	0.00185567010309278	53.42	2.19	0.01	0.06	2.99	-0.86	-0.7	2.79	16.64	0.72	0	5.25	0.75	0	-54
0.0200742268041237	0.00177319587628866	50.74	2.06	0.02	0.07	2.86	-0.89	-0.7	2.71	15.98	0.5	0	5	0.7	0	-57
0.0190474226804124	0.00164948453608247	48.06	1.87	0.14	0.06	2.72	-0.94	-0.72	2.64	15.38	0.3	0	4.7	0.7	0	-62
0.0180659793814433	0.00158762886597938	45.58	1.77	0.22	0.04	2.61	-0.97	-0.73	2.57	14.82	0.16	0	4.55	0.7	0	-68
0.0170432989690722	0.0014639175257732	42.99	1.66	0.22	0.03	2.48	-1.02	-0.73	2.49	14.2	-0.04	0	4.25	0.7	0	-71
0.0160659793814433	0.00138144329896907	40.52	1.56	0.32	0.06	2.37	-1.05	-0.76	2.42	13.58	-0.18	0	3.95	0.6	0	-75
0.0150309278350515	0.00127835051546392	37.91	1.46	0.35	0.05	2.23	-1.08	-0.75	2.36	12.98	-0.26	0	3.75	0.65	0	-80
0.0140123711340206	0.00125773195876289	35.32	1.34	0.42	0.02	2.11	-1.12	-0.76	2.31	12.42	-0.38	0	3.6	0.55	0	-85
0.0130639175257732	0.0011340206185567	32.92	1.24	0.42	0	1.98	-1.21	-0.76	2.24	11.88	-0.44	0	3.3	0.55	0	-91
0.012	0.00105154639175258	30.14	1.04	0.52	0.01	1.81	-1.22	-0.8	2.17	11.24	-0.52	0	3.1	0.55	0	-94
0.0108577319587629	0.000907216494845361	27.26	0.93	0.51	0.01	1.59	-1.25	-0.86	2.09	10.54	-0.54	0	2.8	0.6	0	-100
0.00977731958762887	0.000865979381443299	24.54	0.83	0.54	0.01	1.36	-1.27	-0.99	2.01	9.76	-0.56	0	2.55	0.45	0	-106
0.00879587628865979	0.000762886597938144	21.95	0.62	0.63	0.01	1.2	-1.29	-1.04	1.94	9.04	-0.64	0	2.2	0.35	0	-109
0.00768247422680412	0.00065979381443299	19.04	0.41	0.64	-0.01	1.08	-1.32	-1.1	1.85	8.22	-0.66	0	1.95	0.35	0	-113
0.0065319587628866	0.000577319587628866	16.04	0.2	0.62	-0.01	1	-1.33	-1.07	1.75	7.36	-0.7	0	1.7	0.3	0	-117
0.0051340206185567	0.00045360824742268	12.44	-0.01	0.73	-0.03	0.96	-1.36	-0.93	1.63	6.28	-0.78	0	1.4	0.3	0	-119
0.00415670103092784	0.000371134020618557	9.86	-0.22	0.74	-0.03	0.92	-1.38	-0.81	1.54	5.56	-0.8	0	1.15	0.25	0	-121
0.00309690721649485	0.000288659793814433	7.19	-0.32	0.73	-0.04	0.91	-1.43	-0.68	1.46	4.88	-0.86	0	0.95	0.25	0	-127
0.00241649484536082	0.000247422680412371	5.42	-0.44	0.73	-0.04	0.9	-1.44	-0.64	1.41	4.4	-0.86	0	0.75	0.15	0	-127
0.00149690721649485	0.000103092783505155	2.98	-0.65	0.73	-0.05	0.89	-1.46	-0.55	1.34	3.76	-0.88	0	0.5	0.25	0	-129
0.00109278350515464	0.000123711340206186	1.89	-0.76	0.73	-0.05	0.88	-1.47	-0.51	1.3	3.26	-1	0	0.5	0.2	0	-123
0.00108041237113402	0.000123711340206186	1.89	-0.73	0.73	-0.01	0.89	-1.45	-0.51	1.28	3.04	-1.08	0	0.45	0.15	0	-113
0.0010639175257732	6.18556701030928e-05	1.85	-0.73	0.73	-0.01	0.89	-1.46	-0.51	1.27	3	-1.08	0	0.35	0.2	0	-116
-2.88659793814433e-05	2.06185567010309e-05	-0.91	-0.84	0.73	0	0.89	-1.47	-0.4	1.23	2.74	-1.06	0	0.15	0.1	0	-135
-0.000985567010309278	-8.24742268041237e-05	-3.48	-1.09	0.83	-0.02	0.88	-1.49	-0.29	1.15	2.26	-1.06	0	-0.1	0.1	0	-142
-0.00204123711340206	-0.000206185567010309	-6.13	-1.18	0.82	-0.04	0.87	-1.51	-0.2	1.07	1.72	-1.04	0	-0.35	0.15	0	-148
-0.00300618556701031	-0.000268041237113402	-8.67	-1.38	0.83	-0.03	0.86	-1.54	-0.13	1.01	1.22	-0.94	0	-0.6	0.05	0	-148
-0.00401237113402062	-0.000329896907216495	-11.22	-1.49	0.83	-0.04	0.85	-1.53	-0.06	0.92	1	-0.78	0	-0.75	0.05	0	-157
-0.00498969072164948	-0.000474226804123711	-13.78	-1.68	0.84	-0.02	0.84	-1.52	-0.03	0.82	1	-0.5	0	-1.2	-0.05	0	-168
-0.00592164948453608	-0.000515463917525773	-16.14	-1.78	0.93	-0.01	0.83	-1.52	0.02	0.77	1.24	-0.14	0	-1.35	-0.1	0	-174
-0.00692783505154639	-0.000597938144329897	-18.79	-1.99	0.94	-0.02	0.81	-1.52	0.1	0.72	1.7	0.3	0	-1.55	-0.1	0	-186
-0.00785567010309278	-0.00065979381443299	-21.16	-2.11	0.94	-0.03	0.79	-1.52	0.14	0.69	2.14	0.72	0	-1.7	-0.1	0	-192
-0.00878762886597938	-0.000762886597938144	-23.63	-2.32	0.95	-0.02	0.79	-1.51	0.19	0.67	2.68	1.14	0	-2	-0.15	0	-199
-0.00971958762886598	-0.000845360824742268	-26	-2.43	0.94	-0.02	0.78	-1.49	0.23	0.67	3.2	1.52	0	-2.15	-0.1	0	-207
-0.0106927835051546	-0.000989690721649484	-28.57	-2.64	0.94	-0.03	0.78	-1.48	0.29	0.66	3.64	1.96	0	-2.4	0	0	-217
-0.0116329896907216	-0.00101030927835052	-30.94	-2.73	0.94	-0.04	0.78	-1.48	0.32	0.66	4.04	2.34	0	-2.65	-0.2	0	-222
-0.0126845360824742	-0.00111340206185567	-33.7	-2.94	1.04	-0.01	0.8	-1.45	0.37	0.67	4.48	2.72	0	-2.9	-0.2	0	-237
-0.0136577319587629	-0.00119587628865979	-36.16	-3.04	1.04	-0.01	0.8	-1.43	0.38	0.66	4.84	3.08	0	-3.2	-0.3	0	-246
-0.0144041237113402	-0.00125773195876289	-38.07	-3.14	1.05	-0.02	0.8	-1.41	0.41	0.66	5.1	3.34	0	-3.3	-0.25	0	-255
-0.0147422680412371	-0.00125773195876289	-39.02	-3.27	1.04	-0.04	0.81	-1.41	0.44	0.67	5.1	3.38	0	-3.25	-0.2	0	-248
-0.0137319587628866	-0.00119587628865979	-36.44	-3.14	1.04	-0.01	0.8	-1.4	0.44	0.66	4.72	3.08	0	-3.1	-0.2	0	-205
-0.0126432989690722	-0.00109278350515464	-33.69	-3.03	1.04	-0.01	0.79	-1.42	0.4	0.66	4.38	2.78	0	-2.85	-0.2	0	-191
-0.0118845360824742	-0.00103092783505155	-31.74	-2.92	1.04	-0.02	0.77	-1.44	0.37	0.66	4.08	2.54	0	-2.65	-0.15	0	-175
-0.0109443298969072	-0.000969072164948454	-29.24	-2.7	1.03	0.01	0.76	-1.45	0.32	0.66	3.68	2.16	0	-2.5	-0.15	0	-163
-0.00992164948453608	-0.000845360824742268	-26.66	-2.6	1.05	0.01	0.74	-1.47	0.26	0.66	3.16	1.76	0	-2.25	-0.2	0	-149
-0.00890309278350515	-0.000762886597938144	-23.99	-2.4	0.93	-0.01	0.72	-1.48	0.19	0.67	2.54	1.22	0	-2	-0.15	0	-136
-0.00781855670103093	-0.000680412371134021	-21.25	-2.29	0.94	0	0.71	-1.48	0.13	0.69	1.9	0.66	0	-1.7	-0.05	0	-121
-0.00687835051546392	-0.000597938144329897	-18.79	-2.11	0.94	0.01	0.71	-1.49	0.09	0.73	1.34	0.18	0	-1.55	-0.1	0	-105
-0.00584329896907216	-0.000536082474226804	-16.15	-1.98	0.94	0.01	0.72	-1.49	0.07	0.75	0.82	-0.32	0	-1.35	-0.05	0	-85
-0.00485773195876289	-0.00043298969072165	-13.59	-1.81	0.83	0.01	0.77	-1.43	0.07	0.77	0.42	-0.68	0	-1.1	-0.05	0	-67
-0.00378556701030928	-0.000350515463917526	-10.84	-1.66	0.74	0.01	0.84	-1.34	0.07	0.78	0.18	-0.94	0	-0.85	0	0	-50
-0.00280412371134021	-0.000247422680412371	-8.28	-1.48	0.64	-0.01	0.94	-1.29	0.07	0.76	0.04	-1.12	0	-0.55	0.05	0	-34
-0.00183505154639175	-0.000103092783505155	-5.73	-1.28	0.53	-0.02	1.02	-1.27	0.1	0.76	0.02	-1.14	0	-0.25	0	0	-25
-0.00113814432989691	-0.000144329896907216	-3.93	-1.17	0.24	-0.02	1.1	-1.26	0.12	0.77	0	-1.2	0	-0.1	0.25	0	-22
-0.000564948453608247	-6.18556701030928e-05	-2.42	-1.05	0.15	-0.01	1.13	-1.24	0.08	0.76	0.04	-1.2	0	-0.05	0.1	0	-19
0.000131958762886598	-6.18556701030928e-05	-0.62	-0.94	0.03	0	1.15	-1.25	0.03	0.75	0.02	-1.2	0	0.05	0.2	0	-14
0.000911340206185567	4.12371134020619e-05	1.47	-0.74	-0.06	-0.02	1.17	-1.25	-0.07	0.74	0.04	-1.2	0	0.4	0.3	0	-9
0.00191340206185567	0.000144329896907216	4.1	-0.54	-0.09	-0.02	1.22	-1.25	-0.13	0.72	0.36	-1.22	0	0.65	0.3	0	-5
0.00251958762886598	0.000185567010309278	5.67	-0.44	-0.07	-0.02	1.24	-1.26	-0.16	0.73	0.74	-1.2	0	0.75	0.3	0	-6
0.00369484536082474	0.000329896907216495	8.74	-0.22	-0.07	0.02	1.27	-1.22	-0.25	0.73	1.44	-1.2	0	1.15	0.35	0	-4
0.00478762886597938	0.000391752577319588	11.49	-0.12	-0.06	0	1.29	-1.19	-0.33	0.74	2.1	-1.18	0	1.35	0.4	0	-3
0.00587628865979381	0.00045360824742268	14.34	0.09	-0.06	0.01	1.3	-1.16	-0.47	0.73	2.86	-1.12	0	1.5	0.4	0	-3
0.00688659793814433	0.000556701030927835	16.9	0.2	-0.12	0.03	1.34	-1.13	-0.55	0.74	3.58	-1.08	0	1.75	0.4	0	-2
0.0079340206185567	0.00065979381443299	19.55	0.31	-0.17	0.02	1.4	-1.1	-0.59	0.74	4.32	-1.04	0	2.1	0.5	0	0
0.00890721649484536	0.000742268041237113	22.12	0.52	-0.21	0	1.5	-1.09	-0.59	0.74	5.1	-1	0	2.2	0.4	0	1
0.00992164948453608	0.000824742268041237	24.68	0.62	-0.21	0	1.62	-1.06	-0.63	0.75	5.88	-0.94	0	2.5	0.5	0	0
0.0110144329896907	0.00088659793814433	27.43	0.72	-0.32	-0.01	1.74	-1.04	-0.63	0.74	6.66	-0.9	0	2.75	0.6	0	3
0.0121525773195876	0.000989690721649484	30.29	0.82	-0.32	0	1.88	-1.02	-0.63	0.75	7.38	-0.82	0	3	0.6	0	7
0.0131670103092784	0.00109278350515464	32.86	0.93	-0.3	-0.01	2	-1.01	-0.63	0.76	8.08	-0.76	0	3.25	0.6	0	9
0.0141855670103093	0.00119587628865979	35.43	1.03	-0.41	-0.01	2.13	-0.99	-0.64	0.78	8.82	-0.7	0	3.6	0.7	0	12
0.0152371134020619	0.00127835051546392	38.1	1.15	-0.4	-0.01	2.23	-0.98	-0.65	0.8	9.6	-0.68	0	3.85	0.75	0	14
0.0162268041237113	0.00134020618556701	40.59	1.24	-0.38	0.02	2.37	-0.96	-0.65	0.83	10.36	-0.6	0	4	0.75	0	17
0.0173237113402062	0.00144329896907216	43.36	1.35	-0.51	0.01	2.5	-0.95	-0.66	0.87	11.16	-0.56	0	4.25	0.75	0	20
0.0182845360824742	0.00160824742268041	45.8	1.46	-0.52	0.02	2.62	-0.93	-0.66	0.9	11.76	-0.48	0	4.5	0.6	0	25
0.0193731958762887	0.00169072164948454	48.52	1.54	-0.61	0.02	2.73	-0.93	-0.66	0.93	12.44	-0.4	0	4.75	0.65	0	30
0.0206680412371134	0.00179381443298969	51.78	1.66	-0.72	0.04	2.88	-0.92	-0.66	0.97	13.28	-0.28	0	5.05	0.7	0	35
0.0218103092783505	0.00185567010309278	54.65	1.76	-0.72	0.05	3.03	-0.9	-0.67	1.03	14.04	-0.2	0	5.4	0.9	0	40
0.0246185567010309	0.00208247422680412	61.67	1.97	-0.92	0.05	3.38	-0.89	-0.69	1.14	16.2	-0.04	0	6.05	1	0	50
0.0273525773195876	0.00237113402061856	68.62	2.29	-1.01	0.08	3.7	-0.88	-0.69	1.24	18.18	0.18	0	6.75	1	0	62
0.0291835051546392	0.0025360824742268	73.17	2.4	-1.13	0.1	3.91	-0.87	-0.68	1.31	19.52	0.34	0	7.15	1	0	69
0.0316164948453608	0.00274226804123711	79.27	2.6	-1.23	0.1	4.2	-0.86	-0.68	1.41	21.14	0.58	0	7.75	1.1	0	81
0.0333030927835052	0.00284536082474227	83.56	2.8	-1.24	0.05	4.36	-0.87	-0.7	1.46	22.2	0.76	0	8.25	1.35	0	90
0.0344701030927835	0.00296907216494845	86.49	2.9	-1.34	0.06	4.53	-0.86	-0.68	1.51	22.94	0.92	0	8.45	1.25	0	97
0.0349855670103093	0.00298969072164948	87.76	2.92	-1.34	0.05	4.58	-0.85	-0.68	1.53	23.26	1	0	8.6	1.35	0	100
0.0358639175257732	0.00309278350515464	89.99	3.02	-1.35	0.07	4.69	-0.87	-0.69	1.56	23.8	1.12	0	8.8	1.3	0	105
0.0359051546391753	0.00309278350515464	90.09	3.02	-1.35	0.08	4.69	-0.89	-0.69	1.56	23.84	1.14	0	8.8	1.3	0	103
0.0359010309278351	0.00307216494845361	90.09	3.03	-1.35	0.08	4.66	-0.86	-0.7	1.56	23.9	1.16	0	8.75	1.3	0	96
0.036	0.0031340206185567	90.36	3.06	-1.36	0.12	4.69	-0.85	-0.7	1.56	24	1.18	0	8.85	1.25	0	99
0.0371381443298969	0.00321649484536083	93.2	3.14	-1.43	0.08	4.82	-0.85	-0.7	1.6	24.74	1.3	0	9.15	1.35	0	109
0.0398309278350516	0.00342268041237113	99.93	3.34	-1.52	0.07	5.17	-0.86	-0.71	1.72	26.92	1.52	0	9.85	1.55	0	120
0.0423752577319588	0.00362886597938144	106.26	3.5	-1.53	0.07	5.47	-0.87	-0.7	1.84	29.2	1.64	0	10.45	1.65	0	126
0.0444989690721649	0.00379381443298969	111.57	3.66	-1.55	0.06	5.71	-0.87	-0.7	1.95	31.16	1.72	0	10.95	1.75	0	126
0.0457814432989691	0.00389690721649484	114.78	3.76	-1.63	0.07	5.86	-0.88	-0.7	2	32.3	1.78	0	11.2	1.75	0	129
0.0469443298969072	0.00402061855670103	117.61	3.77	-1.63	0.06	6	-0.9	-0.71	2.06	33.2	1.8	0	11.55	1.8	0	133
0.0481237113402062	0.00410309278350515	120.56	3.86	-1.64	0.06	6.14	-0.9	-0.7	2.13	34.2	1.86	0	11.8	1.85	0	137
0.0492494845360825	0.00422680412371134	123.4	3.97	-1.63	0.08	6.3	-0.9	-0.71	2.18	35.14	1.9	0	12.1	1.85	0	142
0.0506474226804124	0.0043298969072165	126.91	4.09	-1.74	0.08	6.46	-0.9	-0.7	2.23	36.22	1.98	0	12.4	1.9	0	148
0.0520082474226804	0.00445360824742268	130.32	4.2	-1.75	0.08	6.62	-0.91	-0.7	2.28	37.22	2.06	0	12.75	1.95	0	158
0.0526350515463918	0.00457731958762887	131.83	4.19	-1.74	0.09	6.69	-0.91	-0.69	2.31	37.72	2.14	0	12.9	1.8	0	160
0.0539216494845361	0.0045979381443299	135.06	4.3	-1.76	0.09	6.85	-0.91	-0.69	2.35	38.66	2.24	0	13.15	2	0	168
0.0550185567010309	0.00474226804123711	137.82	4.4	-1.83	0.07	6.99	-0.91	-0.69	2.39	39.48	2.32	0	13.5	2	0	176
0.0560783505154639	0.00484536082474227	140.49	4.5	-1.85	0.07	7.11	-0.91	-0.68	2.45	40.32	2.4	0	13.75	2	0	178
0.0568907216494845	0.00490721649484536	142.46	4.5	-1.84	0.07	7.2	-0.92	-0.68	2.47	40.96	2.46	0	14.05	2.15	0	184
0.058	0.00496907216494845	145.25	4.6	-1.84	0.06	7.33	-0.94	-0.68	2.52	41.88	2.52	0	14.25	2.2	0	187
0.0590144329896907	0.00505154639175258	147.81	4.7	-1.84	0.07	7.45	-0.93	-0.68	2.56	42.74	2.58	0	14.5	2.25	0	190
0.0601113402061856	0.0051340206185567	150.49	4.72	-1.94	0.08	7.59	-0.93	-0.68	2.6	43.64	2.62	0	14.75	2.3	0	194
0.0618020618556701	0.00534020618556701	154.78	4.91	-1.92	0.07	7.82	-0.94	-0.67	2.69	45.12	2.7	0	15.2	2.25	0	198
0.0627752577319588	0.00542268041237113	157.16	4.93	-1.94	0.08	7.93	-0.95	-0.66	2.73	46.02	2.74	0	15.35	2.2	0	201
0.0643835051546392	0.00556701030927835	161.18	5.05	-1.95	0.1	8.12	-0.95	-0.65	2.81	47.42	2.8	0	15.75	2.25	0	203
0.0654515463917526	0.00564948453608247	163.87	5.15	-1.95	0.09	8.21	-0.96	-0.65	2.86	48.36	2.86	0	16	2.3	0	205
0.066560824742268	0.00575257731958763	166.65	5.24	-1.96	0.09	8.35	-0.96	-0.66	2.92	49.4	2.88	0	16.3	2.35	0	205
0.0675546391752577	0.00585567010309278	169.16	5.34	-2.05	0.07	8.45	-0.99	-0.67	3.01	50.26	2.88	0	16.6	2.4	0	205
0.0685773195876289	0.00591752577319588	171.66	5.36	-2.05	0.08	8.55	-0.98	-0.67	3.05	51.18	2.94	0	16.8	2.45	0	206
0.0695340206185567	0.00602061855670103	174.07	5.45	-2.05	0.08	8.66	-0.99	-0.68	3.1	51.94	2.94	0	17.1	2.5	0	212
0.0706061855670103	0.00604123711340206	176.77	5.55	-2.04	0.06	8.8	-1	-0.69	3.16	52.88	2.98	0	17.3	2.65	0	213
0.0716	0.00616494845360825	179.18	5.55	-2.05	0.07	8.89	-1.01	-0.7	3.2	53.82	3.04	0	17.5	2.55	0	215
0.0726309278350515	0.00624742268041237	181.78	5.65	-2.05	0.07	8.99	-1.01	-0.71	3.24	54.64	3.04	0	17.75	2.6	0	219
0.0735835051546392	0.00637113402061856	184.21	5.77	-2.05	0.07	9.08	-1.01	-0.73	3.3	55.58	3.1	0	18.05	2.6	0	220
0.0746680412371134	0.00649484536082474	186.93	5.86	-2.05	0.06	9.19	-1.02	-0.73	3.33	56.56	3.12	0	18.4	2.65	0	222
0.075620618556701	0.00651546391752577	189.25	5.87	-2.06	0.06	9.28	-1.02	-0.75	3.39	57.42	3.16	0	18.55	2.75	0	224
0.0765855670103093	0.0065979381443299	191.67	5.95	-2.05	0.06	9.37	-1.03	-0.77	3.44	58.34	3.2	0	18.75	2.75	0	226
0.0775051546391753	0.00668041237113402	194.02	6.07	-2.15	0.06	9.45	-1.02	-0.78	3.51	59.24	3.22	0	19	2.8	0	229
0.078498969072165	0.00676288659793814	196.56	6.2	-2.15	0.07	9.58	-1.02	-0.8	3.56	60.24	3.26	0	19.25	2.85	0	231
0.079459793814433	0.0068659793814433	198.99	6.3	-2.15	0.08	9.66	-1.02	-0.82	3.61	61.16	3.28	0	19.45	2.8	0	234
0.0804948453608247	0.00696907216494845	201.51	6.31	-2.15	0.08	9.77	-1.02	-0.83	3.66	62.12	3.3	0	19.75	2.85	0	237
0.081101030927835	0.00701030927835052	203.17	6.5	-2.15	0.07	9.77	-1.04	-0.9	3.69	62.66	3.36	0	19.8	2.8	0	229
0.081059793814433	0.00698969072164948	203.17	6.6	-2.14	0.07	9.73	-1.05	-0.91	3.69	62.68	3.34	0	19.8	2.85	0	223
0.0810927835051546	0.00705154639175258	203.27	6.62	-2.15	0.1	9.73	-1.05	-0.93	3.68	62.82	3.36	0	19.95	2.85	0	223
0.0821525773195876	0.00709278350515464	205.82	6.6	-2.14	0.07	9.83	-1.06	-0.94	3.72	63.8	3.36	0	20.15	2.95	0	232
0.0830432989690722	0.00721649484536083	208.1	6.72	-2.14	0.08	9.97	-1.04	-0.94	3.78	64.7	3.38	0	20.4	2.9	0	237
0.084098969072165	0.00725773195876289	210.66	6.72	-2.12	0.07	10.08	-1.05	-0.95	3.82	65.62	3.4	0	20.6	3	0	239
0.0849814432989691	0.00734020618556701	212.91	6.83	-2.14	0.07	10.18	-1.05	-0.96	3.88	66.5	3.44	0	20.85	3.05	0	245
0.0860371134020619	0.0074639175257732	215.5	6.86	-2.14	0.09	10.28	-1.05	-0.97	3.93	67.36	3.48	0	21.1	3	0	249
0.0870185567010309	0.0074639175257732	217.95	6.93	-2.14	0.06	10.41	-1.04	-0.97	4	68.28	3.5	0	21.35	3.25	0	251
0.0879835051546392	0.00762886597938144	220.4	7.04	-2.15	0.07	10.5	-1.05	-1	4.02	69.12	3.54	0	21.6	3.1	0	254
0.0889443298969072	0.00771134020618557	222.79	7.1	-2.15	0.08	10.59	-1.03	-0.99	4.09	69.98	3.54	0	21.85	3.15	0	257
0.0899381443298969	0.00775257731958763	225.19	7.09	-2.15	0.06	10.67	-1.06	-1.01	4.14	70.84	3.58	0	22.05	3.25	0	257
0.0909443298969072	0.00777319587628866	227.74	7.2	-2.16	0.06	10.76	-1.06	-1.02	4.18	71.72	3.58	0	22.25	3.4	0	263
0.0919216494845361	0.00787628865979382	230.22	7.31	-2.24	0.06	10.87	-1.05	-1.03	4.23	72.58	3.6	0	22.55	3.45	0	265
0.092898969072165	0.00802061855670103	232.69	7.41	-2.24	0.08	10.95	-1.05	-1.06	4.27	73.42	3.64	0	22.8	3.35	0	268
0.0937690721649485	0.00812371134020618	234.87	7.48	-2.25	0.08	11.02	-1.05	-1.07	4.34	74.2	3.66	0	23	3.3	0	269
0.0949896907216495	0.00820618556701031	237.92	7.57	-2.26	0.07	11.14	-1.03	-1.1	4.38	75.2	3.7	0	23.3	3.4	0	273
0.0960618556701031	0.00822680412371134	240.58	7.63	-2.26	0.06	11.25	-1.03	-1.11	4.44	76.08	3.72	0	23.55	3.6	0	274
0.0960412371134021	0.00830927835051546	240.79	7.89	-2.25	0.08	11.18	-1.03	-1.23	4.44	76.2	3.7	0	23.45	3.3	0	261
0.0952659793814433	0.00822680412371134	238.88	7.86	-2.26	0.12	11.05	-1.02	-1.23	4.44	75.66	3.7	0	23.25	3.3	0	242
0.094239175257732	0.00816494845360825	236.4	7.87	-2.25	0.08	10.93	-1.03	-1.23	4.45	74.9	3.68	0	23	3.2	0	230
0.0932742268041237	0.00804123711340206	233.93	7.74	-2.26	0.07	10.79	-1.03	-1.23	4.41	74.08	3.66	0	22.8	3.3	0	221
0.0922721649484536	0.00795876288659794	231.54	7.78	-2.24	0.07	10.67	-1.03	-1.23	4.38	73.28	3.64	0	22.5	3.2	0	213
0.0912701030927835	0.00787628865979382	229.07	7.74	-2.26	0.07	10.55	-1.04	-1.23	4.32	72.42	3.62	0	22.25	3.15	0	206
0.0901237113402062	0.00779381443298969	226.22	7.67	-2.26	0.08	10.4	-1.03	-1.24	4.27	71.46	3.6	0	22.05	3.15	0	197
0.0890144329896907	0.00771134020618557	223.55	7.69	-2.27	0.1	10.28	-1.04	-1.24	4.21	70.5	3.58	0	21.75	3.05	0	192
0.0880412371134021	0.00764948453608247	221.08	7.58	-2.26	0.1	10.16	-1.04	-1.24	4.15	69.66	3.56	0	21.5	2.95	0	186
0.0869855670103093	0.00754639175257732	218.52	7.58	-2.25	0.09	10.03	-1.04	-1.24	4.1	68.8	3.54	0	21.25	2.95	0	178
0.0859917525773196	0.00744329896907217	216.07	7.54	-2.26	0.08	9.92	-1.04	-1.25	4.04	67.96	3.52	0	21	2.95	0	173
0.0849525773195876	0.00734020618556701	213.48	7.47	-2.25	0.09	9.8	-1.04	-1.25	3.98	67.06	3.52	0	20.75	2.95	0	167
0.0838309278350515	0.00727835051546392	210.75	7.46	-2.15	0.09	9.69	-1.04	-1.25	3.91	66.12	3.48	0	20.5	2.85	0	160
0.0828288659793814	0.0071340206185567	208.19	7.33	-2.15	0.08	9.56	-1.04	-1.25	3.87	65.26	3.48	0	20.25	2.95	0	155
0.0816742268041237	0.00707216494845361	205.4	7.34	-2.14	0.08	9.42	-1.04	-1.25	3.8	64.28	3.46	0	19.95	2.8	0	148
0.0806350515463918	0.00692783505154639	202.85	7.31	-2.16	0.07	9.31	-1.05	-1.24	3.74	63.42	3.44	0	19.7	2.9	0	140
0.0796701030927835	0.00688659793814433	200.44	7.24	-2.15	0.07	9.19	-1.04	-1.24	3.68	62.58	3.4	0	19.45	2.75	0	132
0.078540206185567	0.00676288659793814	197.7	7.24	-2.15	0.07	9.05	-1.04	-1.24	3.63	61.66	3.38	0	19.15	2.75	0	127
0.0774721649484536	0.00672164948453608	195.04	7.17	-2.13	0.09	8.91	-1.04	-1.25	3.57	60.76	3.36	0	18.95	2.65	0	124
0.0763463917525773	0.0065979381443299	192.3	7.16	-2.05	0.09	8.8	-1.04	-1.25	3.52	59.8	3.32	0	18.6	2.6	0	120
0.075360824742268	0.00651546391752577	189.8	7.05	-2.04	0.09	8.66	-1.04	-1.25	3.46	58.98	3.32	0	18.4	2.6	0	114
0.0742474226804124	0.00641237113402062	187.09	7.04	-2.04	0.08	8.54	-1.03	-1.25	3.41	58.1	3.3	0	18.05	2.5	0	108
0.0731670103092784	0.00624742268041237	184.36	6.93	-2.04	0.09	8.4	-1.03	-1.25	3.35	57.18	3.28	0	17.75	2.6	0	98
0.0720948453608247	0.00620618556701031	181.69	6.86	-2.06	0.09	8.27	-1.03	-1.26	3.29	56.28	3.24	0	17.5	2.45	0	88
0.071039175257732	0.00614432989690722	179.11	6.84	-1.95	0.09	8.15	-1.02	-1.25	3.25	55.46	3.24	0	17.3	2.4	0	81
0.0699257731958763	0.00608247422680412	176.29	6.72	-1.94	0.09	8	-1.02	-1.25	3.2	54.66	3.2	0	17.1	2.35	0	79
0.068680412371134	0.00597938144329897	173.26	6.71	-1.94	0.07	7.75	-1	-1.25	3.14	53.72	3.14	0	16.8	2.3	0	75
0.0674309278350515	0.00583505154639175	170.13	6.61	-1.95	0.07	7.6	-1.02	-1.25	3.07	55.14	3.12	0	16.45	2.3	0	72
0.0665896907216495	0.00577319587628866	167.98	6.5	-1.85	0.06	7.5	-1	-1.26	3.04	53.4	3.08	0	16.25	2.25	0	71
0.0655917525773196	0.0056701030927835	165.57	6.51	-1.84	0.07	7.39	-0.99	-1.26	2.99	52.54	3.08	0	16	2.25	0	67
0.0646144329896907	0.00558762886597938	163.09	6.4	-1.84	0.06	7.26	-0.99	-1.25	2.94	51.74	3.04	0	15.75	2.2	0	61
0.0635917525773196	0.00550515463917526	160.52	6.31	-1.84	0.11	7.16	-0.97	-1.26	2.9	50.22	3.02	0	15.5	2.15	0	61
0.0624824742268041	0.0054020618556701	157.84	6.32	-1.74	0.12	7.03	-0.98	-1.26	2.84	49.36	2.98	0	15.25	2.15	0	55
0.0613072164948454	0.00534020618556701	154.88	6.21	-1.76	0.09	6.89	-0.96	-1.26	2.79	48.44	2.94	0	15	2.05	0	52
0.0602515463917526	0.00525773195876289	152.21	6.1	-1.64	0.09	6.75	-0.96	-1.27	2.72	47.62	2.9	0	14.75	2	0	51
0.0591835051546392	0.0051340206185567	149.53	6.01	-1.63	0.07	6.63	-0.95	-1.27	2.69	46.82	2.86	0	14.5	2.05	0	47
0.0580989690721649	0.00501030927835052	146.85	5.96	-1.65	0.05	6.5	-0.96	-1.26	2.65	46	2.84	0	14.15	2	0	44
0.0569938144329897	0.00490721649484536	144.07	5.86	-1.54	0.06	6.37	-0.95	-1.26	2.6	45.18	2.76	0	13.9	2	0	37
0.0558103092783505	0.00482474226804124	141.11	5.77	-1.53	0.07	6.23	-0.94	-1.26	2.54	44.28	2.76	0	13.6	1.9	0	34
0.0546639175257732	0.00472164948453608	138.23	5.67	-1.41	0.09	6.06	-0.92	-1.26	2.49	43.42	2.74	0	13.3	1.85	0	31
0.0536041237113402	0.00461855670103093	135.54	5.55	-1.43	0.09	5.94	-0.93	-1.26	2.44	42.62	2.66	0	13.05	1.85	0	28
0.0522556701030928	0.00451546391752577	132.17	5.45	-1.44	0.07	5.78	-0.92	-1.26	2.38	41.68	2.62	0	12.75	1.8	0	22
0.0511876288659794	0.00441237113402062	129.48	5.35	-1.33	0.07	5.66	-0.91	-1.27	2.33	40.84	2.58	0	12.45	1.75	0	20
0.0500742268041237	0.0043298969072165	126.69	5.26	-1.32	0.09	5.53	-0.9	-1.26	2.29	39.94	2.56	0	12.15	1.65	0	18
0.0490309278350515	0.00424742268041237	124.07	5.17	-1.33	0.1	5.42	-0.9	-1.27	2.24	39.16	2.5	0	11.95	1.65	0	13
0.0479628865979381	0.00416494845360825	121.36	5.05	-1.28	0.07	5.3	-0.9	-1.27	2.19	38.38	2.46	0	11.7	1.6	0	10
0.0468453608247423	0.00406185567010309	118.55	4.95	-1.24	0.09	5.17	-0.9	-1.27	2.15	37.58	2.38	0	11.4	1.55	0	5
0.0455711340206186	0.00393814432989691	115.33	4.82	-1.22	0.09	5.03	-0.89	-1.27	2.1	36.72	2.34	0	11.15	1.6	0	0
