0	9	6.18556701030928e-05	0
8.24742268041237e-05	17	0	0
0.000820618556701031	43	6.18556701030928e-05	0
0.00148041237113402	65	0.000144329896907216	0
0.0022639175257732	88	0.00022680412371134	0
0.00285773195876289	102	0.000268041237113402	0
0.00367835051546392	124	0.000371134020618557	0
0.00463917525773196	148	0.00045360824742268	0
0.00549690721649485	170	0.000536082474226804	0
0.00637938144329897	189	0.000597938144329897	0
0.00694020618556701	201	0.00065979381443299	0
0.00757525773195876	208	0.00065979381443299	0
0.00827216494845361	226	0.000783505154639175	0
0.00917113402061856	247	0.000804123711340206	0
0.0101072164948454	265	0.000927835051546392	0
0.0110020618556701	280	0.000989690721649484	0
0.0121814432989691	300	0.00109278350515464	0
0.013080412371134	303	0.0011340206185567	0
0.0139422680412371	315	0.00125773195876289	0
0.0149278350515464	336	0.00131958762886598	0
0.0157814432989691	353	0.0014020618556701	0
0.0167752577319588	369	0.00150515463917526	0
0.0176742268041237	385	0.00154639175257732	0
0.0186144329896907	403	0.00160824742268041	0
0.0195216494845361	416	0.00169072164948454	0
0.0203835051546392	429	0.00175257731958763	0
0.0213649484536082	443	0.00185567010309278	0
0.0222350515463918	455	0.00191752577319588	0
0.0230639175257732	464	0.002	0
0.0237278350515464	473	0.00208247422680412	0
0.0240824742268041	477	0.00210309278350515	0
0.0245855670103093	483	0.00212371134020619	0
0.0251134020618557	489	0.00218556701030928	0
0.0257030927835052	495	0.00222680412371134	0
0.0263298969072165	503	0.00228865979381443	0
0.0274845360824742	516	0.00239175257731959	0
0.0279670103092784	522	0.00241237113402062	0
0.0288577319587629	533	0.00249484536082474	0
0.0295463917525773	539	0.00257731958762887	0
0.0299835051546392	540	0.00261855670103093	0
0.0302556701030928	542	0.00261855670103093	0
0.0305567010309278	544	0.00265979381443299	0
0.0308948453608247	546	0.00270103092783505	0
0.031220618556701	548	0.00272164948453608	0
0.031579381443299	553	0.00274226804123711	0
0.0319752577319588	555	0.00276288659793814	0
0.0323752577319588	558	0.00280412371134021	0
0.0326680412371134	559	0.00282474226804124	0
0.0329731958762887	561	0.0028659793814433	0
0.0332948453608247	562	0.00284536082474227	0
0.0336907216494845	564	0.00284536082474227	0
0.0340082474226804	565	0.00292783505154639	0
0.0343711340206186	566	0.00294845360824742	0
0.0353731958762887	568	0.00305154639175258	0
