0.000903092783505155	6	-0.000824742268041237	0
0.00152989690721649	8	-0.00164948453608247	0
0.00189278350515464	11	-0.00185567010309278	0
0.00221030927835052	14	-0.00206185567010309	0
0.00252371134020619	16	-0.00288659793814433	0
0.00288247422680412	18	-0.00268041237113402	0
0.00324123711340206	19	-0.00329896907216495	0
0.00359175257731959	22	-0.00350515463917526	0
0.00391340206185567	25	-0.00371134020618557	0
0.00470515463917526	26	-0.00412371134020619	0
0.00509690721649484	28	-0.0045360824742268	0
0.00545154639175258	30	-0.00494845360824742	0
0.00589278350515464	33	-0.00494845360824742	0
0.00625154639175258	34	-0.00556701030927835	0
0.00660618556701031	36	-0.00556701030927835	0
0.00736082474226804	37	-0.0065979381443299	0
0.00775670103092783	39	-0.00721649484536083	0
0.00817731958762887	42	-0.00721649484536083	0
0.00850309278350516	43	-0.00742268041237113	0
0.00934020618556701	46	-0.00845360824742268	0
0.00978144329896907	48	-0.00865979381443299	0
0.0101360824742268	49	-0.0088659793814433	0
0.0106185567010309	51	-0.00969072164948454	0
0.0110969072164948	53	-0.00969072164948454	0
0.0117237113402062	54	-0.0105154639175258	0
0.0120412371134021	56	-0.0103092783505155	0
0.0123381443298969	57	-0.0107216494845361	0
0.0126061855670103	58	-0.0111340206185567	0
0.0129237113402062	62	-0.0115463917525773	0
0.0137896907216495	64	-0.0119587628865979	0
0.0141979381443299	67	-0.0125773195876289	0
0.014519587628866	69	-0.0127835051546392	0
0.0148329896907216	71	-0.0129896907216495	0
0.0157484536082474	74	-0.0138144329896907	0
0.0160701030927835	76	-0.0142268041237113	0
0.0166721649484536	77	-0.0144329896907217	0
0.0169855670103093	80	-0.014639175257732	0
0.0175670103092784	82	-0.0156701030927835	0
0.0178886597938144	83	-0.0156701030927835	0
0.0182309278350515	85	-0.0164948453608247	0
0.0185525773195876	86	-0.0160824742268041	0
0.0188701030927835	89	-0.0162886597938144	0
0.0194762886597938	90	-0.017319587628866	0
0.0204329896907216	94	-0.0179381443298969	0
0.021080412371134	95	-0.0189690721649485	0
0.0213938144329897	96	-0.0189690721649485	0
0.0216453608247423	99	-0.0193814432989691	0
0.0219587628865979	101	-0.0193814432989691	0
0.0230432989690722	103	-0.0206185567010309	0
0.0236865979381443	106	-0.0204123711340206	0
0.0240082474226804	107	-0.0210309278350515	0
0.0242886597938144	109	-0.0212371134020619	0
0.0249731958762887	113	-0.0218556701030928	0
0.0252494845360825	114	-0.0222680412371134	0
0.0255381443298969	115	-0.022680412371134	0
0.0258639175257732	116	-0.0232989690721649	0
0.0261855670103093	117	-0.0232989690721649	0
0.0264659793814433	119	-0.0235051546391753	0
0.0267958762886598	120	-0.0235051546391753	0
0.0271134020618557	121	-0.0241237113402062	0
0.0274020618556701	123	-0.0245360824742268	0
0.0277278350515464	124	-0.0243298969072165	0
0.0280412371134021	125	-0.0245360824742268	0
0.0282927835051546	126	-0.0245360824742268	0
0.0286103092783505	128	-0.0249484536082474	0
0.0289319587628866	130	-0.0251546391752577	0
0.0292329896907216	131	-0.025360824742268	0
0.0298309278350515	132	-0.025979381443299	0
0.030119587628866	134	-0.0261855670103093	0
0.0304041237113402	135	-0.0265979381443299	0
0.0310103092783505	138	-0.0274226804123711	0
0.0312989690721649	139	-0.0276288659793814	0
0.0319422680412371	141	-0.0280412371134021	0
0.0322268041237113	143	-0.0284536082474227	0
0.0328412371134021	145	-0.0288659793814433	0
0.0331257731958763	146	-0.0296907216494845	0
0.0336865979381443	148	-0.0303092783505155	0
0.0340412371134021	149	-0.0303092783505155	0
0.034680412371134	151	-0.0311340206185567	0
0.0354927835051546	152	-0.0315463917525773	0
0.0358226804123711	154	-0.0315463917525773	0
0.0364288659793814	156	-0.0321649484536082	0
0.0367587628865979	157	-0.0323711340206186	0
0.0370515463917526	159	-0.0323711340206186	0
0.0377072164948454	160	-0.0329896907216495	0
0.0386061855670103	161	-0.034639175257732	0
0.0389237113402062	162	-0.034639175257732	0
0.0392494845360825	165	-0.0350515463917526	0
0.039839175257732	168	-0.0356701030927835	0
0.0401567010309278	169	-0.0352577319587629	0
0.0407917525773196	171	-0.0362886597938144	0
0.0410226804123711	172	-0.0362886597938144	0
0.0416577319587629	175	-0.037319587628866	0
0.0419752577319588	176	-0.037319587628866	0
0.0425731958762887	178	-0.0379381443298969	0
0.0428865979381443	179	-0.0383505154639175	0
0.0432123711340206	180	-0.0383505154639175	0
0.0435298969072165	181	-0.0385567010309278	0
0.0438432989690722	182	-0.0389690721649485	0
0.0441649484536082	183	-0.0395876288659794	0
0.0444371134020619	185	-0.0397938144329897	0
0.0447546391752577	186	-0.0395876288659794	0
0.0450762886597938	187	-0.0395876288659794	0
0.0456701030927835	189	-0.0404123711340206	0
0.0459876288659794	190	-0.0404123711340206	0
0.0463051546391753	191	-0.0408247422680412	0
0.0465814432989691	192	-0.0410309278350515	0
0.0469030927835052	193	-0.0412371134020619	0
0.0474556701030928	195	-0.0416494845360825	0
0.0480536082474227	197	-0.0420618556701031	0
0.0489319587628866	198	-0.042680412371134	0
0.0492536082474227	201	-0.0430927835051546	0
0.0495711340206186	202	-0.0430927835051546	0
0.0501278350515464	203	-0.0437113402061856	0
0.0508494845360825	204	-0.0443298969072165	0
0.0511670103092784	205	-0.0441237113402062	0
0.0518061855670103	207	-0.045360824742268	0
0.052119587628866	208	-0.0455670103092784	0
0.0524329896907217	209	-0.0457731958762887	0
0.0527175257731959	210	-0.0461855670103093	0
0.0533484536082474	211	-0.0465979381443299	0
0.053620618556701	212	-0.0468041237113402	0
0.0539587628865979	213	-0.0472164948453608	0
0.054280412371134	214	-0.0478350515463918	0
0.0548783505154639	216	-0.0480412371134021	0
0.0551628865979382	217	-0.0480412371134021	0
0.055719587628866	220	-0.0482474226804124	0
0.056919587628866	221	-0.0496907216494845	0
0.0571958762886598	223	-0.0498969072164948	0
0.0575175257731959	224	-0.0501030927835052	0
0.057839175257732	225	-0.0505154639175258	0
0.0587216494845361	227	-0.051340206185567	0
0.0590061855670103	229	-0.0511340206185567	0
0.0595711340206186	231	-0.0517525773195876	0
0.0601690721649485	232	-0.0523711340206186	0
0.060779381443299	234	-0.0529896907216495	0
0.0616164948453608	236	-0.0536082474226804	0
0.0619010309278351	237	-0.0538144329896907	0
0.0624948453608247	240	-0.054639175257732	0
0.0633484536082474	242	-0.0552577319587629	0
0.0641979381443299	244	-0.0562886597938144	0
0.0648	246	-0.0567010309278351	0
0.065698969072165	247	-0.0575257731958763	0
0.0659752577319588	248	-0.0575257731958763	0
0.0662515463917526	250	-0.0583505154639175	0
0.0668288659793814	251	-0.0581443298969072	0
0.0673938144329897	253	-0.0587628865979381	0
0.0682474226804124	254	-0.06	0
0.0685154639175258	255	-0.06	0
0.0691010309278351	257	-0.0606185567010309	0
0.0697072164948454	258	-0.0612371134020619	0
0.0705773195876289	260	-0.0616494845360825	0
0.0708907216494845	261	-0.0620618556701031	0
0.0715752577319588	263	-0.0628865979381443	0
0.0719463917525773	264	-0.0628865979381443	0
0.0722350515463917	266	-0.0630927835051546	0
0.0730969072164948	267	-0.0641237113402062	0
0.0733690721649485	268	-0.0641237113402062	0
0.0736659793814433	269	-0.0641237113402062	0
0.0742350515463918	270	-0.0649484536082474	0
0.0748	272	-0.0657731958762887	0
0.0754144329896907	274	-0.0661855670103093	0
0.0763257731958763	276	-0.0672164948453608	0
0.0766020618556701	277	-0.0678350515463918	0
