0.000903092783505155	6
0.00152989690721649	8
0.00189278350515464	11
0.00221030927835052	14
0.00252371134020619	16
0.00288247422680412	18
0.00324123711340206	19
0.00359175257731959	22
0.00391340206185567	25
0.00470515463917526	26
0.00509690721649484	28
0.00545154639175258	30
0.00589278350515464	33
0.00625154639175258	34
0.00660618556701031	36
0.00736082474226804	37
0.00775670103092783	39
0.00817731958762887	42
0.00850309278350516	43
0.00934020618556701	46
0.00978144329896907	48
0.0101360824742268	49
0.0106185567010309	51
0.0110969072164948	53
0.0117237113402062	54
0.0120412371134021	56
0.0123381443298969	57
0.0126061855670103	58
0.0129237113402062	62
0.0137896907216495	64
0.0141979381443299	67
0.014519587628866	69
0.0148329896907216	71
0.0157484536082474	74
0.0160701030927835	76
0.0166721649484536	77
0.0169855670103093	80
0.0175670103092784	82
0.0178886597938144	83
0.0182309278350515	85
0.0185525773195876	86
0.0188701030927835	89
0.0194762886597938	90
0.0204329896907216	94
0.021080412371134	95
0.0213938144329897	96
0.0216453608247423	99
0.0219587628865979	101
0.0230432989690722	103
0.0236865979381443	106
0.0240082474226804	107
0.0242886597938144	109
0.0249731958762887	113
0.0252494845360825	114
0.0255381443298969	115
0.0258639175257732	116
0.0261855670103093	117
0.0264659793814433	119
0.0267958762886598	120
0.0271134020618557	121
0.0274020618556701	123
0.0277278350515464	124
0.0280412371134021	125
0.0282927835051546	126
0.0286103092783505	128
0.0289319587628866	130
0.0292329896907216	131
0.0298309278350515	132
0.030119587628866	134
0.0304041237113402	135
0.0310103092783505	138
0.0312989690721649	139
0.0319422680412371	141
0.0322268041237113	143
0.0328412371134021	145
0.0331257731958763	146
0.0336865979381443	148
0.0340412371134021	149
0.034680412371134	151
0.0354927835051546	152
0.0358226804123711	154
0.0364288659793814	156
0.0367587628865979	157
0.0370515463917526	159
0.0377072164948454	160
0.0386061855670103	161
0.0389237113402062	162
0.0392494845360825	165
0.039839175257732	168
0.0401567010309278	169
0.0407917525773196	171
0.0410226804123711	172
0.0416577319587629	175
0.0419752577319588	176
0.0425731958762887	178
0.0428865979381443	179
0.0432123711340206	180
0.0435298969072165	181
0.0438432989690722	182
0.0441649484536082	183
0.0444371134020619	185
0.0447546391752577	186
0.0450762886597938	187
0.0456701030927835	189
0.0459876288659794	190
0.0463051546391753	191
0.0465814432989691	192
0.0469030927835052	193
0.0474556701030928	195
0.0480536082474227	197
0.0489319587628866	198
0.0492536082474227	201
0.0495711340206186	202
0.0501278350515464	203
0.0508494845360825	204
0.0511670103092784	205
0.0518061855670103	207
0.052119587628866	208
0.0524329896907217	209
0.0527175257731959	210
0.0533484536082474	211
0.053620618556701	212
0.0539587628865979	213
0.054280412371134	214
0.0548783505154639	216
0.0551628865979382	217
0.055719587628866	220
0.056919587628866	221
0.0571958762886598	223
0.0575175257731959	224
0.057839175257732	225
0.0587216494845361	227
0.0590061855670103	229
0.0595711340206186	231
0.0601690721649485	232
0.060779381443299	234
0.0616164948453608	236
0.0619010309278351	237
0.0624948453608247	240
0.0633484536082474	242
0.0641979381443299	244
0.0648	246
0.065698969072165	247
0.0659752577319588	248
0.0662515463917526	250
0.0668288659793814	251
0.0673938144329897	253
0.0682474226804124	254
0.0685154639175258	255
0.0691010309278351	257
0.0697072164948454	258
0.0705773195876289	260
0.0708907216494845	261
0.0715752577319588	263
0.0719463917525773	264
0.0722350515463917	266
0.0730969072164948	267
0.0733690721649485	268
0.0736659793814433	269
0.0742350515463918	270
0.0748	272
0.0754144329896907	274
0.0763257731958763	276
0.0766020618556701	277
