#変形角	gamma	gamma2	変位1	変位2	変位3	変位4	変位5	変位6	変位7	変位8	9	10	11	変12	変13	14	荷重
-8.65979381443299e-05	-0.000206185567010309	-0.19	0.02	0.02	0.01	0	0	-0.01	0	0	0	0	-0.5	0	0	-8
0.000185567010309278	-0.000618556701030928	0.47	0.02	0.01	0.01	0.03	0.01	0	0	0	0	0	-1.5	0	0	-4
0.000544329896907217	-0.000618556701030928	1.34	0.02	0.02	0	0.05	0.01	-0.03	0	0	0	0	-1.5	0	0	0
0.000903092783505155	-0.000824742268041237	2.21	0.02	0.01	0	0.07	0	-0.05	0.01	0	0	0	-2.5	-0.5	0	6
0.00117113402061856	-0.00144329896907216	2.97	0.13	0	0	0.09	0	-0.08	0.02	0	0	0	-4	-0.5	0	6
0.00152989690721649	-0.00164948453608247	3.84	0.13	0.02	0	0.11	0.01	-0.1	0.01	0	0	0	-4	0	0	8
0.00189278350515464	-0.00185567010309278	4.71	0.12	0.01	0.01	0.13	-0.01	-0.12	0	0	0	0	-5	-0.5	0	11
0.00221030927835052	-0.00206185567010309	5.48	0.12	0.01	0	0.15	-0.01	-0.14	0	0	0	0	-5	0	0	14
0.00252371134020619	-0.00288659793814433	6.35	0.23	0.01	0	0.19	-0.01	-0.16	0	0	0	0	-7	0	0	16
0.00288247422680412	-0.00268041237113402	7.21	0.22	0	0.01	0.2	-0.01	-0.17	0	0	0	0	-6.5	0	0	18
0.00324123711340206	-0.00329896907216495	8.08	0.22	0.01	0.01	0.22	-0.02	-0.19	0.01	0	0	0	-8.5	-0.5	0	19
0.00359175257731959	-0.00350515463917526	8.93	0.22	0	0	0.24	-0.01	-0.21	0	0	0	0	-9	-0.5	0	22
0.00391340206185567	-0.00371134020618557	9.81	0.32	0.01	0	0.26	-0.02	-0.23	0.03	0	0	0	-10	-1	0	25
0.00430927835051546	-0.00391752577319588	10.78	0.33	0.01	0.01	0.28	-0.02	-0.23	0.04	0	0	0	-10	-0.5	0	23
0.00470515463917526	-0.00412371134020619	11.74	0.33	0.01	0	0.31	-0.02	-0.25	0.05	0	0	0	-11	-1	0	26
0.00509690721649484	-0.0045360824742268	12.69	0.33	0	0.01	0.34	-0.02	-0.27	0.06	0	0	0	-12.5	-1.5	0	28
0.00545154639175258	-0.00494845360824742	13.65	0.43	0	0	0.37	-0.02	-0.28	0.1	0	0	0	-14	-2	0	30
0.00589278350515464	-0.00494845360824742	14.72	0.43	0	0	0.4	-0.02	-0.29	0.1	0	0	0	-14	-2	0	33
0.00625154639175258	-0.00556701030927835	15.59	0.43	0.01	0	0.42	-0.02	-0.32	0.11	0	0	0	-15.5	-2	0	34
0.00660618556701031	-0.00556701030927835	16.45	0.43	0	0	0.44	-0.01	-0.33	0.12	0	0	0	-16	-2.5	0	36
0.00696082474226804	-0.00618556701030928	17.41	0.53	0.01	0	0.46	-0.02	-0.34	0.14	0	0	0	-16.5	-1.5	0	36
0.00736082474226804	-0.0065979381443299	18.39	0.54	0.01	0	0.5	-0.02	-0.35	0.15	0	0	0	-18	-2	0	37
0.00775670103092783	-0.00721649484536083	19.34	0.53	0.01	0	0.52	-0.02	-0.36	0.17	0	0	0	-19.5	-2	0	39
0.00817731958762887	-0.00721649484536083	20.37	0.54	0.02	0	0.52	-0.03	-0.36	0.2	0	0	0	-19.5	-2	0	42
0.00850309278350516	-0.00742268041237113	21.27	0.65	0.01	0.01	0.58	-0.02	-0.38	0.2	0	0	0	-20.5	-2.5	0	43
0.00890309278350515	-0.00762886597938144	22.24	0.65	0.01	0.01	0.61	-0.02	-0.38	0.22	0	0	0	-21.5	-3	0	43
0.00934020618556701	-0.00845360824742268	23.3	0.65	0.01	0	0.64	-0.02	-0.39	0.24	0	0	0	-23	-2.5	0	46
0.00978144329896907	-0.00865979381443299	24.37	0.65	0.01	0.01	0.67	-0.03	-0.4	0.25	0	0	0	-24	-3	0	48
0.0101360824742268	-0.0088659793814433	25.33	0.75	0.01	0	0.7	-0.02	-0.42	0.28	0	0	0	-24.5	-3	0	49
0.0106185567010309	-0.00969072164948454	26.49	0.74	0	0.01	0.75	-0.02	-0.41	0.29	0	0	0	-26.5	-3	0	51
0.0109154639175258	-0.00927835051546392	27.2	0.73	-0.01	-0.01	0.73	-0.03	-0.44	0.3	0	0	0	-25.5	-3	0	49
0.0105814432989691	-0.00927835051546392	26.4	0.74	0	0.01	0.75	-0.03	-0.44	0.3	0	0	0	-24.5	-2	0	42
0.0102144329896907	-0.00927835051546392	25.52	0.75	0	0	0.73	-0.02	-0.44	0.3	0	0	0	-24	-1.5	0	39
0.00981855670103093	-0.00907216494845361	24.56	0.75	0	0	0.69	-0.02	-0.45	0.28	0	0	0	-23	-1	0	35
0.0094680412371134	-0.00845360824742268	23.7	0.74	0	0	0.66	-0.02	-0.45	0.26	0	0	0	-22	-1.5	0	34
0.00909278350515464	-0.00824742268041237	22.81	0.76	0	0	0.64	-0.02	-0.46	0.25	0	0	0	-21.5	-1.5	0	32
0.00875051546391752	-0.00762886597938144	21.95	0.73	0.01	-0.01	0.6	-0.02	-0.44	0.24	0	0	0	-20.5	-2	0	30
0.00844123711340206	-0.00783505154639175	21.13	0.66	0	-0.01	0.57	-0.02	-0.43	0.22	0	0	0	-20.5	-1.5	0	28
0.00810721649484536	-0.00721649484536083	20.31	0.65	0	0	0.54	-0.02	-0.43	0.2	0	0	0	-19	-1.5	0	25
0.00775670103092783	-0.0065979381443299	19.45	0.64	0	0	0.52	-0.03	-0.42	0.18	0	0	0	-17.5	-1.5	0	22
0.0073979381443299	-0.00597938144329897	18.59	0.65	0.01	0	0.49	-0.02	-0.42	0.16	0	0	0	-17	-2.5	0	21
0.00703505154639175	-0.00618556701030928	17.71	0.65	0	0	0.46	-0.01	-0.4	0.14	0	0	0	-17	-2	0	18
0.00672164948453608	-0.00577319587628866	16.84	0.54	0	0.02	0.44	-0.02	-0.41	0.13	0	0	0	-15.5	-1.5	0	17
0.00638350515463918	-0.00536082474226804	16.01	0.53	-0.01	0.01	0.4	-0.02	-0.38	0.11	0	0	0	-15	-2	0	16
0.00604536082474227	-0.00536082474226804	15.2	0.54	0	0	0.38	-0.02	-0.37	0.09	0	0	0	-14	-1	0	13
0.00569072164948454	-0.00494845360824742	14.34	0.54	0.01	0.01	0.36	-0.02	-0.35	0.08	0	0	0	-13.5	-1.5	0	12
0.00532783505154639	-0.0045360824742268	13.46	0.54	0.01	0	0.34	-0.02	-0.33	0.06	0	0	0	-12.5	-1.5	0	11
0.00497731958762887	-0.00412371134020619	12.51	0.44	0	0	0.31	-0.02	-0.33	0.03	0	0	0	-11.5	-1.5	0	9
0.00462268041237113	-0.00412371134020619	11.64	0.43	0.01	0.01	0.28	-0.02	-0.3	0.03	0	0	0	-11.5	-1.5	0	6
0.00422268041237113	-0.00412371134020619	10.68	0.44	0	0	0.26	-0.02	-0.28	-0.01	0	0	0	-11	-1	0	6
0.00383917525773196	-0.00309278350515464	9.75	0.44	0	0.01	0.24	-0.02	-0.25	0	0	0	0	-9	-1.5	0	2
0.00351340206185567	-0.00329896907216495	8.85	0.33	0	0.02	0.22	-0.01	-0.24	-0.01	0	0	0	-9	-1	0	1
0.00311752577319588	-0.00288659793814433	7.89	0.33	0.01	0	0.2	-0.02	-0.21	-0.01	0	0	0	-7.5	-0.5	0	-2
0.00275876288659794	-0.00268041237113402	7.02	0.33	0	0.01	0.18	-0.02	-0.19	-0.02	0	0	0	-6.5	0	0	-5
0.00244123711340206	-0.00309278350515464	6.23	0.31	0.01	-0.01	0.15	-0.02	-0.16	-0.02	0	0	0	-6.5	1	0	-5
0.00248247422680412	-0.0022680412371134	6.25	0.23	0.01	0.01	0.16	-0.02	-0.16	-0.02	0	0	0	-6.5	-1	0	-2
0.00279587628865979	-0.00247422680412371	7.11	0.33	0	0	0.17	-0.02	-0.18	-0.03	0	0	0	-7.5	-1.5	0	2
0.00311340206185567	-0.00288659793814433	7.88	0.33	0.01	0	0.19	-0.02	-0.19	-0.02	0	0	0	-8.5	-1.5	0	5
0.00342680412371134	-0.00309278350515464	8.64	0.33	0.01	0	0.21	-0.02	-0.21	-0.02	0	0	0	-9	-1.5	0	9
0.00374020618556701	-0.00329896907216495	9.41	0.34	0.01	0	0.24	-0.02	-0.22	-0.02	0	0	0	-10	-2	0	12
0.0040659793814433	-0.00391752577319588	10.29	0.43	0	0.01	0.25	-0.01	-0.25	-0.02	0	0	0	-10.5	-1	0	13
0.00437938144329897	-0.00391752577319588	11.06	0.44	0.01	0.01	0.28	-0.02	-0.26	-0.01	0	0	0	-11.5	-2	0	15
0.00470103092783505	-0.00412371134020619	11.83	0.43	0	0	0.3	-0.01	-0.28	0.01	0	0	0	-12	-2	0	17
0.00505979381443299	-0.00412371134020619	12.7	0.43	0	0	0.33	-0.02	-0.28	0.03	0	0	0	-12.5	-2.5	0	20
0.00537731958762887	-0.0045360824742268	13.47	0.43	0	-0.01	0.35	-0.02	-0.29	0.04	0	0	0	-13.5	-2.5	0	20
0.00568247422680412	-0.00474226804123711	14.33	0.55	0	0	0.38	-0.02	-0.3	0.06	0	0	0	-14	-2.5	0	23
0.00600824742268041	-0.00515463917525773	15.11	0.54	0.01	0	0.4	-0.02	-0.32	0.08	0	0	0	-14.5	-2	0	24
0.0063298969072165	-0.00597938144329897	15.88	0.53	-0.01	-0.01	0.42	-0.02	-0.33	0.09	0	0	0	-15.5	-1	0	26
0.00668041237113402	-0.00618556701030928	16.73	0.53	-0.01	0	0.44	-0.02	-0.33	0.11	0	0	0	-16.5	-1.5	0	28
0.00698969072164949	-0.00680412371134021	17.51	0.56	0	-0.01	0.46	-0.02	-0.35	0.11	0	0	0	-17.5	-1	0	29
0.00727010309278351	-0.00701030927835052	18.28	0.65	0.01	-0.01	0.48	-0.03	-0.36	0.13	0	0	0	-18	-1	0	31
0.00762886597938144	-0.00701030927835052	19.15	0.65	-0.01	-0.01	0.51	-0.03	-0.38	0.15	0	0	0	-18.5	-1.5	0	32
0.00795051546391753	-0.00783505154639175	19.93	0.65	0	0	0.54	-0.03	-0.39	0.16	0	0	0	-20	-1	0	34
0.00828865979381443	-0.00783505154639175	20.75	0.65	-0.01	0	0.56	-0.03	-0.39	0.18	0	0	0	-20.5	-1.5	0	37
0.00862268041237113	-0.00824742268041237	21.56	0.65	0	-0.01	0.58	-0.04	-0.4	0.19	0	0	0	-21.5	-1.5	0	38
0.00891546391752577	-0.00783505154639175	22.34	0.72	0.01	0	0.6	-0.02	-0.41	0.21	0	0	0	-21.5	-2.5	0	40
0.00922061855670103	-0.00824742268041237	23.11	0.75	0.01	0	0.63	-0.02	-0.41	0.22	0	0	0	-22.5	-2.5	0	41
0.00954226804123711	-0.00845360824742268	23.89	0.75	0.01	0	0.66	-0.02	-0.41	0.23	0	0	0	-23	-2.5	0	43
0.00985567010309278	-0.00865979381443299	24.65	0.75	0	0	0.67	-0.03	-0.43	0.25	0	0	0	-23.5	-2.5	0	45
0.0101773195876289	-0.00907216494845361	25.43	0.75	0	0	0.69	-0.02	-0.43	0.27	0	0	0	-24.5	-2.5	0	47
0.0105030927835052	-0.00948453608247423	26.22	0.75	0	0	0.72	-0.02	-0.43	0.28	0	0	0	-25.5	-2.5	0	48
0.0108494845360825	-0.00969072164948454	27.06	0.75	0	0	0.74	-0.02	-0.44	0.29	0	0	0	-26	-2.5	0	51
0.0110969072164948	-0.00969072164948454	27.76	0.85	-0.01	0.01	0.76	-0.02	-0.44	0.3	0	0	0	-27	-3.5	0	53
0.011439175257732	-0.00989690721649484	28.59	0.85	0	0.01	0.8	-0.02	-0.44	0.32	0	0	0	-27.5	-3.5	0	53
0.0117237113402062	-0.0105154639175258	29.29	0.86	0.01	0.01	0.83	-0.02	-0.45	0.32	0	0	0	-28.5	-3	0	54
0.0120412371134021	-0.0103092783505155	30.06	0.86	0.01	0.01	0.85	-0.02	-0.46	0.34	0	0	0	-28.5	-3.5	0	56
0.0123381443298969	-0.0107216494845361	30.79	0.87	0	0	0.87	-0.02	-0.45	0.33	0	0	0	-29.5	-3.5	0	57
0.0126061855670103	-0.0111340206185567	31.43	0.86	0	0	0.88	-0.03	-0.46	0.35	0	0	0	-30.5	-3.5	0	58
0.0129237113402062	-0.0115463917525773	32.19	0.85	0.01	0	0.91	-0.03	-0.47	0.36	0	0	0	-31.5	-3.5	0	62
0.0131752577319588	-0.0117525773195876	32.91	0.96	0.01	0.01	0.94	-0.03	-0.47	0.37	0	0	0	-32	-3.5	0	62
0.013480412371134	-0.0119587628865979	33.65	0.96	0	0.01	0.98	-0.02	-0.47	0.39	0	0	0	-33	-4	0	62
0.0137896907216495	-0.0119587628865979	34.41	0.97	0.01	0.01	1.01	-0.02	-0.48	0.4	0	0	0	-33.5	-4.5	0	64
0.0141979381443299	-0.0125773195876289	35.39	0.96	0	0.01	1.04	-0.02	-0.47	0.41	0	0	0	-34.5	-4	0	67
0.014519587628866	-0.0127835051546392	36.16	0.95	0	0	1.06	-0.02	-0.48	0.41	0	0	0	-35.5	-4.5	0	69
0.0148329896907216	-0.0129896907216495	36.93	0.96	0	0.01	1.08	-0.02	-0.48	0.43	0	0	0	-36	-4.5	0	71
0.0151505154639175	-0.0134020618556701	37.7	0.96	0	0.01	1.11	-0.02	-0.49	0.44	0	0	0	-37	-4.5	0	70
0.0154226804123711	-0.014020618556701	38.47	1.07	0	0.01	1.14	-0.02	-0.48	0.45	0	0	0	-38	-4	0	71
0.0157484536082474	-0.0138144329896907	39.26	1.07	-0.01	0.01	1.16	-0.01	-0.49	0.46	0	0	0	-37.5	-4	0	74
0.0160701030927835	-0.0142268041237113	40.03	1.06	0.01	0	1.19	-0.01	-0.49	0.48	0	0	0	-39.5	-5	0	76
0.0163958762886598	-0.014020618556701	40.82	1.06	0	0	1.21	-0.01	-0.5	0.48	0	0	0	-39.5	-5.5	0	76
0.0166721649484536	-0.0144329896907217	41.49	1.06	0	0.01	1.23	-0.01	-0.51	0.5	0	0	0	-41	-6	0	77
0.0169855670103093	-0.014639175257732	42.25	1.06	0.01	0.01	1.26	-0.01	-0.51	0.51	0	0	0	-41.5	-6	0	80
0.0173072164948454	-0.014639175257732	43.05	1.08	0.02	0.01	1.29	-0.01	-0.51	0.52	0	0	0	-41.5	-6	0	80
0.0175670103092784	-0.0156701030927835	43.82	1.22	0.01	0	1.31	0	-0.51	0.53	0	0	0	-43	-5	0	82
0.0178886597938144	-0.0156701030927835	44.56	1.18	0	0.01	1.34	0.01	-0.51	0.54	0	0	0	-43.5	-5.5	0	83
0.0182309278350515	-0.0164948453608247	45.38	1.17	-0.02	0	1.36	0	-0.52	0.56	0	0	0	-45.5	-5.5	0	85
0.0185525773195876	-0.0160824742268041	46.16	1.17	-0.02	0	1.39	0	-0.52	0.57	0	0	0	-45	-6	0	86
0.0188701030927835	-0.0162886597938144	46.93	1.17	-0.04	0	1.42	0.01	-0.52	0.58	0	0	0	-45.5	-6	0	89
0.0191917525773196	-0.0167010309278351	47.71	1.17	-0.07	0	1.45	0	-0.53	0.59	0	0	0	-46.5	-6	0	89
0.0194762886597938	-0.017319587628866	48.49	1.26	-0.08	0	1.47	0	-0.53	0.6	0	0	0	-48	-6	0	90
0.0197896907216495	-0.017319587628866	49.27	1.28	-0.09	0	1.49	0.01	-0.53	0.62	0	0	0	-48	-6	0	90
0.0201072164948454	-0.0179381443298969	50.03	1.27	-0.09	0	1.53	0.02	-0.53	0.63	0	0	0	-49.5	-6	0	90
0.0204329896907216	-0.0179381443298969	50.82	1.27	-0.11	0	1.54	0.02	-0.54	0.64	0	0	0	-50	-6.5	0	94
0.0207381443298969	-0.0187628865979381	51.56	1.27	-0.1	0.01	1.58	0.02	-0.53	0.66	0	0	0	-51.5	-6	0	94
0.021080412371134	-0.0189690721649485	52.39	1.27	-0.1	0.01	1.6	0.02	-0.54	0.67	0	0	0	-51.5	-5.5	0	95
0.0213938144329897	-0.0189690721649485	53.16	1.28	-0.11	0.01	1.63	0.01	-0.54	0.67	0	0	0	-52.5	-6.5	0	96
0.0216453608247423	-0.0193814432989691	53.85	1.36	-0.11	0	1.66	0.02	-0.55	0.69	0	0	0	-53.5	-6.5	0	99
0.0219587628865979	-0.0193814432989691	54.62	1.37	-0.1	0	1.68	0.03	-0.55	0.71	0	0	0	-53.5	-6.5	0	101
0.022280412371134	-0.02	55.41	1.38	-0.11	0	1.71	0.03	-0.56	0.72	0	0	0	-55	-6.5	0	101
0.0226515463917526	-0.02	56.29	1.36	-0.11	0	1.74	0.03	-0.55	0.73	0	0	0	-55.5	-7	0	101
0.0226268041237113	-0.0202061855670103	56.39	1.52	-0.11	0	1.75	0.04	-0.56	0.74	0	0	0	-55.5	-6.5	0	98
0.0223876288659794	-0.0191752577319588	55.67	1.38	-0.11	0.01	1.72	0.04	-0.56	0.74	0	0	0	-53.5	-7	0	95
0.0220824742268041	-0.0197938144329897	54.92	1.37	-0.1	0.01	1.68	0.04	-0.58	0.72	0	0	0	-54	-6	0	92
0.0217525773195876	-0.0193814432989691	54.14	1.39	-0.1	0.01	1.65	0.04	-0.57	0.73	0	0	0	-53	-6	0	88
0.0214309278350515	-0.0189690721649485	53.35	1.38	-0.11	0	1.6	0.04	-0.57	0.71	0	0	0	-52	-6	0	86
0.0211134020618557	-0.0183505154639175	52.58	1.38	-0.1	0.01	1.59	0.04	-0.57	0.7	0	0	0	-50.5	-6	0	84
0.0207958762886598	-0.0183505154639175	51.81	1.38	-0.1	0.01	1.55	0.05	-0.57	0.69	0	0	0	-50.5	-6	0	83
0.0205113402061856	-0.0181443298969072	51.13	1.39	-0.1	0.01	1.52	0.04	-0.57	0.68	0	0	0	-49.5	-5.5	0	80
0.0201896907216495	-0.0177319587628866	50.34	1.38	-0.1	0.02	1.5	0.04	-0.57	0.66	0	0	0	-48.5	-5.5	0	80
0.0199092783505155	-0.0175257731958763	49.56	1.28	-0.11	0.01	1.46	0.05	-0.57	0.64	0	0	0	-48	-5.5	0	76
0.0195917525773196	-0.0171134020618557	48.79	1.28	-0.11	0	1.43	0.03	-0.57	0.63	0	0	0	-47	-5.5	0	74
0.0192659793814433	-0.0167010309278351	48	1.28	-0.09	0.01	1.39	0.04	-0.57	0.62	0	0	0	-46.5	-6	0	73
0.0189567010309278	-0.0160824742268041	47.23	1.26	-0.1	0.01	1.38	0.04	-0.57	0.61	0	0	0	-45	-6	0	72
0.0186268041237113	-0.0158762886597938	46.44	1.27	-0.1	0	1.35	0.04	-0.57	0.58	0	0	0	-45	-6.5	0	69
0.0183092783505155	-0.0156701030927835	45.67	1.27	-0.11	0	1.31	0.04	-0.57	0.57	0	0	0	-44	-6	0	66
0.0179917525773196	-0.0152577319587629	44.9	1.27	-0.11	-0.01	1.29	0.04	-0.56	0.56	0	0	0	-43	-6	0	66
0.0176701030927835	-0.0152577319587629	44.11	1.26	-0.1	0	1.27	0.04	-0.56	0.55	0	0	0	-42.5	-5.5	0	64
0.017340206185567	-0.0152577319587629	43.32	1.27	-0.1	0	1.24	0.04	-0.56	0.52	0	0	0	-42	-5	0	62
0.0170268041237113	-0.0150515463917526	42.56	1.27	-0.1	0.01	1.21	0.04	-0.56	0.53	0	0	0	-41.5	-5	0	60
0.0167298969072165	-0.0144329896907217	41.78	1.21	-0.1	0	1.2	0.05	-0.55	0.5	0	0	0	-40	-5	0	57
0.0164288659793814	-0.014020618556701	41.01	1.17	-0.1	0	1.16	0.04	-0.53	0.49	0	0	0	-39.5	-5.5	0	56
0.0161113402061856	-0.0144329896907217	40.23	1.16	-0.11	0	1.14	0.03	-0.55	0.47	0	0	0	-39.5	-4.5	0	55
0.0157855670103093	-0.0134020618556701	39.45	1.17	-0.1	0	1.11	0.05	-0.55	0.45	0	0	0	-38	-5.5	0	52
0.0154268041237113	-0.0136082474226804	38.58	1.17	-0.1	0	1.08	0.04	-0.54	0.44	0	0	0	-37.5	-4.5	0	51
0.0151298969072165	-0.0129896907216495	37.84	1.15	-0.1	0	1.06	0.05	-0.54	0.43	0	0	0	-36.5	-5	0	49
0.0148123711340206	-0.0129896907216495	37.09	1.17	-0.11	0	1.03	0.02	-0.53	0.41	0	0	0	-36	-4.5	0	47
0.0144824742268041	-0.0123711340206186	36.28	1.16	-0.11	0	1.01	0.04	-0.53	0.39	0	0	0	-35	-5	0	45
0.0141484536082474	-0.0121649484536082	35.48	1.17	-0.11	0	0.99	0.03	-0.52	0.38	0	0	0	-34.5	-5	0	42
0.0138474226804124	-0.0119587628865979	34.7	1.12	-0.11	0	0.95	0.03	-0.53	0.35	0	0	0	-33.5	-4.5	0	42
0.0135546391752577	-0.0115463917525773	33.93	1.06	-0.11	0	0.93	0.03	-0.52	0.34	0	0	0	-32.5	-4.5	0	40
0.0132371134020619	-0.0115463917525773	33.16	1.06	-0.11	0	0.9	0.03	-0.51	0.33	0	0	0	-32	-4	0	38
0.0129154639175258	-0.0111340206185567	32.38	1.06	-0.11	0	0.89	0.03	-0.51	0.32	0	0	0	-31	-4	0	36
0.0125938144329897	-0.0109278350515464	31.61	1.07	-0.11	0	0.86	0.04	-0.5	0.3	0	0	0	-30.5	-4	0	34
0.0122845360824742	-0.0107216494845361	30.84	1.05	-0.1	0	0.83	0.03	-0.5	0.28	0	0	0	-29.5	-3.5	0	32
0.0119670103092783	-0.0103092783505155	30.07	1.05	-0.1	0	0.81	0.02	-0.5	0.27	0	0	0	-28.5	-3.5	0	31
0.0116412371134021	-0.0103092783505155	29.29	1.06	-0.1	0	0.78	0.02	-0.49	0.25	0	0	0	-27.5	-2.5	0	29
0.0113360824742268	-0.0103092783505155	28.45	0.96	-0.12	0	0.76	0.03	-0.49	0.24	0	0	0	-27.5	-2.5	0	27
0.0110515463917526	-0.00989690721649484	27.75	0.95	-0.11	0	0.74	0.02	-0.48	0.23	0	0	0	-27	-3	0	26
0.0107298969072165	-0.00969072164948454	26.97	0.95	-0.11	0	0.72	0.02	-0.46	0.21	0	0	0	-26	-2.5	0	23
0.0104453608247423	-0.00907216494845361	26.29	0.96	-0.11	0	0.69	0.02	-0.46	0.2	0	0	0	-25	-3	0	21
0.0101030927835052	-0.0088659793814433	25.45	0.95	-0.11	0	0.67	0.02	-0.47	0.18	0	0	0	-24.5	-3	0	20
0.00976907216494845	-0.00865979381443299	24.65	0.96	-0.11	0	0.64	0.01	-0.45	0.17	0	0	0	-23.5	-2.5	0	18
0.00950927835051546	-0.00824742268041237	23.98	0.92	-0.1	0	0.62	0.01	-0.44	0.16	0	0	0	-23	-3	0	17
0.00921649484536083	-0.00845360824742268	23.21	0.86	-0.11	0.01	0.6	0.01	-0.44	0.15	0	0	0	-23	-2.5	0	15
0.0089319587628866	-0.00783505154639175	22.52	0.86	-0.1	0	0.58	0.01	-0.43	0.13	0	0	0	-21	-2	0	13
0.00861443298969072	-0.00783505154639175	21.75	0.86	-0.1	-0.01	0.56	0.02	-0.42	0.11	0	0	0	-21	-2	0	12
0.00830103092783505	-0.00762886597938144	20.98	0.85	-0.11	0	0.54	0	-0.4	0.1	0	0	0	-20.5	-2	0	12
0.0079340206185567	-0.00721649484536083	20.11	0.87	-0.11	0	0.51	0.01	-0.39	0.09	0	0	0	-19.5	-2	0	10
0.00767010309278351	-0.00680412371134021	19.35	0.75	-0.11	0	0.48	0	-0.37	0.08	0	0	0	-18.5	-2	0	8
0.00734845360824742	-0.00639175257731959	18.57	0.75	-0.1	0.01	0.46	0.01	-0.37	0.06	0	0	0	-17.5	-2	0	6
0.00702680412371134	-0.00639175257731959	17.79	0.75	-0.1	0.01	0.44	0.01	-0.36	0.04	0	0	0	-17	-1.5	0	6
0.00663505154639175	-0.00577319587628866	16.84	0.75	-0.11	0	0.41	0	-0.34	0.03	0	0	0	-16	-2	0	3
0.00632577319587629	-0.00597938144329897	16.07	0.73	-0.11	0.01	0.39	0.01	-0.32	0.01	0	0	0	-16	-1.5	0	2
0.006	-0.00577319587628866	15.19	0.64	-0.12	-0.01	0.37	0.01	-0.3	-0.01	0	0	0	-15	-1	0	1
0.00568659793814433	-0.00536082474226804	14.43	0.64	-0.11	0.01	0.34	0.01	-0.28	-0.02	0	0	0	-13.5	-0.5	0	-1
0.00536494845360825	-0.00536082474226804	13.65	0.64	-0.11	0.01	0.33	0.01	-0.26	-0.02	0	0	0	-13.5	-0.5	0	-2
0.00505154639175258	-0.00494845360824742	12.89	0.64	-0.1	0	0.31	0	-0.24	-0.03	0	0	0	-13	-1	0	-3
0.00501030927835051	-0.00515463917525773	12.79	0.64	-0.1	0.01	0.31	0.01	-0.24	-0.03	0	0	0	-13	-0.5	0	-2
0.00524123711340206	-0.00536082474226804	13.36	0.65	-0.09	0.02	0.31	0	-0.24	-0.04	0	0	0	-14	-1	0	3
0.0056	-0.00556701030927835	14.23	0.65	-0.09	0.01	0.32	0	-0.24	-0.03	0	0	0	-15	-1.5	0	6
0.00591340206185567	-0.00618556701030928	15	0.66	-0.08	0.02	0.36	0.01	-0.25	-0.01	0	0	0	-15.5	-0.5	0	7
0.00624329896907216	-0.00618556701030928	15.79	0.65	-0.1	0.02	0.37	0	-0.26	-0.01	0	0	0	-16	-1	0	11
0.00659381443298969	-0.00639175257731959	16.64	0.65	-0.1	0.02	0.4	0	-0.29	0	0	0	0	-17	-1.5	0	13
0.0068659793814433	-0.00680412371134021	17.41	0.76	-0.11	0.01	0.42	0.01	-0.29	0.03	0	0	0	-17.5	-1	0	14
0.00718350515463917	-0.00721649484536083	18.18	0.76	-0.1	0.01	0.45	0	-0.31	0.04	0	0	0	-18.5	-1	0	17
0.00754639175257732	-0.00762886597938144	19.05	0.75	-0.1	0.02	0.47	0.01	-0.32	0.06	0	0	0	-19.5	-1	0	17
0.00785979381443299	-0.00742268041237113	19.82	0.76	-0.1	0.01	0.49	0.01	-0.34	0.06	0	0	0	-19.5	-1.5	0	20
0.00818556701030928	-0.00742268041237113	20.6	0.75	-0.1	0.01	0.53	0.01	-0.34	0.09	0	0	0	-20.5	-2.5	0	21
0.00849072164948454	-0.00762886597938144	21.46	0.87	-0.1	0.02	0.55	0.01	-0.35	0.11	0	0	0	-21	-2.5	0	24
0.00881649484536082	-0.00762886597938144	22.24	0.86	-0.11	0	0.57	0.01	-0.37	0.11	0	0	0	-21.5	-3	0	25
0.00917525773195876	-0.00804123711340206	23.1	0.85	-0.1	0.01	0.61	0.02	-0.37	0.13	0	0	0	-23	-3.5	0	27
0.00949278350515464	-0.00824742268041237	23.88	0.86	-0.1	0.01	0.63	0.01	-0.38	0.14	0	0	0	-23	-3	0	28
0.00981030927835052	-0.00865979381443299	24.65	0.86	-0.09	0.01	0.65	0.02	-0.39	0.16	0	0	0	-24	-3	0	30
0.0101278350515464	-0.00907216494845361	25.44	0.88	-0.1	0.01	0.68	0.01	-0.41	0.17	0	0	0	-25	-3	0	32
0.0104329896907217	-0.00969072164948454	26.27	0.97	-0.1	0.02	0.71	0.01	-0.41	0.19	0	0	0	-26	-2.5	0	34
0.0107628865979381	-0.00969072164948454	27.06	0.96	-0.1	0.01	0.73	0.01	-0.42	0.2	0	0	0	-26.5	-3	0	37
0.011080412371134	-0.00989690721649484	27.84	0.97	-0.1	0.02	0.75	0.01	-0.43	0.21	0	0	0	-27	-3	0	39
0.0114432989690722	-0.0101030927835052	28.72	0.97	-0.1	0.01	0.79	0.01	-0.44	0.23	0	0	0	-28	-3.5	0	39
0.0117567010309278	-0.0101030927835052	29.48	0.97	-0.09	0.01	0.81	0.01	-0.44	0.25	0	0	0	-28	-3.5	0	43
0.0120783505154639	-0.0107216494845361	30.26	0.97	-0.1	0.02	0.84	0.01	-0.45	0.26	0	0	0	-29.5	-3.5	0	44
0.0124123711340206	-0.0107216494845361	31.12	1.02	-0.09	0.02	0.86	0.01	-0.46	0.28	0	0	0	-30.5	-4.5	0	45
0.0127092783505155	-0.0109278350515464	31.89	1.07	-0.09	0.01	0.89	0.01	-0.47	0.28	0	0	0	-31	-4.5	0	48
0.0130309278350515	-0.0115463917525773	32.67	1.07	-0.09	0.01	0.91	0.01	-0.46	0.3	0	0	0	-32	-4	0	51
0.0133525773195876	-0.0117525773195876	33.45	1.07	-0.09	0.01	0.93	0.01	-0.47	0.32	0	0	0	-32.5	-4	0	51
0.0136659793814433	-0.0117525773195876	34.22	1.08	-0.1	0.01	0.96	0.01	-0.46	0.34	0	0	0	-33	-4.5	0	54
0.0139876288659794	-0.0119587628865979	35	1.08	-0.1	0.01	0.99	0.01	-0.47	0.35	0	0	0	-34	-5	0	54
0.0143092783505155	-0.0125773195876289	35.77	1.07	-0.1	0.01	1.01	0.02	-0.47	0.36	0	0	0	-35.5	-5	0	56
0.0146185567010309	-0.0127835051546392	36.54	1.09	-0.1	0.01	1.04	0.01	-0.48	0.39	0	0	0	-35.5	-4.5	0	59
0.0149072164948454	-0.0131958762886598	37.32	1.17	-0.09	0.01	1.06	0.01	-0.49	0.39	0	0	0	-36.5	-4.5	0	59
0.0152247422680412	-0.0131958762886598	38.09	1.17	-0.1	0.01	1.08	0.01	-0.49	0.41	0	0	0	-37	-5	0	62
0.0155340206185567	-0.0136082474226804	38.86	1.19	-0.1	0.02	1.11	0.02	-0.49	0.42	0	0	0	-38	-5	0	64
0.0158639175257732	-0.0138144329896907	39.65	1.18	-0.09	0.02	1.14	0.01	-0.48	0.44	0	0	0	-39	-5.5	0	65
0.0161814432989691	-0.0138144329896907	40.42	1.18	-0.09	0.01	1.16	0.01	-0.49	0.45	0	0	0	-39	-5.5	0	68
0.0165072164948454	-0.0144329896907217	41.2	1.17	-0.1	0.01	1.19	0.02	-0.5	0.45	0	0	0	-40	-5	0	69
0.0168247422680412	-0.0144329896907217	41.97	1.17	-0.1	0.02	1.21	0.02	-0.5	0.46	0	0	0	-40.5	-5.5	0	71
0.0171298969072165	-0.0152577319587629	42.81	1.27	-0.1	0	1.25	0.01	-0.5	0.5	0	0	0	-42	-5	0	72
0.0174268041237113	-0.0148453608247423	43.53	1.27	-0.09	0.01	1.27	0.02	-0.51	0.51	0	0	0	-41.5	-5.5	0	73
0.0177443298969072	-0.0156701030927835	44.31	1.28	-0.09	0.01	1.3	0.02	-0.52	0.51	0	0	0	-43	-5	0	75
0.0180618556701031	-0.0160824742268041	45.08	1.28	-0.1	0.02	1.33	0.02	-0.52	0.53	0	0	0	-44	-5	0	76
0.0183876288659794	-0.0167010309278351	45.86	1.27	-0.1	0.01	1.34	0.02	-0.53	0.53	0	0	0	-45.5	-5	0	78
0.0187051546391753	-0.0171134020618557	46.64	1.28	-0.1	0.01	1.37	0.02	-0.54	0.55	0	0	0	-46	-4.5	0	80
0.0190226804123711	-0.0175257731958763	47.41	1.28	-0.1	0.02	1.4	0.02	-0.53	0.58	0	0	0	-47	-4.5	0	83
0.0193154639175258	-0.0175257731958763	48.13	1.29	-0.09	0.01	1.44	0.02	-0.54	0.58	0	0	0	-47.5	-5	0	84
0.0196659793814433	-0.0179381443298969	48.97	1.28	-0.1	0.01	1.44	0.02	-0.54	0.6	0	0	0	-48.5	-5	0	85
0.0199463917525773	-0.0179381443298969	49.75	1.38	-0.1	0.01	1.48	0.04	-0.54	0.62	0	0	0	-48.5	-5	0	86
0.0202639175257732	-0.0185567010309278	50.53	1.39	-0.11	0.01	1.51	0.03	-0.55	0.61	0	0	0	-50.5	-5.5	0	88
0.0205896907216495	-0.0185567010309278	51.31	1.38	-0.1	0.01	1.54	0.04	-0.56	0.64	0	0	0	-51.5	-6.5	0	90
0.0209113402061856	-0.0187628865979381	52.1	1.39	-0.1	0.01	1.57	0.04	-0.55	0.64	0	0	0	-51.5	-6	0	92
0.0212288659793814	-0.0189690721649485	52.87	1.39	-0.09	0.01	1.59	0.03	-0.55	0.66	0	0	0	-52.5	-6.5	0	93
0.0215546391752577	-0.0191752577319588	53.66	1.39	-0.09	0.01	1.62	0.04	-0.56	0.67	0	0	0	-52.5	-6	0	95
0.0218515463917526	-0.0193814432989691	54.38	1.39	-0.1	0.01	1.65	0.04	-0.57	0.68	0	0	0	-54	-7	0	97
0.0221649484536082	-0.0195876288659794	55.12	1.37	-0.11	0.01	1.69	0.06	-0.56	0.7	0	0	0	-54	-6.5	0	98
0.0224453608247423	-0.0195876288659794	55.9	1.47	-0.09	0.01	1.7	0.05	-0.57	0.71	0	0	0	-55	-7.5	0	98
0.0227381443298969	-0.0202061855670103	56.63	1.49	-0.1	0.01	1.72	0.05	-0.57	0.72	0	0	0	-56	-7	0	101
0.0230432989690722	-0.0206185567010309	57.36	1.48	-0.1	0.01	1.76	0.05	-0.57	0.74	0	0	0	-57	-7	0	103
0.0233649484536082	-0.0208247422680412	58.15	1.49	-0.1	0.01	1.79	0.05	-0.58	0.76	0	0	0	-57.5	-7	0	103
0.0236865979381443	-0.0204123711340206	58.92	1.48	-0.1	0.01	1.81	0.05	-0.58	0.76	0	0	0	-57.5	-8	0	106
0.0240082474226804	-0.0210309278350515	59.71	1.49	-0.1	0.01	1.85	0.06	-0.58	0.77	0	0	0	-59	-8	0	107
0.0242886597938144	-0.0212371134020619	60.39	1.49	-0.1	0.01	1.87	0.06	-0.59	0.8	0	0	0	-59	-7.5	0	109
0.0246515463917526	-0.0218556701030928	61.28	1.5	-0.1	0.01	1.9	0.06	-0.59	0.81	0	0	0	-60.5	-7.5	0	109
0.0249731958762887	-0.0218556701030928	62.05	1.49	-0.1	0.01	1.94	0.08	-0.58	0.82	0	0	0	-61	-8	0	113
0.0252494845360825	-0.0222680412371134	62.75	1.52	-0.1	0.01	1.98	0.06	-0.6	0.83	0	0	0	-62	-8	0	114
0.0255381443298969	-0.022680412371134	63.52	1.59	-0.11	0.01	2.01	0.1	-0.61	0.84	0	0	0	-62.5	-7.5	0	115
0.0258639175257732	-0.0232989690721649	64.31	1.59	-0.1	0.01	2.04	0.1	-0.59	0.85	0	0	0	-64	-7.5	0	116
0.0261855670103093	-0.0232989690721649	65.09	1.59	-0.11	0.01	2.08	0.1	-0.59	0.87	0	0	0	-64	-7.5	0	117
0.0264659793814433	-0.0235051546391753	65.78	1.6	-0.1	0.01	2.11	0.1	-0.6	0.89	0	0	0	-64.5	-7.5	0	119
0.0267958762886598	-0.0235051546391753	66.57	1.59	-0.1	0.01	2.15	0.1	-0.6	0.9	0	0	0	-65.5	-8.5	0	120
0.0271134020618557	-0.0241237113402062	67.34	1.59	-0.11	0.01	2.19	0.11	-0.6	0.91	0	0	0	-66.5	-8	0	121
0.0274020618556701	-0.0245360824742268	68.04	1.59	-0.11	0.01	2.23	0.11	-0.6	0.92	0	0	0	-68	-8.5	0	123
0.0277278350515464	-0.0243298969072165	68.83	1.59	-0.11	0.01	2.26	0.1	-0.6	0.94	0	0	0	-68	-9	0	124
0.0280412371134021	-0.0245360824742268	69.61	1.61	-0.11	0	2.31	0.11	-0.61	0.94	0	0	0	-68.5	-9	0	125
0.0282927835051546	-0.0245360824742268	70.3	1.69	-0.11	0.01	2.35	0.11	-0.6	0.96	0	0	0	-69	-9.5	0	126
0.0286103092783505	-0.0249484536082474	71.08	1.7	-0.1	0.02	2.39	0.11	-0.61	0.97	0	0	0	-70	-9.5	0	128
0.0289319587628866	-0.0251546391752577	71.85	1.69	-0.1	0.01	2.41	0.11	-0.61	0.98	0	0	0	-71	-10	0	130
0.0292329896907216	-0.025360824742268	72.57	1.68	-0.1	0	2.46	0.13	-0.6	1.01	0	0	0	-71.5	-10	0	131
0.0295092783505155	-0.025979381443299	73.26	1.7	-0.09	0.01	2.5	0.13	-0.6	1.02	0	0	0	-72.5	-9.5	0	131
0.0298309278350515	-0.025979381443299	74.04	1.7	-0.1	0.01	2.53	0.13	-0.61	1.04	0	0	0	-73	-10	0	132
0.030119587628866	-0.0261855670103093	74.73	1.69	-0.1	0.01	2.56	0.13	-0.61	1.03	0	0	0	-73.5	-10	0	134
0.0304041237113402	-0.0265979381443299	75.43	1.7	-0.09	0.01	2.61	0.14	-0.6	1.05	0	0	0	-74.5	-10	0	135
0.0307175257731959	-0.0272164948453608	76.2	1.71	-0.09	0	2.63	0.14	-0.61	1.06	0	0	0	-75.5	-9.5	0	135
0.0310103092783505	-0.0274226804123711	77	1.8	-0.1	0.01	2.68	0.14	-0.61	1.07	0	0	0	-76.5	-10	0	138
0.0312989690721649	-0.0276288659793814	77.69	1.79	-0.11	0.01	2.71	0.14	-0.61	1.09	0	0	0	-76.5	-9.5	0	139
0.0316164948453608	-0.0276288659793814	78.47	1.8	-0.11	0.01	2.75	0.15	-0.62	1.1	0	0	0	-77.5	-10.5	0	139
0.0319422680412371	-0.0280412371134021	79.27	1.81	-0.11	0.01	2.8	0.15	-0.62	1.12	0	0	0	-78	-10	0	141
0.0322268041237113	-0.0284536082474227	79.96	1.81	-0.09	0	2.83	0.16	-0.62	1.13	0	0	0	-79.5	-10.5	0	143
0.0325113402061856	-0.028659793814433	80.65	1.81	-0.1	0.02	2.88	0.16	-0.62	1.14	0	0	0	-79.5	-10	0	143
0.0328412371134021	-0.0288659793814433	81.44	1.8	-0.09	0.01	2.89	0.16	-0.62	1.15	0	0	0	-80	-10	0	145
0.0331257731958763	-0.0296907216494845	82.14	1.81	-0.09	0.01	2.94	0.16	-0.63	1.16	0	0	0	-82	-10	0	146
0.0334185567010309	-0.0298969072164948	82.92	1.88	-0.09	0.01	2.99	0.17	-0.63	1.18	0	0	0	-82.5	-10	0	145
0.0336865979381443	-0.0303092783505155	83.59	1.9	-0.1	0.01	3.01	0.17	-0.63	1.19	0	0	0	-83.5	-10	0	148
0.0340412371134021	-0.0303092783505155	84.45	1.9	-0.1	0	3.05	0.18	-0.63	1.21	0	0	0	-84	-10.5	0	149
0.0343505154639175	-0.0305154639175258	85.2	1.9	-0.1	0	3.09	0.2	-0.64	1.22	0	0	0	-84	-10	0	149
0.034680412371134	-0.0311340206185567	86	1.9	-0.1	0	3.12	0.2	-0.63	1.23	0	0	0	-85.5	-10	0	151
0.0348494845360825	-0.0307216494845361	86.39	1.88	-0.09	0.01	3.13	0.21	-0.65	1.24	0	0	0	-85.5	-11	0	148
0.0345567010309278	-0.0298969072164948	85.72	1.92	-0.09	0.01	3.11	0.22	-0.65	1.24	0	0	0	-84	-11.5	0	143
0.0342721649484536	-0.0301030927835052	85.01	1.9	-0.09	0.01	3.07	0.22	-0.65	1.23	0	0	0	-83.5	-10.5	0	140
0.0339381443298969	-0.0296907216494845	84.21	1.91	-0.09	0.01	3.02	0.22	-0.64	1.22	0	0	0	-82.5	-10.5	0	137
0.0336123711340206	-0.0294845360824742	83.42	1.91	-0.1	0.01	2.99	0.22	-0.65	1.21	0	0	0	-82	-10.5	0	134
0.0333278350515464	-0.0290721649484536	82.73	1.91	-0.08	0.02	2.95	0.22	-0.65	1.2	0	0	0	-81	-10.5	0	132
0.0330061855670103	-0.028659793814433	81.94	1.9	-0.09	0.01	2.91	0.22	-0.66	1.17	0	0	0	-80	-10.5	0	128
0.0326762886597938	-0.0284536082474227	81.14	1.9	-0.09	0.03	2.87	0.22	-0.65	1.17	0	0	0	-79.5	-10.5	0	128
0.0323505154639175	-0.0282474226804124	80.36	1.91	-0.09	0.01	2.83	0.22	-0.66	1.16	0	0	0	-79	-10.5	0	126
0.0320659793814433	-0.0276288659793814	79.66	1.9	-0.09	0.01	2.79	0.23	-0.65	1.13	0	0	0	-78	-11	0	123
0.0317731958762887	-0.0278350515463918	78.86	1.81	-0.09	0.01	2.75	0.22	-0.66	1.12	0	0	0	-78	-10.5	0	121
0.0314515463917526	-0.0276288659793814	78.08	1.81	-0.09	0.01	2.7	0.21	-0.66	1.09	0	0	0	-76.5	-9.5	0	121
0.0311257731958763	-0.0276288659793814	77.29	1.81	-0.1	0.01	2.65	0.22	-0.65	1.09	0	0	0	-76.5	-9.5	0	117
0.0308494845360825	-0.0274226804123711	76.61	1.8	-0.09	0.02	2.62	0.22	-0.65	1.08	0	0	0	-75.5	-9	0	115
0.0304948453608247	-0.0268041237113402	75.76	1.81	-0.09	0.01	2.57	0.22	-0.65	1.06	0	0	0	-74.5	-9.5	0	114
0.0301855670103093	-0.0265979381443299	75	1.8	-0.09	0.01	2.52	0.21	-0.65	1.05	0	0	0	-73.5	-9	0	111
0.0298721649484536	-0.0261855670103093	74.24	1.8	-0.09	0.01	2.47	0.21	-0.64	1.03	0	0	0	-73	-9.5	0	111
0.0295876288659794	-0.025979381443299	73.55	1.8	-0.09	0.02	2.43	0.21	-0.65	1.02	0	0	0	-72.5	-9.5	0	109
0.0293030927835052	-0.0255670103092784	72.86	1.8	-0.09	0	2.36	0.21	-0.64	1.01	0	0	0	-71.5	-9.5	0	108
0.0289731958762887	-0.0255670103092784	72.06	1.8	-0.1	0.01	2.33	0.21	-0.64	0.99	0	0	0	-71	-9	0	106
0.0286927835051546	-0.0251546391752577	71.38	1.8	-0.1	0	2.28	0.22	-0.64	0.97	0	0	0	-70	-9	0	105
0.0283752577319588	-0.0247422680412371	70.59	1.78	-0.1	0	2.24	0.22	-0.64	0.96	0	0	0	-69	-9	0	103
0.0280948453608247	-0.0245360824742268	69.86	1.73	-0.1	0.02	2.19	0.2	-0.64	0.94	0	0	0	-68.5	-9	0	101
0.0278061855670103	-0.0241237113402062	69.12	1.69	-0.09	0.01	2.12	0.2	-0.63	0.93	0	0	0	-67.5	-9	0	101
0.027480412371134	-0.0239175257731959	68.34	1.7	-0.09	0.02	2.1	0.21	-0.63	0.92	0	0	0	-67	-9	0	99
0.0271958762886598	-0.0237113402061856	67.64	1.69	-0.1	0.01	2.04	0.21	-0.62	0.9	0	0	0	-66	-8.5	0	96
0.0268701030927835	-0.0241237113402062	66.86	1.7	-0.08	0.02	2	0.2	-0.63	0.88	0	0	0	-66	-7.5	0	95
0.0265896907216495	-0.0237113402061856	66.17	1.69	-0.09	0.02	1.98	0.21	-0.63	0.87	0	0	0	-65	-7.5	0	93
0.0262639175257732	-0.0235051546391753	65.39	1.7	-0.09	0.01	1.92	0.2	-0.62	0.86	0	0	0	-64.5	-7.5	0	92
0.0259381443298969	-0.0232989690721649	64.6	1.7	-0.09	0.02	1.87	0.2	-0.62	0.85	0	0	0	-64	-7.5	0	89
0.0256577319587629	-0.0222680412371134	63.92	1.7	-0.09	0.02	1.85	0.21	-0.61	0.84	0	0	0	-62.5	-8.5	0	88
0.0253360824742268	-0.0222680412371134	63.14	1.7	-0.08	0.01	1.82	0.2	-0.61	0.82	0	0	0	-61.5	-7.5	0	87
0.0250103092783505	-0.0216494845360825	62.34	1.69	-0.1	0.01	1.79	0.2	-0.6	0.8	0	0	0	-60.5	-8	0	86
0.0246886597938144	-0.0216494845360825	61.57	1.7	-0.08	0.01	1.76	0.2	-0.6	0.79	0	0	0	-60.5	-8	0	83
0.0243628865979381	-0.0214432989690722	60.77	1.69	-0.1	0.01	1.73	0.2	-0.59	0.78	0	0	0	-59.5	-7.5	0	81
0.0240865979381443	-0.0212371134020619	60.01	1.6	-0.1	0.01	1.71	0.19	-0.6	0.77	0	0	0	-58.5	-7	0	81
0.0237855670103093	-0.0212371134020619	59.27	1.59	-0.1	0.01	1.68	0.2	-0.58	0.75	0	0	0	-58	-6.5	0	78
0.023480412371134	-0.0204123711340206	58.53	1.59	-0.1	-0.01	1.64	0.19	-0.59	0.74	0	0	0	-57	-7.5	0	77
0.0231298969072165	-0.0206185567010309	57.66	1.57	-0.11	0	1.63	0.19	-0.58	0.72	0	0	0	-57	-7	0	74
0.0228	-0.0204123711340206	56.88	1.59	-0.09	0.02	1.61	0.19	-0.58	0.7	0	0	0	-56	-6.5	0	74
0.0225154639175258	-0.02	56.19	1.59	-0.1	0.01	1.57	0.18	-0.57	0.7	0	0	0	-55	-6.5	0	72
0.0221896907216495	-0.0193814432989691	55.41	1.6	-0.09	0.01	1.55	0.18	-0.57	0.68	0	0	0	-53.5	-6.5	0	70
0.0218762886597938	-0.0197938144329897	54.64	1.59	-0.09	0.01	1.52	0.18	-0.57	0.67	0	0	0	-54	-6	0	69
0.0215917525773196	-0.0191752577319588	53.95	1.59	-0.1	0.01	1.5	0.18	-0.56	0.65	0	0	0	-52.5	-6	0	65
0.0212742268041237	-0.0191752577319588	53.17	1.58	-0.09	0	1.48	0.18	-0.56	0.64	0	0	0	-52	-5.5	0	64
0.0209567010309278	-0.0187628865979381	52.38	1.56	-0.1	0.01	1.46	0.18	-0.55	0.63	0	0	0	-51	-5.5	0	63
0.0207051546391753	-0.0185567010309278	51.7	1.49	-0.09	0.02	1.43	0.17	-0.55	0.62	0	0	0	-50.5	-5.5	0	62
0.0203835051546392	-0.0183505154639175	50.92	1.49	-0.1	0	1.41	0.17	-0.55	0.6	0	0	0	-49	-4.5	0	61
0.0200701030927835	-0.0179381443298969	50.15	1.48	-0.1	0	1.38	0.17	-0.54	0.58	0	0	0	-48.5	-5	0	59
0.0197855670103093	-0.0183505154639175	49.46	1.48	-0.11	0.01	1.36	0.18	-0.54	0.58	0	0	0	-48.5	-4	0	57
0.0194639175257732	-0.0177319587628866	48.67	1.47	-0.11	0.01	1.33	0.17	-0.55	0.56	0	0	0	-47.5	-4.5	0	56
0.0191752577319588	-0.017319587628866	47.98	1.48	-0.11	0	1.32	0.17	-0.54	0.55	0	0	0	-46.5	-4.5	0	54
0.0188577319587629	-0.0169072164948454	47.22	1.49	-0.1	0	1.29	0.17	-0.53	0.53	0	0	0	-45.5	-4.5	0	52
0.0185443298969072	-0.0162886597938144	46.45	1.48	-0.1	0.01	1.27	0.17	-0.53	0.52	0	0	0	-45	-5.5	0	51
0.0182185567010309	-0.0160824742268041	45.66	1.48	-0.1	0.01	1.24	0.16	-0.53	0.5	0	0	0	-44	-5	0	48
0.0178969072164948	-0.0158762886597938	44.88	1.48	-0.09	0	1.22	0.17	-0.51	0.5	0	0	0	-43.5	-5	0	46
0.017620618556701	-0.0158762886597938	44.11	1.38	-0.1	0.01	1.19	0.16	-0.51	0.48	0	0	0	-43	-4.5	0	46
0.0173360824742268	-0.0152577319587629	43.43	1.39	-0.09	0.01	1.17	0.17	-0.51	0.46	0	0	0	-41.5	-4.5	0	44
0.0170144329896907	-0.0148453608247423	42.65	1.39	-0.1	0	1.14	0.16	-0.52	0.45	0	0	0	-41	-5	0	42
0.0167422680412371	-0.0150515463917526	41.98	1.38	-0.1	0.01	1.12	0.16	-0.52	0.44	0	0	0	-40	-3.5	0	41
0.0164164948453608	-0.0148453608247423	41.19	1.38	-0.1	0.01	1.1	0.16	-0.51	0.43	0	0	0	-39.5	-3.5	0	39
0.0161443298969072	-0.0148453608247423	40.52	1.37	-0.1	0	1.07	0.16	-0.5	0.41	0	0	0	-39.5	-3.5	0	38
0.0157773195876289	-0.014020618556701	39.64	1.38	-0.11	0.01	1.05	0.16	-0.5	0.39	0	0	0	-38	-4	0	35
0.015459793814433	-0.014020618556701	38.86	1.37	-0.1	0.01	1.02	0.14	-0.49	0.38	0	0	0	-37.5	-3.5	0	34
0.0151917525773196	-0.0136082474226804	38.12	1.28	-0.11	0.01	0.99	0.15	-0.5	0.36	0	0	0	-36.5	-3.5	0	32
0.0148989690721649	-0.0134020618556701	37.4	1.27	-0.1	0.01	0.98	0.15	-0.48	0.35	0	0	0	-36	-3.5	0	30
0.0145855670103093	-0.0131958762886598	36.64	1.27	-0.1	0.01	0.94	0.14	-0.49	0.33	0	0	0	-35.5	-3.5	0	28
0.0142639175257732	-0.0123711340206186	35.87	1.28	-0.1	0.01	0.92	0.14	-0.48	0.32	0	0	0	-34.5	-4.5	0	27
0.0139463917525773	-0.0119587628865979	35.09	1.27	-0.09	0	0.9	0.14	-0.48	0.31	0	0	0	-33.5	-4.5	0	25
0.0136247422680412	-0.0115463917525773	34.32	1.28	-0.11	0	0.87	0.14	-0.47	0.29	0	0	0	-32.5	-4.5	0	23
0.0133443298969072	-0.0115463917525773	33.54	1.18	-0.09	0.01	0.84	0.13	-0.47	0.28	0	0	0	-32	-4	0	22
0.0130350515463918	-0.0115463917525773	32.77	1.16	-0.11	0.01	0.83	0.13	-0.47	0.27	0	0	0	-31.5	-3.5	0	21
0.0127092783505155	-0.0111340206185567	31.99	1.17	-0.11	0	0.8	0.14	-0.45	0.25	0	0	0	-30.5	-3.5	0	20
0.0123958762886598	-0.0109278350515464	31.23	1.17	-0.1	0.01	0.78	0.13	-0.45	0.24	0	0	0	-30	-3.5	0	18
0.0120824742268041	-0.0107216494845361	30.46	1.16	-0.11	0.01	0.75	0.12	-0.45	0.23	0	0	0	-29.5	-3.5	0	15
0.0117525773195876	-0.0103092783505155	29.67	1.17	-0.1	-0.01	0.73	0.12	-0.44	0.21	0	0	0	-28.5	-3.5	0	13
0.011459793814433	-0.0103092783505155	28.9	1.11	-0.11	0.01	0.71	0.12	-0.43	0.2	0	0	0	-27.5	-2.5	0	13
0.0111587628865979	-0.0101030927835052	28.13	1.07	-0.1	0	0.68	0.12	-0.43	0.19	0	0	0	-27	-2.5	0	11
0.0108123711340206	-0.00989690721649484	27.28	1.06	-0.1	0.01	0.66	0.1	-0.42	0.17	0	0	0	-26	-2	0	10
0.0104783505154639	-0.00969072164948454	26.48	1.07	-0.1	0.01	0.64	0.11	-0.4	0.16	0	0	0	-25.5	-2	0	7
0.010160824742268	-0.00969072164948454	25.71	1.07	-0.1	0.01	0.62	0.11	-0.39	0.14	0	0	0	-25	-1.5	0	6
0.0098639175257732	-0.00948453608247423	24.94	1.02	-0.11	0.01	0.59	0.1	-0.37	0.13	0	0	0	-24	-1	0	6
0.00957113402061856	-0.00907216494845361	24.17	0.96	-0.11	0	0.57	0.11	-0.37	0.12	0	0	0	-23	-1	0	2
0.00925360824742268	-0.0088659793814433	23.4	0.96	-0.1	0.01	0.55	0.1	-0.33	0.11	0	0	0	-22.5	-1	0	3
0.00892783505154639	-0.00824742268041237	22.62	0.97	-0.11	0	0.53	0.09	-0.32	0.08	0	0	0	-21.5	-1.5	0	1
0.00861030927835051	-0.00824742268041237	21.84	0.96	-0.11	0.01	0.51	0.1	-0.3	0.07	0	0	0	-21	-1	0	-1
0.00818144329896907	-0.00804123711340206	20.97	1.13	-0.1	0.01	0.48	0.09	-0.28	0.06	0	0	0	-21	-1.5	0	-2
0.00802474226804124	-0.00804123711340206	20.3	0.84	-0.1	-0.02	0.48	0.09	-0.26	0.04	0	0	0	-20	-0.5	0	-3
0.00809484536082474	-0.00783505154639175	20.49	0.86	-0.1	0.01	0.46	0.09	-0.25	0.05	0	0	0	-21	-2	0	2
0.00845360824742268	-0.00804123711340206	21.36	0.86	-0.09	0.01	0.47	0.09	-0.26	0.04	0	0	0	-21.5	-2	0	6
0.00877113402061856	-0.00824742268041237	22.14	0.87	-0.11	0.02	0.49	0.09	-0.28	0.04	0	0	0	-22.5	-2.5	0	8
0.00904742268041237	-0.00845360824742268	22.91	0.97	-0.1	0	0.51	0.08	-0.28	0.05	0	0	0	-23	-2.5	0	10
0.00937319587628866	-0.0088659793814433	23.69	0.96	-0.1	0.01	0.54	0.08	-0.3	0.06	0	0	0	-24	-2.5	0	13
0.00969484536082474	-0.00845360824742268	24.47	0.96	-0.1	0	0.56	0.09	-0.31	0.08	0	0	0	-24	-3.5	0	14
0.0100082474226804	-0.00907216494845361	25.24	0.97	-0.09	0.01	0.59	0.09	-0.32	0.1	0	0	0	-25	-3	0	16
0.0103257731958763	-0.00927835051546392	26.01	0.97	-0.09	0.02	0.62	0.1	-0.32	0.12	0	0	0	-26	-3.5	0	19
0.010680412371134	-0.00948453608247423	26.87	0.97	-0.1	0	0.64	0.09	-0.34	0.13	0	0	0	-26.5	-3.5	0	19
0.0109567010309278	-0.0101030927835052	27.64	1.07	-0.1	0.01	0.67	0.09	-0.35	0.14	0	0	0	-27.5	-3	0	23
0.0112907216494845	-0.00989690721649484	28.44	1.06	-0.1	0	0.69	0.09	-0.36	0.16	0	0	0	-27.5	-3.5	0	23
0.0116371134020619	-0.0103092783505155	29.29	1.07	-0.1	0	0.72	0.09	-0.37	0.17	0	0	0	-28.5	-3.5	0	26
0.0119546391752577	-0.0107216494845361	30.06	1.07	-0.09	0.01	0.74	0.09	-0.38	0.2	0	0	0	-29.5	-3.5	0	28
0.0122721649484536	-0.0111340206185567	30.84	1.08	-0.09	0	0.78	0.09	-0.4	0.21	0	0	0	-30.5	-3.5	0	30
0.0125938144329897	-0.0117525773195876	31.61	1.07	-0.1	0.01	0.8	0.08	-0.4	0.23	0	0	0	-31.5	-3	0	32
0.0128742268041237	-0.0115463917525773	32.39	1.17	-0.11	0.01	0.82	0.08	-0.4	0.24	0	0	0	-32	-4	0	35
0.0132288659793814	-0.0119587628865979	33.26	1.18	-0.1	0.01	0.86	0.09	-0.4	0.26	0	0	0	-32.5	-3.5	0	35
0.0135010309278351	-0.0119587628865979	34.03	1.29	-0.1	0	0.88	0.09	-0.42	0.28	0	0	0	-33	-4	0	38
0.0138185567010309	-0.0123711340206186	34.8	1.29	-0.1	0.01	0.91	0.09	-0.42	0.29	0	0	0	-34	-4	0	39
0.014140206185567	-0.0125773195876289	35.48	1.19	-0.1	0.01	0.94	0.09	-0.42	0.31	0	0	0	-34.5	-4	0	43
0.0144659793814433	-0.0129896907216495	36.25	1.17	-0.1	0	0.97	0.09	-0.43	0.32	0	0	0	-35.5	-4	0	43
0.0147546391752577	-0.0134020618556701	37.03	1.25	-0.1	0.01	0.99	0.09	-0.43	0.35	0	0	0	-36	-3.5	0	44
0.015101030927835	-0.0138144329896907	37.9	1.28	-0.11	0.01	1.03	0.1	-0.43	0.36	0	0	0	-36.5	-3	0	47
0.0154268041237113	-0.014639175257732	38.68	1.27	-0.11	0.01	1.04	0.08	-0.44	0.37	0	0	0	-38.5	-3	0	49
0.0157443298969072	-0.0144329896907217	39.45	1.27	-0.11	0.01	1.07	0.08	-0.45	0.39	0	0	0	-38.5	-3.5	0	50
0.0160536082474227	-0.014639175257732	40.21	1.28	-0.11	0.01	1.1	0.08	-0.45	0.4	0	0	0	-39.5	-4	0	53
0.0163381443298969	-0.014639175257732	40.9	1.28	-0.1	0	1.12	0.09	-0.46	0.41	0	0	0	-40	-4.5	0	54
0.016659793814433	-0.0148453608247423	41.68	1.28	-0.1	0.01	1.15	0.09	-0.46	0.44	0	0	0	-40.5	-4.5	0	55
0.0169773195876289	-0.0152577319587629	42.46	1.29	-0.11	0.01	1.17	0.09	-0.47	0.44	0	0	0	-41.5	-4.5	0	57
0.0172618556701031	-0.0152577319587629	43.24	1.38	-0.1	0.01	1.21	0.09	-0.48	0.45	0	0	0	-42	-5	0	58
0.0175752577319588	-0.0152577319587629	44	1.38	-0.1	0.01	1.23	0.1	-0.47	0.46	0	0	0	-42.5	-5.5	0	60
0.0179010309278351	-0.0158762886597938	44.79	1.38	-0.1	0.02	1.26	0.1	-0.47	0.47	0	0	0	-43.5	-5	0	62
0.0182185567010309	-0.0158762886597938	45.57	1.39	-0.09	0	1.27	0.1	-0.47	0.49	0	0	0	-45	-6.5	0	63
0.0185443298969072	-0.0158762886597938	46.35	1.38	-0.1	0.01	1.29	0.11	-0.48	0.5	0	0	0	-44.5	-6	0	65
0.0188659793814433	-0.0169072164948454	47.13	1.38	-0.1	0.02	1.32	0.11	-0.49	0.51	0	0	0	-46.5	-5.5	0	67
0.019179381443299	-0.0167010309278351	47.89	1.38	-0.1	0	1.34	0.11	-0.48	0.54	0	0	0	-46.5	-6	0	68
0.0194886597938144	-0.0175257731958763	48.65	1.39	-0.1	0	1.36	0.11	-0.5	0.53	0	0	0	-48	-5.5	0	69
0.0197484536082474	-0.0171134020618557	49.36	1.47	-0.1	0.01	1.38	0.11	-0.49	0.55	0	0	0	-48	-6.5	0	71
0.0200618556701031	-0.0179381443298969	50.14	1.49	-0.1	0.01	1.41	0.13	-0.5	0.56	0	0	0	-49.5	-6	0	72
0.0203835051546392	-0.0179381443298969	50.92	1.49	-0.1	0.01	1.43	0.12	-0.5	0.57	0	0	0	-50	-6.5	0	74
0.0207092783505155	-0.0183505154639175	51.71	1.49	-0.09	0.02	1.46	0.13	-0.5	0.59	0	0	0	-50	-5.5	0	76
0.0210226804123711	-0.0187628865979381	52.47	1.49	-0.09	0.01	1.49	0.13	-0.51	0.6	0	0	0	-52	-6.5	0	77
0.0213154639175258	-0.0187628865979381	53.17	1.48	-0.1	-0.01	1.52	0.13	-0.51	0.6	0	0	0	-52.5	-7	0	79
0.0215876288659794	-0.0193814432989691	53.84	1.49	-0.09	0.01	1.55	0.13	-0.52	0.62	0	0	0	-53.5	-6.5	0	81
0.0219175257731959	-0.0193814432989691	54.63	1.48	-0.1	0	1.56	0.14	-0.52	0.64	0	0	0	-53.5	-6.5	0	83
0.0221938144329897	-0.0191752577319588	55.31	1.49	-0.1	0.01	1.59	0.14	-0.52	0.64	0	0	0	-54	-7.5	0	84
0.0225319587628866	-0.0197938144329897	56.19	1.55	-0.1	0.01	1.62	0.15	-0.52	0.66	0	0	0	-55.5	-7.5	0	85
0.0227917525773196	-0.02	56.86	1.59	-0.1	0.01	1.65	0.15	-0.53	0.68	0	0	0	-56	-7.5	0	87
0.0231175257731959	-0.0202061855670103	57.66	1.6	-0.1	0.01	1.68	0.14	-0.53	0.69	0	0	0	-57	-8	0	88
0.0234474226804124	-0.0210309278350515	58.45	1.59	-0.1	0.01	1.71	0.15	-0.53	0.7	0	0	0	-57.5	-6.5	0	90
0.023719587628866	-0.0214432989690722	59.12	1.6	-0.1	0	1.72	0.15	-0.53	0.72	0	0	0	-58.5	-6.5	0	91
0.0240494845360825	-0.0210309278350515	59.91	1.59	-0.09	0.01	1.75	0.16	-0.54	0.73	0	0	0	-58.5	-7.5	0	92
0.0243670103092783	-0.0218556701030928	60.68	1.59	-0.1	0.01	1.78	0.16	-0.54	0.74	0	0	0	-60	-7	0	96
0.0246515463917526	-0.0220618556701031	61.37	1.59	-0.1	0.01	1.81	0.16	-0.55	0.76	0	0	0	-60.5	-7	0	97
0.0249773195876289	-0.0222680412371134	62.16	1.59	-0.1	0.01	1.85	0.16	-0.55	0.78	0	0	0	-61	-7	0	98
0.0252329896907217	-0.022680412371134	62.85	1.66	-0.1	0	1.86	0.16	-0.55	0.79	0	0	0	-62	-7	0	100
0.0255381443298969	-0.022680412371134	63.62	1.69	-0.11	0.01	1.9	0.16	-0.56	0.8	0	0	0	-62.5	-7.5	0	102
0.025859793814433	-0.0230927835051546	64.41	1.7	-0.1	0.02	1.94	0.16	-0.56	0.8	0	0	0	-63	-7	0	104
0.0261773195876289	-0.0237113402061856	65.18	1.7	-0.11	0.01	1.96	0.17	-0.56	0.83	0	0	0	-64.5	-7	0	105
0.0265072164948454	-0.0243298969072165	65.97	1.69	-0.1	0.01	1.99	0.17	-0.56	0.84	0	0	0	-65.5	-6.5	0	106
0.0267917525773196	-0.0243298969072165	66.67	1.7	-0.11	0.01	2.02	0.18	-0.56	0.86	0	0	0	-66.5	-7.5	0	107
0.0270762886597938	-0.0241237113402062	67.35	1.69	-0.1	0.01	2.06	0.17	-0.56	0.87	0	0	0	-66	-7.5	0	109
0.0273979381443299	-0.0245360824742268	68.13	1.69	-0.1	0	2.09	0.18	-0.57	0.89	0	0	0	-67	-7.5	0	110
0.027719587628866	-0.0249484536082474	68.92	1.7	-0.1	0.01	2.13	0.18	-0.57	0.9	0	0	0	-68	-7.5	0	112
0.0280453608247423	-0.0249484536082474	69.7	1.69	-0.1	0.01	2.17	0.18	-0.57	0.91	0	0	0	-68	-7.5	0	114
0.0283463917525773	-0.0247422680412371	70.49	1.75	-0.09	0	2.21	0.19	-0.58	0.93	0	0	0	-69	-9	0	116
0.0286061855670103	-0.0249484536082474	71.18	1.81	-0.1	0.01	2.25	0.19	-0.58	0.94	0	0	0	-70	-9.5	0	117
0.0289360824742268	-0.025360824742268	71.96	1.79	-0.1	0.01	2.31	0.18	-0.58	0.95	0	0	0	-71	-9.5	0	119
0.0292618556701031	-0.025360824742268	72.76	1.8	-0.1	0.01	2.34	0.19	-0.56	0.97	0	0	0	-71.5	-10	0	120
0.0295422680412371	-0.025979381443299	73.45	1.81	-0.1	0.02	2.39	0.19	-0.58	0.98	0	0	0	-72.5	-9.5	0	121
0.0299092783505155	-0.025979381443299	74.34	1.81	-0.1	0	2.44	0.19	-0.58	1	0	0	0	-73.5	-10.5	0	123
0.0301938144329897	-0.0263917525773196	75.02	1.8	-0.1	0.01	2.48	0.19	-0.58	1.01	0	0	0	-74	-10	0	125
0.0305154639175258	-0.0268041237113402	75.81	1.81	-0.1	0.01	2.53	0.19	-0.59	1.04	0	0	0	-75	-10	0	126
0.0308453608247423	-0.0272164948453608	76.6	1.8	-0.1	0.01	2.57	0.2	-0.59	1.04	0	0	0	-75.5	-9.5	0	128
0.0311134020618557	-0.0272164948453608	77.29	1.84	-0.1	0.01	2.61	0.2	-0.59	1.06	0	0	0	-76.5	-10.5	0	130
0.0314103092783505	-0.0276288659793814	78.08	1.91	-0.1	0.01	2.67	0.21	-0.59	1.07	0	0	0	-77	-10	0	132
0.031740206185567	-0.0278350515463918	78.87	1.9	-0.11	0	2.7	0.2	-0.6	1.07	0	0	0	-78	-10.5	0	132
0.032020618556701	-0.0282474226804124	79.55	1.9	-0.11	0.01	2.74	0.21	-0.6	1.09	0	0	0	-78.5	-10	0	134
0.0323546391752577	-0.028659793814433	80.36	1.9	-0.1	0.01	2.78	0.2	-0.6	1.11	0	0	0	-79.5	-10	0	136
0.0326350515463917	-0.0292783505154639	81.04	1.9	-0.1	0.02	2.82	0.2	-0.61	1.12	0	0	0	-80.5	-9.5	0	137
0.0329278350515464	-0.0292783505154639	81.75	1.9	-0.1	0.01	2.86	0.21	-0.6	1.13	0	0	0	-80.5	-9.5	0	139
0.0333690721649485	-0.0298969072164948	82.82	1.9	-0.1	0	2.93	0.21	-0.6	1.15	0	0	0	-82	-9.5	0	141
0.0336948453608247	-0.0301030927835052	83.61	1.9	-0.1	0.01	2.95	0.21	-0.62	1.16	0	0	0	-82.5	-9.5	0	142
0.0339546391752577	-0.0305154639175258	84.3	1.96	-0.1	0.01	2.99	0.21	-0.62	1.18	0	0	0	-84	-10	0	144
0.0342680412371134	-0.0303092783505155	85.11	2.01	-0.1	0	3.04	0.21	-0.61	1.19	0	0	0	-84	-10.5	0	145
0.0345525773195876	-0.0305154639175258	85.79	2	-0.1	0	3.08	0.21	-0.62	1.2	0	0	0	-84.5	-10.5	0	147
0.0348824742268041	-0.0311340206185567	86.59	2	-0.1	0	3.11	0.22	-0.63	1.22	0	0	0	-85.5	-10	0	149
0.0352041237113402	-0.0315463917525773	87.38	2.01	-0.09	0.01	3.15	0.22	-0.62	1.22	0	0	0	-86.5	-10	0	150
0.0354927835051546	-0.0315463917525773	88.08	2.01	-0.11	0.01	3.18	0.22	-0.63	1.26	0	0	0	-87.5	-11	0	152
0.0358226804123711	-0.0315463917525773	88.88	2.01	-0.1	0.01	3.23	0.23	-0.64	1.26	0	0	0	-87.5	-11	0	154
0.0361030927835052	-0.0319587628865979	89.56	2.01	-0.09	0	3.26	0.22	-0.63	1.28	0	0	0	-89	-11.5	0	154
0.0364288659793814	-0.0321649484536082	90.35	2.01	-0.1	0	3.3	0.23	-0.64	1.29	0	0	0	-89.5	-11.5	0	156
0.0367587628865979	-0.0323711340206186	91.15	2.01	-0.1	0.01	3.33	0.24	-0.64	1.3	0	0	0	-90.5	-12	0	157
0.0370515463917526	-0.0323711340206186	91.85	2	-0.09	0.01	3.37	0.24	-0.65	1.32	0	0	0	-91	-12.5	0	159
0.0373814432989691	-0.0327835051546392	92.65	2	-0.19	0.01	3.41	0.26	-0.66	1.33	0	0	0	-91.5	-12	0	159
0.0377072164948454	-0.0329896907216495	93.44	2	-0.18	-0.01	3.43	0.25	-0.66	1.34	0	0	0	-92.5	-12.5	0	160
0.0376659793814433	-0.0334020618556701	93.44	2.1	-0.19	-0.01	3.43	0.26	-0.66	1.34	0	0	0	-92.5	-11.5	0	155
0.0376577319587629	-0.0338144329896907	93.44	2.12	-0.19	0.01	3.43	0.27	-0.66	1.35	0	0	0	-93	-11	0	155
0.0379835051546392	-0.034020618556701	94.22	2.11	-0.2	0	3.43	0.26	-0.67	1.35	0	0	0	-93.5	-11	0	157
0.0382927835051546	-0.0344329896907217	94.98	2.12	-0.19	0.01	3.47	0.26	-0.67	1.35	0	0	0	-95	-11.5	0	159
0.0386061855670103	-0.034639175257732	95.74	2.12	-0.2	0.01	3.49	0.26	-0.67	1.38	0	0	0	-95	-11	0	161
0.0389237113402062	-0.034639175257732	96.51	2.12	-0.2	0.01	3.53	0.27	-0.68	1.39	0	0	0	-96	-12	0	162
0.0392494845360825	-0.0350515463917526	97.29	2.11	-0.2	0.01	3.57	0.28	-0.68	1.41	0	0	0	-97	-12	0	165
0.0395216494845361	-0.0350515463917526	97.96	2.12	-0.2	0.01	3.61	0.27	-0.68	1.42	0	0	0	-97	-12	0	165
0.039839175257732	-0.0356701030927835	98.73	2.12	-0.19	0	3.63	0.27	-0.69	1.43	0	0	0	-98.5	-12	0	168
0.0401567010309278	-0.0352577319587629	99.49	2.11	-0.2	0.01	3.67	0.28	-0.69	1.44	0	0	0	-98.5	-13	0	169
0.0404783505154639	-0.0356701030927835	100.28	2.12	-0.19	0	3.71	0.27	-0.7	1.46	0	0	0	-99.5	-13	0	168
0.0407917525773196	-0.0362886597938144	101.04	2.12	-0.2	0.01	3.75	0.29	-0.7	1.48	0	0	0	-101	-13	0	171
0.0410226804123711	-0.0362886597938144	101.71	2.23	-0.2	0.01	3.79	0.29	-0.7	1.48	0	0	0	-101	-13	0	172
0.041340206185567	-0.0369072164948454	102.48	2.23	-0.2	0.01	3.83	0.29	-0.71	1.49	0	0	0	-102	-12.5	0	172
0.0416577319587629	-0.037319587628866	103.25	2.23	-0.21	0.01	3.87	0.3	-0.71	1.51	0	0	0	-102.5	-12	0	175
0.0419752577319588	-0.037319587628866	104.01	2.22	-0.21	0.01	3.91	0.3	-0.71	1.53	0	0	0	-103	-12.5	0	176
0.0422515463917526	-0.0377319587628866	104.69	2.23	-0.21	0.01	3.94	0.3	-0.71	1.53	0	0	0	-104.5	-13	0	176
0.0425731958762887	-0.0379381443298969	105.47	2.23	-0.21	0.01	3.97	0.31	-0.71	1.55	0	0	0	-105	-13	0	178
0.0428865979381443	-0.0383505154639175	106.22	2.22	-0.2	0	4.02	0.31	-0.72	1.56	0	0	0	-106	-13	0	179
0.0432123711340206	-0.0383505154639175	107.01	2.22	-0.2	0.02	4.05	0.32	-0.72	1.57	0	0	0	-106.5	-13.5	0	180
0.0435298969072165	-0.0385567010309278	107.78	2.22	-0.2	0.01	4.09	0.32	-0.72	1.58	0	0	0	-107	-13.5	0	181
0.0438432989690722	-0.0389690721649485	108.55	2.23	-0.21	0.01	4.12	0.33	-0.72	1.61	0	0	0	-108	-13.5	0	182
0.0441649484536082	-0.0395876288659794	109.32	2.22	-0.2	0	4.16	0.33	-0.73	1.61	0	0	0	-109	-13	0	183
0.0444371134020619	-0.0397938144329897	110.09	2.33	-0.2	0.01	4.19	0.34	-0.73	1.63	0	0	0	-110	-13.5	0	185
0.0447546391752577	-0.0395876288659794	110.86	2.33	-0.21	0.01	4.23	0.33	-0.74	1.64	0	0	0	-110	-14	0	186
0.0450762886597938	-0.0395876288659794	111.63	2.32	-0.21	0.01	4.26	0.35	-0.74	1.66	0	0	0	-110.5	-14.5	0	187
0.0453484536082474	-0.0402061855670103	112.3	2.33	-0.22	0	4.31	0.38	-0.74	1.66	0	0	0	-112	-14.5	0	187
0.0456701030927835	-0.0404123711340206	113.08	2.33	-0.21	0.01	4.34	0.38	-0.74	1.68	0	0	0	-112.5	-14.5	0	189
0.0459876288659794	-0.0404123711340206	113.84	2.32	-0.2	0.01	4.37	0.38	-0.74	1.7	0	0	0	-113	-15	0	190
0.0463051546391753	-0.0408247422680412	114.62	2.33	-0.2	0.01	4.42	0.38	-0.75	1.7	0	0	0	-114	-15	0	191
0.0465814432989691	-0.0410309278350515	115.29	2.33	-0.2	0.01	4.44	0.4	-0.75	1.72	0	0	0	-114.5	-15	0	192
0.0469030927835052	-0.0412371134020619	116.07	2.33	-0.2	0.01	4.49	0.4	-0.75	1.73	0	0	0	-115.5	-15.5	0	193
0.0471422680412371	-0.0414432989690722	116.74	2.42	-0.2	0.01	4.51	0.4	-0.76	1.74	0	0	0	-116	-15.5	0	193
0.0474556701030928	-0.0416494845360825	117.51	2.43	-0.21	-0.01	4.55	0.4	-0.77	1.75	0	0	0	-116.5	-15.5	0	195
0.0477360824742268	-0.0420618556701031	118.19	2.43	-0.21	0.02	4.59	0.41	-0.77	1.77	0	0	0	-117.5	-15.5	0	195
0.0480536082474227	-0.0420618556701031	118.97	2.44	-0.2	0.01	4.63	0.41	-0.77	1.78	0	0	0	-118	-16	0	197
0.0483298969072165	-0.0422680412371134	119.63	2.43	-0.2	0.02	4.66	0.41	-0.77	1.8	0	0	0	-119	-16.5	0	197
0.0486474226804124	-0.0422680412371134	120.41	2.44	-0.21	0.02	4.69	0.42	-0.78	1.8	0	0	0	-119.5	-17	0	197
0.0489319587628866	-0.042680412371134	121.1	2.44	-0.2	0.01	4.74	0.42	-0.78	1.82	0	0	0	-120	-16.5	0	198
0.0492536082474227	-0.0430927835051546	121.87	2.43	-0.2	0.01	4.76	0.42	-0.79	1.85	0	0	0	-121.5	-17	0	201
0.0495711340206186	-0.0430927835051546	122.64	2.43	-0.21	0.01	4.79	0.42	-0.79	1.85	0	0	0	-121	-16.5	0	202
0.0498762886597938	-0.0432989690721649	123.41	2.46	-0.21	0.01	4.82	0.43	-0.8	1.86	0	0	0	-122.5	-17.5	0	201
0.0501278350515464	-0.0437113402061856	124.09	2.53	-0.2	0.01	4.87	0.44	-0.8	1.89	0	0	0	-123	-17	0	203
0.0505278350515464	-0.0437113402061856	124.86	2.33	-0.21	0.02	4.9	0.45	-0.8	1.91	0	0	0	-123.5	-17.5	0	203
0.0508494845360825	-0.0443298969072165	125.64	2.33	-0.2	0	4.92	0.46	-0.81	1.91	0	0	0	-124.5	-17	0	204
0.0511670103092784	-0.0441237113402062	126.41	2.33	-0.2	0	4.94	0.46	-0.81	1.92	0	0	0	-125	-18	0	205
0.0514845360824742	-0.0447422680412371	127.18	2.33	-0.21	0.02	4.99	0.46	-0.82	1.92	0	0	0	-126	-17.5	0	205
0.0518061855670103	-0.045360824742268	127.96	2.33	-0.21	0.01	5.03	0.48	-0.82	1.95	0	0	0	-127	-17	0	207
0.052119587628866	-0.0455670103092784	128.73	2.34	-0.21	0.02	5.05	0.48	-0.83	1.95	0	0	0	-128	-17.5	0	208
0.0524329896907217	-0.0457731958762887	129.49	2.34	-0.21	0.02	5.08	0.48	-0.83	1.97	0	0	0	-128.5	-17.5	0	209
0.0527175257731959	-0.0461855670103093	130.18	2.34	-0.21	0.01	5.12	0.49	-0.84	1.99	0	0	0	-129	-17	0	210
0.0530309278350515	-0.0463917525773196	130.96	2.36	-0.2	0.01	5.15	0.49	-0.84	1.99	0	0	0	-130.5	-18	0	209
0.0533484536082474	-0.0465979381443299	131.73	2.36	-0.2	0.01	5.18	0.5	-0.84	2.02	0	0	0	-130.5	-17.5	0	211
0.053620618556701	-0.0468041237113402	132.41	2.38	-0.2	0.01	5.21	0.49	-0.85	2.03	0	0	0	-131	-17.5	0	212
0.0539587628865979	-0.0472164948453608	133.18	2.33	-0.21	0.01	5.26	0.51	-0.85	2.04	0	0	0	-131.5	-17	0	213
0.054280412371134	-0.0478350515463918	133.96	2.33	-0.2	0.01	5.29	0.52	-0.86	2.06	0	0	0	-133	-17	0	214
0.0546020618556701	-0.0478350515463918	134.73	2.32	-0.21	0.01	5.33	0.53	-0.87	2.07	0	0	0	-133	-17	0	214
0.0548783505154639	-0.0480412371134021	135.41	2.33	-0.2	0.01	5.37	0.54	-0.87	2.08	0	0	0	-134	-17.5	0	216
0.0551628865979382	-0.0480412371134021	136.18	2.41	-0.21	0.01	5.4	0.55	-0.87	2.09	0	0	0	-135	-18.5	0	217
0.055439175257732	-0.0482474226804124	136.87	2.43	-0.21	0	5.43	0.54	-0.87	2.11	0	0	0	-135.5	-18.5	0	217
0.055719587628866	-0.0482474226804124	137.55	2.43	-0.22	0.01	5.46	0.55	-0.88	2.12	0	0	0	-136	-19	0	220
0.0560082474226804	-0.0488659793814433	138.25	2.43	-0.2	0.01	5.49	0.56	-0.89	2.13	0	0	0	-137.5	-19	0	220
0.0563175257731959	-0.0488659793814433	139.01	2.44	-0.21	0.01	5.52	0.56	-0.89	2.14	0	0	0	-138	-19.5	0	220
0.0565938144329897	-0.0488659793814433	139.68	2.44	-0.19	0.01	5.56	0.56	-0.93	2.15	0	0	0	-138	-19.5	0	220
0.056919587628866	-0.0496907216494845	140.46	2.43	-0.19	0.01	5.59	0.57	-0.94	2.17	0	0	0	-139.5	-19	0	221
0.0571958762886598	-0.0498969072164948	141.14	2.44	-0.19	0.01	5.6	0.56	-0.94	2.18	0	0	0	-139.5	-18.5	0	223
0.0575175257731959	-0.0501030927835052	141.91	2.43	-0.2	0.02	5.65	0.58	-0.94	2.19	0	0	0	-140.5	-19	0	224
0.057839175257732	-0.0505154639175258	142.7	2.44	-0.2	0.01	5.7	0.58	-0.95	2.21	0	0	0	-141.5	-19	0	225
0.0581237113402062	-0.0505154639175258	143.38	2.43	-0.2	0.01	5.73	0.58	-0.96	2.22	0	0	0	-141.5	-19	0	225
0.0583752577319588	-0.0509278350515464	144.06	2.5	-0.2	0.01	5.76	0.59	-0.96	2.24	0	0	0	-142.5	-19	0	225
0.0587216494845361	-0.051340206185567	144.94	2.54	-0.22	0.02	5.8	0.59	-0.95	2.27	0	0	0	-143.5	-19	0	227
0.0590061855670103	-0.0511340206185567	145.63	2.54	-0.25	0	5.83	0.59	-0.97	2.27	0	0	0	-143.5	-19.5	0	229
0.0592865979381443	-0.0517525773195876	146.3	2.53	-0.28	0	5.86	0.59	-0.97	2.29	0	0	0	-145	-19.5	0	229
0.0595711340206186	-0.0517525773195876	146.99	2.53	-0.27	0.01	5.89	0.6	-0.97	2.3	0	0	0	-145.5	-20	0	231
0.0598845360824742	-0.0521649484536083	147.76	2.54	-0.28	0.01	5.92	0.6	-0.99	2.31	0	0	0	-147	-20.5	0	231
0.0601690721649485	-0.0523711340206186	148.44	2.53	-0.29	0.01	5.95	0.6	-0.99	2.33	0	0	0	-147	-20	0	232
0.0604907216494845	-0.0529896907216495	149.23	2.54	-0.3	0.01	5.98	0.62	-1	2.33	0	0	0	-148.5	-20	0	232
0.060779381443299	-0.0529896907216495	149.92	2.53	-0.31	0.01	6.02	0.62	-1	2.34	0	0	0	-149.5	-21	0	234
0.061059793814433	-0.0536082474226804	150.61	2.54	-0.31	0.01	6.06	0.62	-1	2.36	0	0	0	-149.5	-19.5	0	234
0.0613690721649484	-0.0538144329896907	151.39	2.57	-0.3	0.01	6.09	0.62	-1.01	2.37	0	0	0	-151	-20.5	0	234
0.0616164948453608	-0.0536082474226804	152.06	2.64	-0.31	0.01	6.12	0.62	-1.01	2.39	0	0	0	-150.5	-20.5	0	236
0.0619010309278351	-0.0538144329896907	152.75	2.64	-0.31	0.01	6.16	0.63	-1.02	2.4	0	0	0	-151	-20.5	0	237
0.0621896907216495	-0.0542268041237113	153.45	2.64	-0.32	0	6.2	0.67	-1.02	2.42	0	0	0	-152	-20.5	0	237
0.0624948453608247	-0.054639175257732	154.19	2.64	-0.3	0.01	6.2	0.66	-1.02	2.42	0	0	0	-153	-20.5	0	240
0.0627917525773196	-0.054639175257732	154.9	2.63	-0.32	0	6.25	0.67	-1.03	2.43	0	0	0	-153.5	-21	0	239
0.063080412371134	-0.0550515463917526	155.59	2.62	-0.32	0	6.28	0.66	-1.03	2.44	0	0	0	-155	-21.5	0	239
0.0633484536082474	-0.0552577319587629	156.26	2.64	-0.31	0.01	6.32	0.69	-1.03	2.47	0	0	0	-155.5	-21.5	0	242
0.0636577319587629	-0.0556701030927835	157.01	2.64	-0.31	0.01	6.36	0.67	-1.03	2.47	0	0	0	-156	-21	0	242
0.0639422680412371	-0.0554639175257732	157.73	2.67	-0.31	0.01	6.39	0.67	-1.04	2.49	0	0	0	-156	-21.5	0	241
0.0641979381443299	-0.0562886597938144	158.42	2.74	-0.31	0.01	6.41	0.69	-1.04	2.52	0	0	0	-158	-21.5	0	244
0.0645113402061856	-0.0567010309278351	159.2	2.76	-0.31	0.01	6.45	0.69	-1.05	2.53	0	0	0	-158	-20.5	0	244
0.0648	-0.0567010309278351	159.89	2.75	-0.31	0.01	6.48	0.7	-1.06	2.55	0	0	0	-158.5	-21	0	246
0.0650845360824742	-0.0567010309278351	160.58	2.75	-0.31	0.01	6.5	0.7	-1.06	2.56	0	0	0	-159	-21.5	0	245
0.0653690721649484	-0.0575257731958763	161.26	2.74	-0.31	0.01	6.55	0.7	-1.07	2.57	0	0	0	-160.5	-21	0	246
0.065698969072165	-0.0575257731958763	162.06	2.74	-0.31	0	6.58	0.71	-1.07	2.59	0	0	0	-160.5	-21	0	247
0.0659752577319588	-0.0575257731958763	162.74	2.75	-0.31	0.02	6.62	0.7	-1.07	2.6	0	0	0	-161	-21.5	0	248
0.0662515463917526	-0.0583505154639175	163.43	2.77	-0.31	0.02	6.65	0.71	-1.08	2.61	0	0	0	-163	-21.5	0	250
0.066540206185567	-0.0583505154639175	164.21	2.85	-0.3	0.01	6.67	0.7	-1.08	2.62	0	0	0	-163	-21.5	0	250
0.0668288659793814	-0.0581443298969072	164.91	2.85	-0.31	0.01	6.71	0.72	-1.08	2.64	0	0	0	-163	-22	0	251
0.0671134020618557	-0.0587628865979381	165.6	2.85	-0.31	0.01	6.75	0.74	-1.08	2.65	0	0	0	-164	-21.5	0	251
0.0673938144329897	-0.0587628865979381	166.29	2.86	-0.31	0.01	6.78	0.72	-1.09	2.67	0	0	0	-164.5	-22	0	253
0.0676783505154639	-0.0591752577319588	166.97	2.85	-0.31	0.01	6.8	0.73	-1.09	2.68	0	0	0	-165.5	-22	0	253
0.0679628865979381	-0.0591752577319588	167.66	2.85	-0.32	0.01	6.83	0.73	-1.1	2.69	0	0	0	-165.5	-22	0	253
0.0682474226804124	-0.06	168.35	2.85	-0.31	0.01	6.87	0.74	-1.1	2.71	0	0	0	-167	-21.5	0	254
0.0685154639175258	-0.06	169.04	2.89	-0.32	0	6.9	0.74	-1.11	2.71	0	0	0	-167.5	-22	0	255
0.0687711340206186	-0.0602061855670103	169.72	2.95	-0.31	0.01	6.94	0.74	-1.1	2.73	0	0	0	-168.5	-22.5	0	255
0.0691010309278351	-0.0606185567010309	170.52	2.95	-0.31	0	6.98	0.75	-1.12	2.75	0	0	0	-169	-22	0	257
0.0693855670103093	-0.0608247422680412	171.21	2.95	-0.31	0.01	7	0.76	-1.12	2.77	0	0	0	-170	-22.5	0	256
0.0697072164948454	-0.0612371134020619	171.99	2.95	-0.31	0	7.04	0.77	-1.16	2.78	0	0	0	-171	-22.5	0	258
0.0700123711340206	-0.0614432989690722	172.73	2.95	-0.32	0.01	7.07	0.76	-1.18	2.8	0	0	0	-171.5	-22.5	0	258
0.0703216494845361	-0.0616494845360825	173.48	2.95	-0.31	0	7.1	0.77	-1.17	2.82	0	0	0	-172.5	-23	0	258
0.0705773195876289	-0.0616494845360825	174.18	3.03	-0.32	0.01	7.14	0.78	-1.17	2.83	0	0	0	-172.5	-23	0	260
0.0708907216494845	-0.0620618556701031	174.96	3.05	-0.32	0.01	7.17	0.76	-1.19	2.84	0	0	0	-173.5	-23	0	261
0.071179381443299	-0.062680412371134	175.67	3.06	-0.32	0.01	7.21	0.77	-1.18	2.86	0	0	0	-175	-23	0	261
0.0715752577319588	-0.0628865979381443	176.64	3.07	-0.31	0	7.26	0.81	-1.19	2.87	0	0	0	-175.5	-23	0	263
0.0719463917525773	-0.0628865979381443	177.52	3.05	-0.31	0.01	7.29	0.81	-1.2	2.9	0	0	0	-176	-23.5	0	264
0.0722350515463917	-0.0630927835051546	178.23	3.06	-0.3	0.01	7.31	0.81	-1.21	2.9	0	0	0	-176.5	-23.5	0	266
0.072519587628866	-0.0635051546391753	178.92	3.06	-0.32	0	7.35	0.82	-1.21	2.92	0	0	0	-177	-23	0	266
0.0728041237113402	-0.0639175257731959	179.71	3.16	-0.32	0.01	7.39	0.82	-1.21	2.94	0	0	0	-178	-23	0	265
0.0730969072164948	-0.0641237113402062	180.41	3.15	-0.32	0.02	7.42	0.83	-1.21	2.95	0	0	0	-178.5	-23	0	267
0.0733690721649485	-0.0641237113402062	181.09	3.17	-0.31	0	7.46	0.82	-1.22	2.96	0	0	0	-179	-23.5	0	268
0.0736659793814433	-0.0641237113402062	181.8	3.16	-0.32	0	7.49	0.83	-1.23	2.97	0	0	0	-179.5	-24	0	269
0.0739422680412371	-0.0645360824742268	182.48	3.17	-0.31	0.01	7.51	0.84	-1.23	2.98	0	0	0	-180.5	-24	0	269
0.0742350515463918	-0.0649484536082474	183.19	3.17	-0.32	0	7.55	0.83	-1.23	3	0	0	0	-181	-23.5	0	270
0.074560824742268	-0.0651546391752577	183.98	3.17	-0.31	0	7.58	0.85	-1.24	3.01	0	0	0	-181.5	-23.5	0	270
0.0748	-0.0657731958762887	184.66	3.27	-0.31	0.01	7.62	0.84	-1.23	3.02	0	0	0	-183	-23.5	0	272
0.0750969072164949	-0.065979381443299	185.37	3.26	-0.31	0.01	7.65	0.85	-1.25	3.04	0	0	0	-183.5	-23.5	0	272
0.0754144329896907	-0.0661855670103093	186.15	3.27	-0.32	0	7.69	0.86	-1.25	3.07	0	0	0	-184	-23.5	0	274
0.0757113402061856	-0.0668041237113402	186.86	3.26	-0.31	0.01	7.71	0.86	-1.26	3.09	0	0	0	-185.5	-23.5	0	273
0.0759917525773196	-0.0668041237113402	187.55	3.27	-0.32	0.01	7.76	0.85	-1.26	3.1	0	0	0	-185.5	-23.5	0	274
0.0763257731958763	-0.0672164948453608	188.35	3.26	-0.31	0.01	7.78	0.87	-1.26	3.12	0	0	0	-186.5	-23.5	0	276
0.0766020618556701	-0.0678350515463918	189.05	3.29	-0.32	0	7.81	0.87	-1.27	3.13	0	0	0	-188	-23.5	0	277
0.0766515463917526	-0.0661855670103093	189.45	3.57	-0.3	-0.01	7.79	0.86	-1.36	3.11	0	0	0	-186	-25.5	0	257
0.0764	-0.0657731958762887	188.84	3.57	-0.31	0.01	7.72	0.88	-1.36	3.11	0	0	0	-185	-25.5	0	251
0.0761278350515464	-0.0655670103092783	188.09	3.48	-0.3	0.01	7.71	0.89	-1.37	3.09	0	0	0	-184.5	-25.5	0	247
0.0758268041237113	-0.065360824742268	187.35	3.47	-0.31	0.01	7.68	0.89	-1.37	3.07	0	0	0	-183.5	-25	0	245
0.0754927835051546	-0.065360824742268	186.55	3.48	-0.31	0	7.65	0.89	-1.37	3.05	0	0	0	-183	-24.5	0	242
0.0752123711340206	-0.0655670103092783	185.86	3.47	-0.31	0	7.62	0.88	-1.37	3.04	0	0	0	-182.5	-23.5	0	239
0.0748865979381443	-0.065360824742268	185.07	3.47	-0.32	0.01	7.61	0.88	-1.37	3.02	0	0	0	-181.5	-23	0	236
0.0745938144329897	-0.0651546391752577	184.37	3.48	-0.31	0.01	7.57	0.88	-1.37	3	0	0	0	-181	-23	0	235
0.0743092783505155	-0.0647422680412371	183.68	3.48	-0.31	0.02	7.54	0.89	-1.37	2.99	0	0	0	-180.5	-23.5	0	233
0.0740247422680412	-0.0643298969072165	182.99	3.48	-0.31	0.01	7.51	0.89	-1.37	2.97	0	0	0	-179.5	-23.5	0	231
0.0736989690721649	-0.0637113402061856	182.19	3.47	-0.32	0	7.47	0.9	-1.37	2.95	0	0	0	-178.5	-24	0	228
0.0734556701030928	-0.0635051546391753	181.51	3.38	-0.32	0.01	7.43	0.88	-1.37	2.93	0	0	0	-178	-24	0	225
0.0731216494845361	-0.0630927835051546	180.7	3.38	-0.31	0.01	7.39	0.89	-1.37	2.91	0	0	0	-177	-24	0	224
0.0728371134020619	-0.0630927835051546	180.01	3.38	-0.3	0	7.37	0.89	-1.36	2.89	0	0	0	-177	-24	0	222
0.0724329896907216	-0.062680412371134	179.02	3.37	-0.29	0.01	7.31	0.89	-1.36	2.87	0	0	0	-176	-24	0	221
0.0721072164948454	-0.0624742268041237	178.23	3.37	-0.31	0	7.26	0.89	-1.37	2.86	0	0	0	-175	-23.5	0	218
0.0717319587628866	-0.0622680412371134	177.32	3.37	-0.3	0.01	7.22	0.9	-1.35	2.84	0	0	0	-174.5	-23.5	0	215
0.0714515463917526	-0.0616494845360825	176.65	3.38	-0.3	0.01	7.16	0.89	-1.37	2.81	0	0	0	-173.5	-24	0	212
0.0711670103092783	-0.0616494845360825	175.95	3.37	-0.3	0.01	7.13	0.88	-1.36	2.79	0	0	0	-173	-23.5	0	211
0.0708371134020618	-0.0612371134020619	175.15	3.37	-0.3	0	7.09	0.89	-1.37	2.79	0	0	0	-172	-23.5	0	210
0.0705525773195876	-0.0610309278350515	174.44	3.35	-0.3	0.01	7.04	0.9	-1.37	2.76	0	0	0	-171.5	-23.5	0	207
0.0702680412371134	-0.0612371134020619	173.67	3.27	-0.3	0.01	7	0.89	-1.36	2.75	0	0	0	-171.5	-23	0	204
0.0698639175257732	-0.0604123711340206	172.69	3.27	-0.3	0.01	6.94	0.89	-1.35	2.72	0	0	0	-169.5	-23	0	203
0.0695381443298969	-0.0604123711340206	171.9	3.27	-0.3	0.02	6.91	0.89	-1.35	2.7	0	0	0	-169.5	-23	0	201
0.0692494845360825	-0.06	171.19	3.26	-0.32	0	6.86	0.89	-1.35	2.69	0	0	0	-168	-22.5	0	201
0.0689237113402062	-0.0597938144329897	170.41	3.27	-0.3	0	6.81	0.88	-1.35	2.67	0	0	0	-167.5	-22.5	0	197
0.0686061855670103	-0.0597938144329897	169.64	3.27	-0.3	0.02	6.76	0.89	-1.34	2.66	0	0	0	-167	-22	0	197
0.0683134020618557	-0.0595876288659794	168.94	3.28	-0.3	0.01	6.71	0.88	-1.34	2.63	0	0	0	-166	-21.5	0	194
0.0680329896907216	-0.0595876288659794	168.25	3.27	-0.3	0.01	6.66	0.89	-1.34	2.62	0	0	0	-166	-21.5	0	193
0.0677072164948454	-0.0589690721649485	167.46	3.27	-0.3	0.01	6.62	0.89	-1.33	2.61	0	0	0	-164.5	-21.5	0	193
0.0673814432989691	-0.0589690721649485	166.67	3.27	-0.32	0	6.58	0.89	-1.32	2.59	0	0	0	-164	-21	0	189
0.0671010309278351	-0.0581443298969072	165.97	3.25	-0.3	0.01	6.54	0.88	-1.32	2.56	0	0	0	-162.5	-21.5	0	186
0.066820618556701	-0.0581443298969072	165.2	3.16	-0.31	0.02	6.48	0.89	-1.32	2.56	0	0	0	-162	-21	0	186
0.0665319587628866	-0.0579381443298969	164.51	3.17	-0.3	0.01	6.43	0.89	-1.32	2.54	0	0	0	-161.5	-21	0	185
0.0662144329896907	-0.0575257731958763	163.73	3.16	-0.3	0.01	6.37	0.89	-1.31	2.51	0	0	0	-160.5	-21	0	183
0.0658845360824742	-0.057319587628866	162.93	3.16	-0.3	0.01	6.33	0.88	-1.3	2.5	0	0	0	-160	-21	0	180
0.0655628865979381	-0.0569072164948454	162.15	3.16	-0.3	0.01	6.27	0.88	-1.3	2.48	0	0	0	-159	-21	0	179
0.0652618556701031	-0.0567010309278351	161.44	3.18	-0.3	0.01	6.23	0.88	-1.3	2.47	0	0	0	-159	-21.5	0	175
0.0649567010309278	-0.0560824742268041	160.68	3.16	-0.31	0.01	6.19	0.89	-1.3	2.45	0	0	0	-158	-22	0	176
0.0646680412371134	-0.0556701030927835	159.99	3.17	-0.3	0.01	6.14	0.88	-1.29	2.45	0	0	0	-156	-21	0	176
0.0643463917525773	-0.0560824742268041	159.21	3.17	-0.3	0.01	6.08	0.88	-1.29	2.42	0	0	0	-156.5	-20.5	0	174
0.0640371134020619	-0.0556701030927835	158.46	3.17	-0.32	0.02	6.04	0.88	-1.29	2.4	0	0	0	-155	-20	0	170
0.0637567010309278	-0.0556701030927835	157.73	3.12	-0.31	0.01	5.99	0.89	-1.28	2.39	0	0	0	-154.5	-19.5	0	170
0.0634969072164949	-0.0554639175257732	157.05	3.07	-0.3	0	5.94	0.88	-1.28	2.37	0	0	0	-154	-19.5	0	165
0.0631835051546392	-0.0552577319587629	156.28	3.06	-0.31	0.01	5.88	0.88	-1.27	2.35	0	0	0	-153	-19	0	166
0.0628577319587629	-0.0548453608247423	155.49	3.06	-0.31	0.01	5.84	0.88	-1.27	2.34	0	0	0	-152.5	-19.5	0	165
0.0625319587628866	-0.0542268041237113	154.7	3.06	-0.29	0.01	5.79	0.88	-1.26	2.32	0	0	0	-151.5	-20	0	162
0.0622103092783505	-0.0542268041237113	153.92	3.06	-0.32	0	5.74	0.88	-1.26	2.31	0	0	0	-151	-19.5	0	162
0.0619298969072165	-0.0544329896907216	153.24	3.06	-0.3	0.01	5.69	0.88	-1.25	2.3	0	0	0	-151	-19	0	161
0.0616453608247423	-0.0536082474226804	152.55	3.06	-0.31	0.01	5.64	0.87	-1.25	2.28	0	0	0	-149	-19	0	158
0.0613278350515464	-0.0534020618556701	151.78	3.06	-0.31	0.01	5.59	0.88	-1.24	2.27	0	0	0	-148.5	-19	0	157
0.0610432989690722	-0.0534020618556701	151.09	3.06	-0.32	0.01	5.55	0.88	-1.25	2.25	0	0	0	-147.5	-18	0	155
0.0607257731958763	-0.0534020618556701	150.31	3.05	-0.31	0.01	5.49	0.88	-1.24	2.23	0	0	0	-147.5	-18	0	153
0.0604783505154639	-0.0529896907216495	149.63	2.97	-0.31	0.01	5.45	0.88	-1.23	2.21	0	0	0	-146	-17.5	0	152
0.060160824742268	-0.0527835051546392	148.84	2.95	-0.31	0.01	5.4	0.87	-1.23	2.21	0	0	0	-145.5	-17.5	0	151
0.059880412371134	-0.0525773195876289	148.16	2.95	-0.31	0.01	5.35	0.88	-1.22	2.19	0	0	0	-145	-17.5	0	151
0.0595917525773196	-0.0519587628865979	147.47	2.96	-0.31	0	5.31	0.88	-1.22	2.18	0	0	0	-144	-18	0	147
0.0592865979381443	-0.0515463917525773	146.72	2.95	-0.31	0.01	5.26	0.88	-1.22	2.16	0	0	0	-143	-18	0	147
0.0589525773195876	-0.0515463917525773	145.92	2.96	-0.32	0	5.2	0.88	-1.21	2.14	0	0	0	-142.5	-17.5	0	146
0.0586680412371134	-0.0505154639175258	145.22	2.95	-0.31	0.01	5.17	0.88	-1.21	2.13	0	0	0	-140.5	-18	0	144
0.0583835051546392	-0.0509278350515464	144.54	2.96	-0.31	0	5.12	0.88	-1.2	2.12	0	0	0	-141	-17.5	0	142
0.0580701030927835	-0.0505154639175258	143.77	2.95	-0.31	0.01	5.08	0.88	-1.2	2.1	0	0	0	-140	-17.5	0	139
0.0577484536082474	-0.0503092783505155	142.98	2.94	-0.31	0.01	5.04	0.88	-1.19	2.09	0	0	0	-139.5	-17.5	0	139
0.0574845360824742	-0.0501030927835052	142.3	2.9	-0.31	0.01	4.99	0.87	-1.19	2.06	0	0	0	-139	-17.5	0	138
0.0571835051546392	-0.0496907216494845	141.53	2.86	-0.31	0.01	4.94	0.87	-1.19	2.06	0	0	0	-137.5	-17	0	136
0.0568659793814433	-0.0494845360824742	140.75	2.85	-0.3	0.01	4.89	0.88	-1.19	2.04	0	0	0	-137.5	-17.5	0	134
0.0565855670103093	-0.0494845360824742	140.06	2.84	-0.32	0.01	4.85	0.88	-1.18	2.03	0	0	0	-136.5	-16.5	0	134
0.0563010309278351	-0.0488659793814433	139.38	2.85	-0.3	0.03	4.8	0.88	-1.18	2	0	0	0	-135.5	-17	0	132
0.0559835051546392	-0.0482474226804124	138.62	2.86	-0.3	0.01	4.77	0.88	-1.17	1.99	0	0	0	-134.5	-17.5	0	128
0.0556577319587629	-0.0476288659793814	137.83	2.86	-0.31	0.02	4.73	0.88	-1.16	1.97	0	0	0	-133.5	-18	0	128
0.0553360824742268	-0.0476288659793814	137.06	2.87	-0.29	0.03	4.68	0.88	-1.16	1.96	0	0	0	-133	-17.5	0	127
0.0550226804123711	-0.0476288659793814	136.28	2.85	-0.31	0.02	4.63	0.88	-1.16	1.95	0	0	0	-132.5	-17	0	126
0.0546969072164948	-0.0476288659793814	135.5	2.86	-0.3	0.02	4.59	0.87	-1.15	1.94	0	0	0	-132	-16.5	0	124
0.054420618556701	-0.0472164948453608	134.78	2.81	-0.31	0.02	4.55	0.87	-1.16	1.91	0	0	0	-130.5	-16	0	121
0.0541030927835051	-0.0472164948453608	133.95	2.75	-0.29	0.02	4.49	0.87	-1.14	1.9	0	0	0	-130.5	-16	0	121
0.0537896907216495	-0.0468041237113402	133.19	2.75	-0.3	0.01	4.46	0.89	-1.13	1.89	0	0	0	-129.5	-16	0	119
0.0535092783505155	-0.0463917525773196	132.5	2.74	-0.31	0.01	4.41	0.87	-1.13	1.86	0	0	0	-128.5	-16	0	118
0.0531917525773196	-0.0463917525773196	131.73	2.74	-0.31	0.01	4.36	0.87	-1.13	1.86	0	0	0	-128.5	-16	0	117
0.0528659793814433	-0.045979381443299	130.95	2.75	-0.31	0.01	4.31	0.88	-1.12	1.84	0	0	0	-127	-15.5	0	114
0.0525567010309278	-0.0457731958762887	130.19	2.74	-0.31	0.02	4.27	0.87	-1.13	1.84	0	0	0	-126	-15	0	113
0.0522680412371134	-0.0457731958762887	129.5	2.75	-0.32	0.01	4.22	0.87	-1.13	1.82	0	0	0	-125.5	-14.5	0	112
0.0519505154639175	-0.0455670103092784	128.73	2.75	-0.31	0.01	4.17	0.87	-1.12	1.8	0	0	0	-125	-14.5	0	109
0.0516123711340206	-0.0449484536082474	127.85	2.69	-0.31	0.02	4.11	0.87	-1.11	1.78	0	0	0	-124	-15	0	109
0.0513154639175258	-0.0447422680412371	127.08	2.64	-0.3	0.02	4.08	0.87	-1.1	1.77	0	0	0	-123.5	-15	0	107
0.0509979381443299	-0.0443298969072165	126.31	2.64	-0.31	0.01	4.04	0.86	-1.1	1.75	0	0	0	-122.5	-15	0	104
0.050680412371134	-0.0439175257731959	125.54	2.64	-0.3	0.02	3.99	0.86	-1.1	1.74	0	0	0	-121.5	-15	0	104
0.0503546391752577	-0.0435051546391753	124.76	2.65	-0.3	0.02	3.95	0.88	-1.09	1.73	0	0	0	-121	-15.5	0	103
0.0500412371134021	-0.0437113402061856	123.99	2.64	-0.3	0.02	3.91	0.86	-1.09	1.72	0	0	0	-121	-15	0	101
0.049719587628866	-0.0428865979381443	123.22	2.65	-0.28	0.02	3.85	0.86	-1.08	1.69	0	0	0	-119	-15	0	101
0.0494061855670103	-0.0428865979381443	122.44	2.63	-0.25	0	3.79	0.86	-1.08	1.66	0	0	0	-119	-15	0	99
0.049080412371134	-0.042680412371134	121.66	2.64	-0.19	0.01	3.75	0.86	-1.08	1.66	0	0	0	-118	-14.5	0	97
0.0487876288659794	-0.0418556701030928	120.9	2.59	-0.19	0.02	3.71	0.86	-1.07	1.64	0	0	0	-116.5	-15	0	95
0.0484824742268041	-0.0418556701030928	120.12	2.55	-0.19	0	3.66	0.86	-1.07	1.63	0	0	0	-116	-14.5	0	94
0.0481690721649485	-0.0414432989690722	119.36	2.55	-0.19	0.02	3.61	0.85	-1.07	1.61	0	0	0	-115.5	-15	0	92
0.0478515463917526	-0.0416494845360825	118.58	2.54	-0.19	0.01	3.57	0.85	-1.07	1.6	0	0	0	-115	-14	0	92
0.0475340206185567	-0.0412371134020619	117.81	2.54	-0.2	0.01	3.53	0.84	-1.06	1.59	0	0	0	-114	-14	0	90
0.0472536082474227	-0.0408247422680412	117.13	2.54	-0.2	0.01	3.48	0.85	-1.05	1.59	0	0	0	-113	-14	0	88
0.0469360824742268	-0.0408247422680412	116.36	2.54	-0.2	0	3.44	0.86	-1.05	1.57	0	0	0	-112.5	-13.5	0	88
0.0466185567010309	-0.0404123711340206	115.59	2.54	-0.2	0.01	3.38	0.85	-1.04	1.55	0	0	0	-111.5	-13.5	0	86
0.0462969072164948	-0.0404123711340206	114.82	2.55	-0.2	0.01	3.33	0.85	-1.04	1.53	0	0	0	-111.5	-13.5	0	85
0.0459958762886598	-0.0397938144329897	114.02	2.48	-0.2	0.01	3.29	0.85	-1.03	1.53	0	0	0	-110	-13.5	0	84
0.0457030927835052	-0.0391752577319588	113.27	2.44	-0.2	0.02	3.24	0.85	-1.03	1.51	0	0	0	-109	-14	0	80
0.0453896907216495	-0.0387628865979381	112.5	2.43	-0.19	0.01	3.19	0.85	-1.04	1.49	0	0	0	-108	-14	0	80
0.0450680412371134	-0.0387628865979381	111.73	2.44	-0.2	0.01	3.15	0.84	-1.03	1.48	0	0	0	-107.5	-13.5	0	79
0.0447463917525773	-0.0387628865979381	110.95	2.44	-0.2	0.01	3.1	0.84	-1.02	1.47	0	0	0	-107.5	-13.5	0	77
0.0444371134020619	-0.0381443298969072	110.2	2.44	-0.2	0.02	3.06	0.84	-1.02	1.45	0	0	0	-106	-13.5	0	76
0.0441113402061856	-0.0379381443298969	109.41	2.44	-0.2	0.01	3.01	0.84	-1.01	1.44	0	0	0	-105.5	-13.5	0	74
0.0437938144329897	-0.0375257731958763	108.64	2.44	-0.19	0.02	2.97	0.85	-1.01	1.43	0	0	0	-104	-13	0	73
0.043480412371134	-0.0375257731958763	107.87	2.43	-0.2	0.01	2.93	0.84	-1	1.42	0	0	0	-104	-13	0	73
0.0432041237113402	-0.0371134020618557	107.1	2.33	-0.2	0.01	2.88	0.84	-0.99	1.4	0	0	0	-103	-13	0	70
0.0428865979381443	-0.0367010309278351	106.32	2.32	-0.19	0.01	2.82	0.84	-0.99	1.4	0	0	0	-102.5	-13.5	0	69
0.0425690721649485	-0.0362886597938144	105.57	2.34	-0.2	0.01	2.77	0.83	-0.99	1.38	0	0	0	-101.5	-13.5	0	67
0.0422474226804124	-0.0360824742268041	104.78	2.33	-0.2	0.01	2.74	0.84	-0.98	1.36	0	0	0	-100	-12.5	0	65
0.0419298969072165	-0.0356701030927835	104.01	2.33	-0.21	0.01	2.7	0.84	-0.97	1.35	0	0	0	-99.5	-13	0	64
0.041620618556701	-0.0354639175257732	103.25	2.32	-0.2	0.01	2.65	0.84	-0.97	1.34	0	0	0	-99	-13	0	63
0.0413030927835052	-0.0352577319587629	102.49	2.33	-0.21	0.01	2.61	0.84	-0.96	1.31	0	0	0	-98	-12.5	0	60
0.0409896907216495	-0.0352577319587629	101.71	2.31	-0.2	0.01	2.57	0.83	-0.96	1.3	0	0	0	-97.5	-12	0	60
0.0407051546391753	-0.0350515463917526	100.94	2.23	-0.19	0.01	2.53	0.83	-0.96	1.29	0	0	0	-97	-12	0	59
0.0403917525773196	-0.034639175257732	100.18	2.23	-0.19	0.01	2.47	0.83	-0.95	1.27	0	0	0	-96	-12	0	58
0.0400701030927835	-0.034639175257732	99.4	2.23	-0.2	0.01	2.43	0.82	-0.95	1.25	0	0	0	-95	-11	0	56
0.0397525773195876	-0.0342268041237113	98.62	2.22	-0.2	0.01	2.4	0.83	-0.95	1.25	0	0	0	-94.5	-11.5	0	55
0.039439175257732	-0.034020618556701	97.87	2.23	-0.2	0	2.35	0.83	-0.94	1.24	0	0	0	-93.5	-11	0	54
0.0391216494845361	-0.0338144329896907	97.09	2.22	-0.19	0.01	2.31	0.83	-0.94	1.21	0	0	0	-93	-11	0	53
0.0388082474226804	-0.0334020618556701	96.32	2.21	-0.21	0.01	2.29	0.83	-0.93	1.21	0	0	0	-92	-11	0	51
0.0385278350515464	-0.0334020618556701	95.55	2.12	-0.2	0.01	2.24	0.82	-0.93	1.2	0	0	0	-91.5	-10.5	0	50
0.0381731958762887	-0.0327835051546392	94.69	2.12	-0.2	0.02	2.21	0.82	-0.92	1.18	0	0	0	-90.5	-11	0	48
0.037859793814433	-0.0325773195876289	93.93	2.12	-0.2	0.01	2.18	0.82	-0.91	1.16	0	0	0	-90	-11	0	47
0.0374268041237113	-0.0323711340206186	92.86	2.1	-0.2	0.02	2.14	0.82	-0.9	1.15	0	0	0	-89	-10.5	0	45
0.0371051546391753	-0.0319587628865979	92.1	2.12	-0.2	-0.01	2.11	0.82	-0.9	1.14	0	0	0	-88	-10.5	0	43
0.0367092783505155	-0.0317525773195876	91.04	2.02	-0.21	0	2.08	0.82	-0.88	1.12	0	0	0	-87	-10	0	43
0.0363546391752577	-0.031340206185567	90.16	2	-0.22	0	2.05	0.82	-0.86	1.09	0	0	0	-86	-10	0	41
0.0360412371134021	-0.0311340206185567	89.41	2.01	-0.21	0.01	2.02	0.82	-0.86	1.09	0	0	0	-85.5	-10	0	40
0.0357237113402062	-0.0303092783505155	88.64	2.01	-0.21	-0.01	2	0.82	-0.85	1.09	0	0	0	-84.5	-11	0	38
0.0354020618556701	-0.0301030927835052	87.86	2.01	-0.2	0	1.98	0.82	-0.84	1.06	0	0	0	-83.5	-10.5	0	36
0.0350886597938144	-0.0301030927835052	87.09	2	-0.2	0.01	1.96	0.81	-0.84	1.06	0	0	0	-83.5	-10.5	0	36
0.0347711340206186	-0.0294845360824742	86.33	2.01	-0.2	0.01	1.93	0.81	-0.82	1.05	0	0	0	-82.5	-11	0	34
0.0344948453608247	-0.0292783505154639	85.56	1.91	-0.2	0.02	1.89	0.81	-0.83	1.02	0	0	0	-81.5	-10.5	0	31
0.0341731958762887	-0.0290721649484536	84.78	1.91	-0.19	0.01	1.87	0.8	-0.82	1.01	0	0	0	-80.5	-10	0	31
0.0338556701030928	-0.028659793814433	84.02	1.92	-0.19	0.01	1.85	0.8	-0.81	1	0	0	0	-80	-10.5	0	30
0.0335422680412371	-0.0284536082474227	83.25	1.91	-0.2	0.01	1.83	0.8	-0.81	1	0	0	0	-79	-10	0	29
0.0332288659793814	-0.0284536082474227	82.48	1.9	-0.2	0.01	1.8	0.8	-0.8	0.99	0	0	0	-78.5	-9.5	0	28
0.0329113402061856	-0.0276288659793814	81.71	1.9	-0.2	0.01	1.78	0.8	-0.79	0.97	0	0	0	-77.5	-10.5	0	25
0.0326350515463917	-0.0272164948453608	80.94	1.8	-0.2	0	1.76	0.79	-0.78	0.96	0	0	0	-76.5	-10.5	0	24
0.0323216494845361	-0.0272164948453608	80.18	1.8	-0.19	0	1.75	0.78	-0.78	0.94	0	0	0	-76	-10	0	22
0.032	-0.0272164948453608	79.4	1.8	-0.14	0.01	1.72	0.78	-0.77	0.94	0	0	0	-75	-9	0	24
0.0316865979381443	-0.0270103092783505	78.63	1.79	-0.07	0.01	1.7	0.78	-0.76	0.9	0	0	0	-74.5	-9	0	21
0.0313690721649485	-0.0265979381443299	77.87	1.8	-0.08	0	1.69	0.78	-0.75	0.91	0	0	0	-73.5	-9	0	20
0.0310144329896907	-0.0263917525773196	77	1.79	-0.09	0.01	1.67	0.8	-0.73	0.9	0	0	0	-73	-9	0	19
0.0307340206185567	-0.0261855670103093	76.23	1.7	-0.09	0.01	1.64	0.77	-0.73	0.9	0	0	0	-72.5	-9	0	17
0.0304247422680412	-0.025979381443299	75.47	1.69	-0.1	0.01	1.63	0.78	-0.72	0.88	0	0	0	-71.5	-8.5	0	15
0.0301113402061856	-0.025979381443299	74.71	1.69	-0.1	0	1.61	0.77	-0.71	0.88	0	0	0	-71	-8	0	16
0.0297979381443299	-0.0251546391752577	73.94	1.68	-0.08	0.01	1.58	0.76	-0.7	0.87	0	0	0	-69.5	-8.5	0	14
0.0294721649484536	-0.0249484536082474	73.16	1.69	-0.08	0.01	1.56	0.76	-0.69	0.86	0	0	0	-69.5	-9	0	14
0.0291958762886598	-0.0247422680412371	72.39	1.59	-0.09	0	1.55	0.76	-0.69	0.85	0	0	0	-68.5	-8.5	0	13
0.0288	-0.0245360824742268	71.43	1.59	-0.09	0.01	1.53	0.76	-0.66	0.84	0	0	0	-67.5	-8	0	11
0.0284907216494845	-0.0243298969072165	70.68	1.59	-0.1	0.01	1.5	0.75	-0.66	0.83	0	0	0	-67	-8	0	10
0.0281855670103093	-0.0239175257731959	69.94	1.59	-0.1	0.01	1.49	0.75	-0.64	0.81	0	0	0	-66	-8	0	9
0.0279298969072165	-0.0237113402061856	69.21	1.48	-0.1	0.01	1.47	0.74	-0.62	0.8	0	0	0	-66	-8.5	0	8
0.0276164948453608	-0.0232989690721649	68.45	1.48	-0.1	0.01	1.45	0.74	-0.61	0.79	0	0	0	-65	-8.5	0	6
0.0272907216494845	-0.0232989690721649	67.67	1.49	-0.1	0	1.43	0.73	-0.59	0.78	0	0	0	-64.5	-8	0	6
0.0269731958762887	-0.022680412371134	66.9	1.49	-0.09	0.01	1.43	0.73	-0.59	0.77	0	0	0	-63	-8	0	6
0.026659793814433	-0.0224742268041237	66.13	1.48	-0.1	0.01	1.42	0.73	-0.57	0.76	0	0	0	-62.5	-8	0	4
0.0263422680412371	-0.0222680412371134	65.36	1.48	-0.1	0.01	1.4	0.72	-0.56	0.75	0	0	0	-62	-8	0	2
0.0260577319587629	-0.0218556701030928	64.68	1.49	-0.1	0.01	1.39	0.72	-0.56	0.73	0	0	0	-60.5	-7.5	0	3
0.0257443298969072	-0.0220618556701031	63.91	1.48	-0.09	0.01	1.37	0.72	-0.54	0.73	0	0	0	-60.5	-7	0	1
0.0254639175257732	-0.0220618556701031	63.13	1.38	-0.1	0.01	1.36	0.71	-0.52	0.72	0	0	0	-60	-6.5	0	2
0.0251051546391753	-0.0214432989690722	62.27	1.39	-0.09	0.01	1.34	0.71	-0.51	0.71	0	0	0	-59	-7	0	0
0.0247876288659794	-0.0210309278350515	61.5	1.39	-0.1	0.02	1.3	0.7	-0.46	0.65	0	0	0	-58	-7	0	-2
0.0244123711340206	-0.0208247422680412	60.59	1.39	-0.1	0.01	1.27	0.7	-0.43	0.63	0	0	0	-57	-6.5	0	-3
0.0240783505154639	-0.0210309278350515	59.77	1.38	-0.09	0.02	1.27	0.71	-0.4	0.62	0	0	0	-57	-6	0	-3
0.0237525773195876	-0.0202061855670103	58.98	1.38	-0.1	0.01	1.26	0.7	-0.37	0.6	0	0	0	-55.5	-6.5	0	-4
