#変形角	gamma	gamma2	変位計1	変位計2	変位計3	変位計4	変位計5	変位計6	変位計7	変位計8	変位計9	変位計10	変位計11	変位計12	変位計13	荷重14	荷重0
4.94845360824742e-05	0	0.12	0	0	0	0.02	0	-0.02	0.01	0.02	0	0	-0.05	-0.05	0	5
0.000602061855670103	6.18556701030928e-05	1.53	0.07	0	0.2	0.01	-0.01	-0.01	0.01	0.18	0.14	0	0.15	0	0	37
0.00144742268041237	0.000123711340206186	3.62	0.11	-0.04	0.62	0.03	0	-0.01	0.03	0.32	0.28	0	0.3	0	0	57
0.0022680412371134	0.000185567010309278	5.71	0.21	0.01	0.93	0.09	0	0	0.02	0.52	0.48	0	0.5	0.05	0	81
0.00297319587628866	0.000247422680412371	7.5	0.29	-0.04	1.02	0.13	0.01	-0.01	0.01	0.7	0.7	0	0.7	0.1	0	102
0.00318350515463918	0.000247422680412371	7.99	0.27	-0.03	1.02	0.13	0	-0.01	0.01	0.78	0.74	0	0.7	0.1	0	100
0.00310103092783505	0.00022680412371134	7.79	0.27	-0.03	1.02	0.13	0	-0.01	0	0.74	0.74	0	0.65	0.1	0	92
0.00230927835051546	0.000144329896907216	5.89	0.29	-0.02	0.92	0.14	0.01	0	0.02	0.6	0.52	0	0.45	0.1	0	46
0.00175670103092783	0.000103092783505155	4.55	0.29	-0.02	0.61	0.12	0.01	0	0.01	0.5	0.4	0	0.3	0.05	0	29
0.000907216494845361	6.18556701030928e-05	2.39	0.19	-0.02	0.12	0.1	0.01	0	0	0.34	0.24	0	0.15	0	0	6
9.48453608247423e-05	-4.12371134020619e-05	0.39	0.16	-0.03	0.11	0.05	0.01	0.01	0.02	-0.04	0.06	0	-0.05	0.05	0	-14
-0.000647422680412371	-6.18556701030928e-05	-1.5	0.07	-0.03	0	-0.03	0.01	0	0.05	-0.3	-0.22	0	-0.2	-0.05	0	-39
-0.00138969072164948	-0.000123711340206186	-3.4	-0.03	-0.02	-0.09	-0.1	0	-0.01	0.11	-0.62	-0.52	0	-0.35	-0.05	0	-69
-0.00211546391752577	-0.000206185567010309	-5.28	-0.15	-0.03	-0.14	-0.22	-0.02	-0.06	0.13	-0.98	-0.84	0	-0.5	0	0	-96
-0.0024659793814433	-0.000185567010309278	-6.13	-0.15	0.07	-0.21	-0.24	-0.04	-0.06	0.15	-1.12	-0.96	0	-0.55	-0.1	0	-104
-0.00247422680412371	-0.000185567010309278	-6.14	-0.14	0.07	-0.2	-0.24	-0.03	-0.06	0.15	-1.12	-0.92	0	-0.5	-0.05	0	-99
-0.00157113402061856	-0.000144329896907216	-3.87	-0.06	0.07	-0.21	-0.25	-0.03	-0.13	0.1	-0.74	-0.5	0	-0.35	0	0	-37
-0.000717525773195876	-4.12371134020619e-05	-1.68	0.06	-0.03	-0.1	-0.17	-0.02	-0.09	0.05	-0.34	-0.2	0	-0.15	-0.05	0	2
-0.000243298969072165	0	-0.55	0.04	-0.03	-0.11	-0.12	-0.03	-0.06	0.02	-0.14	-0.08	0	0	0	0	18
0.000804123711340206	6.18556701030928e-05	2.11	0.16	-0.03	0.4	-0.06	-0.02	-0.05	0.02	0.18	0.14	0	0.2	0.05	0	37
0.002	0.000164948453608247	5.13	0.28	-0.02	0.92	0.03	-0.01	-0.05	0.05	0.46	0.42	0	0.45	0.05	0	65
0.00282474226804124	0.00022680412371134	7.12	0.27	-0.03	1.02	0.08	0	-0.04	0.02	0.68	0.66	0	0.65	0.1	0	91
0.00345979381443299	0.000288659793814433	8.74	0.35	-0.12	1.01	0.13	0	-0.03	0	0.86	0.84	0	0.8	0.1	0	113
0.00375257731958763	0.000288659793814433	9.49	0.39	-0.13	1.03	0.14	0.02	-0.03	0	0.96	0.9	0	0.8	0.1	0	112
0.00292783505154639	0.000247422680412371	7.5	0.4	-0.1	1.02	0.16	0.02	-0.01	0.01	0.8	0.74	0	0.65	0.05	0	62
0.00215670103092783	0.000144329896907216	5.52	0.29	-0.12	0.71	0.13	0.01	-0.01	0.02	0.64	0.5	0	0.4	0.05	0	31
0.00134020618556701	0.000103092783505155	3.53	0.28	-0.12	0.1	0.12	0.02	0	0.02	0.52	0.36	0	0.25	0	0	13
0.000787628865979381	0	2.19	0.28	-0.11	-0.01	0.08	0.02	0	0.02	0.36	0.24	0	0.1	0.1	0	-1
2.06185567010309e-05	-2.06185567010309e-05	0.21	0.16	-0.12	-0.01	0.01	0.01	0	0.03	-0.04	0.08	0	-0.05	0	0	-16
-0.000804123711340206	-0.000103092783505155	-1.77	0.18	-0.12	-0.1	-0.04	0.02	0	0.05	-0.34	-0.22	0	-0.25	0	0	-39
-0.00161237113402062	-0.000164948453608247	-3.95	-0.04	-0.02	-0.11	-0.14	0.01	-0.01	0.1	-0.7	-0.56	0	-0.45	-0.05	0	-71
-0.00247010309278351	-0.00022680412371134	-6.12	-0.13	-0.02	-0.2	-0.27	-0.05	-0.06	0.15	-1.14	-1	0	-0.65	-0.1	0	-104
-0.0026639175257732	-0.00022680412371134	-6.6	-0.14	-0.02	-0.21	-0.28	-0.04	-0.07	0.15	-1.2	-1	0	-0.6	-0.05	0	-100
-0.00180618556701031	-0.000164948453608247	-4.42	-0.04	-0.02	-0.2	-0.3	-0.05	-0.14	0.09	-0.82	-0.58	0	-0.4	0	0	-45
-0.000948453608247423	-6.18556701030928e-05	-2.25	0.05	-0.02	-0.12	-0.21	-0.04	-0.11	0.04	-0.44	-0.28	0	-0.15	0	0	-6
-0.000437113402061856	-2.06185567010309e-05	-0.91	0.15	-0.02	-0.1	-0.16	-0.04	-0.07	0.02	-0.18	-0.12	0	-0.05	0	0	14
0.000367010309278351	0	1.07	0.18	-0.12	0.21	-0.1	-0.03	-0.06	0.01	0.04	0.04	0	0.05	0.05	0	29
0.00130721649484536	0.000103092783505155	3.43	0.26	-0.12	0.61	-0.05	-0.02	-0.05	0.02	0.26	0.22	0	0.3	0.05	0	45
0.0021319587628866	0.000164948453608247	5.52	0.35	-0.12	0.9	0.02	-0.01	-0.04	0.01	0.5	0.44	0	0.5	0.1	0	66
0.00303505154639175	0.000268041237113402	7.74	0.38	-0.12	1.02	0.07	0	-0.04	0.02	0.76	0.7	0	0.75	0.1	0	92
0.00380618556701031	0.000329896907216495	9.6	0.37	-0.12	1.05	0.12	0.02	-0.03	0	0.94	0.92	0	0.9	0.1	0	119
0.00458556701030928	0.000391752577319588	11.6	0.48	-0.12	1.11	0.17	0.04	-0.02	-0.01	1.22	1.12	0	1.1	0.15	0	140
0.00532783505154639	0.00045360824742268	13.41	0.49	-0.11	1.12	0.24	0.07	-0.01	0	1.52	1.34	0	1.25	0.15	0	158
0.00614020618556701	0.000494845360824742	15.4	0.51	-0.11	1.12	0.29	0.09	-0.01	0.01	1.84	1.56	0	1.4	0.2	0	173
0.00682886597938144	0.000597938144329897	17.17	0.61	-0.1	1.14	0.33	0.11	0	0.01	2.14	1.74	0	1.65	0.2	0	186
0.00763298969072165	0.000597938144329897	19.11	0.6	-0.12	1.23	0.38	0.14	0.01	0.01	2.48	1.94	0	1.75	0.3	0	198
0.00811958762886598	0.000639175257731959	20.34	0.65	-0.23	1.23	0.41	0.16	0.01	0.02	2.68	2.04	0	1.85	0.3	0	207
0.00809896907216495	0.00065979381443299	20.34	0.7	-0.23	1.25	0.42	0.16	0.01	0.02	2.78	2.06	0	1.85	0.25	0	192
0.00738969072164948	0.000597938144329897	18.63	0.71	-0.22	1.25	0.4	0.16	0.03	0.04	2.64	1.88	0	1.7	0.25	0	144
0.00656907216494845	0.000536082474226804	16.63	0.7	-0.22	1.12	0.4	0.13	0.03	0.05	2.48	1.66	0	1.45	0.15	0	101
0.00578144329896907	0.00045360824742268	14.74	0.72	-0.22	1.11	0.41	0.12	0.03	0.07	2.3	1.42	0	1.3	0.2	0	67
0.00498144329896907	0.000412371134020619	12.74	0.66	-0.22	0.92	0.38	0.12	0.03	0.08	2.12	1.22	0	1.1	0.1	0	43
0.00419381443298969	0.000309278350515464	10.75	0.58	-0.22	0.5	0.36	0.11	0.03	0.07	1.96	1	0	0.9	0.15	0	23
0.0033319587628866	0.000268041237113402	8.66	0.58	-0.22	0.3	0.3	0.1	0.02	0.07	1.8	0.8	0	0.75	0.1	0	4
0.00282886597938144	0.000206185567010309	7.33	0.47	-0.22	0.19	0.25	0.1	0.03	0.07	1.58	0.66	0	0.6	0.1	0	-6
0.00191752577319588	0.000164948453608247	5.13	0.48	-0.22	0.11	0.18	0.09	0.03	0.07	1.18	0.44	0	0.4	0	0	-16
0.00108865979381443	6.18556701030928e-05	3.05	0.41	-0.21	0.11	0.1	0.07	0.04	0.06	0.58	0.36	0	0.2	0.05	0	-21
0.000193814432989691	0	0.88	0.41	-0.21	0.13	0.03	0.05	0.03	0.04	0.04	0.22	0	0	0	0	-29
-0.000581443298969072	-6.18556701030928e-05	-1.1	0.31	-0.22	0.02	-0.04	0.04	0.04	0.05	-0.24	-0.18	0	-0.2	-0.05	0	-42
-0.00138969072164948	-0.000144329896907216	-3.28	0.09	-0.11	-0.02	-0.12	0.02	0.04	0.07	-0.56	-0.5	0	-0.4	-0.05	0	-67
-0.0021319587628866	-0.000206185567010309	-5.18	-0.01	-0.01	-0.11	-0.23	0	-0.06	0.11	-0.94	-0.82	0	-0.55	-0.05	0	-90
-0.00281649484536082	-0.000268041237113402	-7.07	-0.24	-0.01	-0.2	-0.32	-0.05	-0.1	0.15	-1.34	-1.22	0	-0.7	-0.05	0	-117
-0.00355876288659794	-0.000309278350515464	-8.97	-0.34	0.1	-0.2	-0.36	-0.09	-0.1	0.18	-1.8	-1.66	0	-0.9	-0.15	0	-141
-0.00424742268041237	-0.000371134020618557	-10.77	-0.47	0.09	-0.32	-0.42	-0.12	-0.11	0.21	-2.3	-2.08	0	-1.05	-0.15	0	-158
-0.00501030927835052	-0.00045360824742268	-12.85	-0.7	0.18	-0.33	-0.47	-0.14	-0.13	0.23	-2.88	-2.62	0	-1.2	-0.1	0	-176
-0.00576082474226804	-0.000536082474226804	-14.75	-0.78	0.18	-0.31	-0.49	-0.16	-0.08	0.26	-3.38	-3.14	0	-1.4	-0.1	0	-188
-0.00645773195876289	-0.000639175257731959	-16.65	-0.99	0.2	-0.3	-0.5	-0.17	-0.03	0.28	-3.9	-3.6	0	-1.6	-0.05	0	-198
-0.00691546391752577	-0.000597938144329897	-17.88	-1.11	0.19	-0.32	-0.51	-0.2	0.01	0.3	-4.16	-3.8	0	-1.6	-0.15	0	-193
-0.00614020618556701	-0.000556701030927835	-15.89	-1	0.19	-0.31	-0.55	-0.18	-0.11	0.3	-3.66	-3.18	0	-1.45	-0.1	0	-161
-0.00536907216494845	-0.000494845360824742	-13.89	-0.87	0.19	-0.3	-0.58	-0.17	-0.21	0.29	-3.12	-2.62	0	-1.3	-0.1	0	-129
-0.00463917525773196	-0.000432989690721649	-11.9	-0.65	0.15	-0.29	-0.58	-0.14	-0.25	0.26	-2.64	-2.1	0	-1.15	-0.1	0	-99
-0.00385979381443299	-0.000350515463917526	-9.92	-0.56	0.08	-0.29	-0.56	-0.14	-0.27	0.22	-2.18	-1.64	0	-0.9	-0.05	0	-68
-0.00309690721649485	-0.000309278350515464	-7.91	-0.4	-0.02	-0.29	-0.49	-0.13	-0.25	0.17	-1.72	-1.22	0	-0.75	0	0	-39
-0.00221855670103093	-0.000164948453608247	-5.73	-0.35	-0.01	-0.29	-0.4	-0.11	-0.22	0.11	-1.26	-0.84	0	-0.5	-0.1	0	-13
-0.00160412371134021	-0.000144329896907216	-4.13	-0.24	-0.01	-0.27	-0.35	-0.1	-0.19	0.06	-0.96	-0.64	0	-0.45	-0.1	0	5
-0.000865979381443299	-8.24742268041237e-05	-2.24	-0.14	-0.11	0	-0.25	-0.1	-0.13	0.02	-0.6	-0.4	0	-0.15	0.05	0	21
#変形角	gamma	gamma2	-0.13	-0.13	-0.11	0.3	-0.19	-0.1	-0.11	0.01	-0.26	-0.22	0	-0.1	0	0	31
0.000845360824742268	6.18556701030928e-05	2.02	-0.03	-0.11	0.5	-0.13	-0.08	-0.1	0.01	0.1	-0.04	0	0.15	0	0	40
0.00162886597938144	0.000144329896907216	4.02	0.07	-0.11	0.71	-0.07	-0.07	-0.09	0	0.4	0.08	0	0.35	0	0	48
0.00240412371134021	0.000185567010309278	5.92	0.09	-0.12	0.89	-0.02	-0.06	-0.08	0.03	0.76	0.32	0	0.5	0.05	0	59
0.00319175257731959	0.000268041237113402	7.9	0.16	-0.11	1.02	0.03	-0.04	-0.08	0.03	1.08	0.52	0	0.7	0.05	0	70
0.00400824742268041	0.000350515463917526	9.99	0.27	-0.12	1.01	0.1	-0.03	-0.07	0.02	1.42	0.76	0	0.95	0.1	0	83
0.00483711340206186	0.000412371134020619	12	0.27	-0.12	1.05	0.15	-0.01	-0.04	0.04	1.74	0.98	0	1.15	0.15	0	99
0.00561237113402062	0.000474226804123711	13.99	0.38	-0.1	1.13	0.2	0.02	-0.04	0.02	2	1.26	0	1.3	0.15	0	120
0.00643298969072165	0.000536082474226804	15.98	0.38	-0.12	1.15	0.26	0.03	-0.04	0.03	2.24	1.48	0	1.45	0.15	0	141
0.00725360824742268	0.000597938144329897	17.97	0.38	-0.14	1.12	0.31	0.06	-0.01	0.03	2.5	1.72	0	1.65	0.2	0	166
0.00795051546391753	0.000639175257731959	19.77	0.49	-0.22	1.13	0.38	0.08	-0.02	0.03	2.7	1.92	0	1.8	0.25	0	191
0.00869690721649484	0.000742268041237113	21.58	0.49	-0.22	1.23	0.41	0.12	-0.01	0.02	2.98	2.12	0	2.05	0.25	0	211
0.0088659793814433	0.000721649484536082	22.06	0.56	-0.22	1.21	0.4	0.13	0	0.03	3.12	2.16	0	2	0.25	0	196
0.00808247422680413	0.000639175257731959	20.19	0.59	-0.22	1.21	0.4	0.11	0.01	0.03	2.96	1.96	0	1.8	0.25	0	145
0.00728659793814433	0.000577319587628866	18.25	0.58	-0.22	1.12	0.4	0.09	0.01	0.05	2.8	1.76	0	1.6	0.2	0	103
0.0064659793814433	0.000515463917525773	16.26	0.58	-0.21	1.11	0.4	0.09	0.01	0.06	2.58	1.5	0	1.4	0.15	0	70
0.00572371134020619	0.000474226804123711	14.36	0.48	-0.21	0.92	0.39	0.08	0.01	0.06	2.4	1.28	0	1.3	0.15	0	46
0.00482886597938144	0.00043298969072165	12.18	0.47	-0.21	0.6	0.38	0.07	0.01	0.07	2.24	1.08	0	1.2	0.15	0	27
0.00409072164948454	0.000288659793814433	10.28	0.36	-0.22	0.19	0.34	0.06	0.01	0.07	2.14	0.94	0	0.85	0.15	0	12
0.00350103092783505	0.000288659793814433	8.86	0.37	-0.21	0.08	0.3	0.07	0.01	0.08	2.02	0.8	0	0.75	0.05	0	3
0.00275051546391753	0.00022680412371134	7.05	0.38	-0.21	-0.02	0.23	0.05	0.02	0.08	1.68	0.6	0	0.6	0.05	0	-7
0.00197113402061856	0.000144329896907216	5.06	0.28	-0.19	-0.01	0.17	0.05	0.02	0.09	1.28	0.38	0	0.35	0	0	-16
0.00114639175257732	0.000103092783505155	3.08	0.3	-0.2	-0.08	0.09	0.04	0.01	0.08	0.7	0.32	0	0.3	0.05	0	-21
0.000367010309278351	-2.06185567010309e-05	1.08	0.19	-0.2	-0.1	-0.01	0.02	0.01	0.08	0.14	0.24	0	-0.05	0	0	-26
-0.000375257731958763	-6.18556701030928e-05	-0.82	0.09	-0.21	-0.09	-0.05	0.01	0.02	0.08	-0.18	0	0	-0.2	-0.05	0	-32
-0.00113814432989691	-0.000103092783505155	-2.8	-0.04	-0.21	-0.22	-0.12	-0.01	0.01	0.08	-0.44	-0.38	0	-0.3	-0.05	0	-45
-0.0018639175257732	-0.000164948453608247	-4.68	-0.16	-0.22	-0.19	-0.2	-0.02	0.02	0.08	-0.8	-0.68	0	-0.45	-0.05	0	-62
-0.00264742268041237	-0.000268041237113402	-6.79	-0.37	-0.12	-0.22	-0.32	-0.04	-0.02	0.08	-1.22	-0.98	0	-0.7	-0.05	0	-83
-0.00335670103092783	-0.000309278350515464	-8.6	-0.46	-0.01	-0.21	-0.39	-0.04	-0.07	0.07	-1.66	-1.34	0	-0.8	-0.05	0	-107
-0.00409072164948454	-0.000391752577319588	-10.47	-0.55	-0.02	-0.2	-0.45	-0.05	-0.1	0.1	-2.12	-1.8	0	-1.1	-0.15	0	-130
-0.00470927835051546	-0.00045360824742268	-12.18	-0.76	0.09	-0.2	-0.51	-0.1	-0.12	0.11	-2.58	-2.22	0	-1.2	-0.1	0	-151
-0.0053319587628866	-0.000515463917525773	-13.8	-0.87	0.09	-0.19	-0.53	-0.12	-0.12	0.12	-3.02	-2.64	0	-1.4	-0.15	0	-168
-0.00602474226804124	-0.000577319587628866	-15.59	-0.98	0.08	-0.19	-0.55	-0.14	-0.07	0.14	-3.52	-3.18	0	-1.5	-0.1	0	-185
-0.00677113402061856	-0.000618556701030928	-17.5	-1.08	0.07	-0.2	-0.53	-0.17	0	0.15	-4.04	-3.68	0	-1.7	-0.2	0	-199
-0.00703505154639175	-0.00065979381443299	-18.25	-1.19	0.08	-0.2	-0.5	-0.18	0.04	0.16	-4.16	-3.84	0	-1.7	-0.1	0	-197
-0.00630103092783505	-0.000577319587628866	-16.35	-1.07	0.09	-0.18	-0.57	-0.19	-0.08	0.16	-3.66	-3.28	0	-1.5	-0.1	0	-166
-0.00549278350515464	-0.000515463917525773	-14.18	-0.86	0.09	-0.18	-0.61	-0.17	-0.2	0.15	-3.12	-2.66	0	-1.4	-0.15	0	-130
-0.00462680412371134	-0.000412371134020619	-12	-0.78	0.09	-0.2	-0.61	-0.18	-0.26	0.13	-2.6	-2.08	0	-1.1	-0.1	0	-97
-0.00381855670103093	-0.000329896907216495	-9.81	-0.55	-0.01	-0.22	-0.59	-0.16	-0.27	0.09	-2.12	-1.58	0	-0.9	-0.1	0	-63
-0.00298969072164948	-0.000268041237113402	-7.73	-0.48	-0.01	-0.21	-0.52	-0.15	-0.24	0.06	-1.64	-1.2	0	-0.75	-0.1	0	-33
-0.00209072164948454	-0.000185567010309278	-5.45	-0.38	-0.12	-0.23	-0.46	-0.14	-0.22	0.05	-1.2	-0.82	0	-0.5	-0.05	0	-7
-0.00155876288659794	-0.000144329896907216	-4.03	-0.25	-0.11	-0.21	-0.36	-0.13	-0.18	0.03	-0.9	-0.62	0	-0.45	-0.1	0	6
-0.000779381443298969	-0.000103092783505155	-2.14	-0.25	-0.11	-0.06	-0.26	-0.11	-0.13	0.01	-0.56	-0.42	0	-0.25	0	0	23
4.12371134020619e-05	0	-0.05	-0.15	-0.12	0.21	-0.2	-0.1	-0.1	0	-0.28	-0.24	0	-0.05	-0.05	0	30
0.000841237113402062	8.24742268041237e-05	1.98	-0.06	-0.12	0.52	-0.16	-0.1	-0.1	0	0.08	-0.06	0	0.2	0	0	37
0.00163711340206186	0.000103092783505155	3.93	-0.04	-0.12	0.72	-0.09	-0.09	-0.1	-0.01	0.4	0.12	0	0.3	0.05	0	45
0.00240824742268041	0.000164948453608247	5.92	0.08	-0.11	0.85	-0.04	-0.06	-0.09	0.01	0.76	0.3	0	0.45	0.05	0	53
0.00320824742268041	0.00022680412371134	7.93	0.15	-0.14	0.94	0	-0.04	-0.09	0.01	1.16	0.48	0	0.65	0.1	0	64
0.00400824742268041	0.000309278350515464	9.9	0.18	-0.21	1.02	0.05	-0.02	-0.08	0.03	1.5	0.7	0	0.85	0.1	0	75
0.00475051546391753	0.000371134020618557	11.8	0.28	-0.22	1.02	0.12	-0.02	-0.04	0.02	1.8	0.92	0	1.05	0.15	0	86
0.00561237113402062	0.00043298969072165	13.88	0.27	-0.22	1.04	0.17	0.01	-0.03	0.03	2.1	1.16	0	1.2	0.15	0	104
0.00644123711340206	0.000515463917525773	15.89	0.27	-0.22	1.13	0.22	0.03	-0.03	0.03	2.34	1.42	0	1.45	0.2	0	125
0.00722474226804124	0.000597938144329897	17.89	0.37	-0.21	1.13	0.29	0.06	-0.02	0.02	2.58	1.66	0	1.65	0.2	0	147
0.00800412371134021	0.000639175257731959	19.78	0.37	-0.22	1.12	0.34	0.08	-0.02	0.02	2.82	1.88	0	1.8	0.25	0	172
0.00874226804123711	0.000701030927835052	21.59	0.39	-0.21	1.12	0.4	0.1	-0.02	0.02	3.06	2.08	0	1.95	0.25	0	197
0.00945567010309278	0.000783505154639175	23.4	0.47	-0.21	1.24	0.44	0.12	0	0.03	3.34	2.3	0	2.15	0.25	0	221
0.0101855670103093	0.000824742268041237	25.21	0.51	-0.21	1.23	0.49	0.14	0.01	0.03	3.66	2.54	0	2.3	0.3	0	236
0.0110061855670103	0.000927835051546392	27.21	0.52	-0.21	1.23	0.56	0.16	0.03	0.04	4	2.72	0	2.6	0.35	0	245
0.0116783505154639	0.000969072164948454	28.93	0.61	-0.21	1.21	0.62	0.18	0.04	0.03	4.3	2.92	0	2.7	0.35	0	255
0.0124329896907216	0.00103092783505155	30.82	0.67	-0.32	1.23	0.67	0.2	0.06	0.03	4.62	3.14	0	2.85	0.35	0	266
0.0131340206185567	0.00111340206185567	32.55	0.7	-0.32	1.23	0.7	0.21	0.05	0.03	4.92	3.36	0	3.1	0.4	0	273
0.013839175257732	0.00121649484536082	34.36	0.8	-0.33	1.23	0.74	0.24	0.06	0.04	5.18	3.6	0	3.35	0.4	0	283
0.0145443298969072	0.00123711340206186	36.08	0.81	-0.32	1.23	0.8	0.25	0.07	0.03	5.44	3.84	0	3.45	0.45	0	293
0.0152123711340206	0.00127835051546392	37.8	0.91	-0.34	1.23	0.84	0.28	0.08	0.04	5.66	4.1	0	3.65	0.55	0	302
0.0154350515463918	0.00125773195876289	38.37	0.94	-0.42	1.26	0.82	0.3	0.07	0.03	5.78	4.22	0	3.55	0.5	0	279
0.0147010309278351	0.00125773195876289	36.64	0.99	-0.43	1.24	0.83	0.29	0.09	0.03	5.64	4.06	0	3.45	0.4	0	230
0.0139051546391753	0.0011340206185567	34.74	1.02	-0.42	1.23	0.83	0.27	0.09	0.02	5.48	3.88	0	3.2	0.45	0	186
0.0131175257731959	0.00111340206185567	32.84	1.03	-0.42	1.23	0.83	0.24	0.1	0.03	5.3	3.62	0	3.05	0.35	0	148
0.0123298969072165	0.000989690721649484	30.93	1.03	-0.42	1.23	0.84	0.24	0.08	0.04	5.14	3.4	0	2.8	0.4	0	116
0.0115051546391753	0.000927835051546392	28.91	1.01	-0.42	1.13	0.85	0.23	0.1	0.05	4.9	3.14	0	2.6	0.35	0	86
0.0107628865979381	0.000865979381443299	27.02	0.92	-0.43	1.12	0.87	0.21	0.09	0.07	4.72	2.94	0	2.45	0.35	0	64
0.00994226804123711	0.000804123711340206	25.03	0.92	-0.41	1.05	0.87	0.2	0.08	0.09	4.54	2.74	0	2.25	0.3	0	44
0.00908041237113402	0.000721649484536082	22.93	0.91	-0.42	0.81	0.83	0.18	0.08	0.09	4.36	2.54	0	2.05	0.3	0	29
0.00829278350515464	0.000680412371134021	20.92	0.81	-0.42	0.51	0.78	0.17	0.08	0.09	4.18	2.38	0	1.9	0.25	0	19
0.00750927835051546	0.000577319587628866	19.02	0.81	-0.42	0.12	0.73	0.17	0.08	0.1	4.02	2.24	0	1.65	0.25	0	7
0.00696907216494845	0.000536082474226804	17.6	0.7	-0.42	0.09	0.67	0.16	0.07	0.13	3.84	2.08	0	1.5	0.2	0	-2
0.00610721649484536	0.000494845360824742	15.51	0.7	-0.42	0	0.59	0.15	0.07	0.16	3.42	1.88	0	1.35	0.15	0	-11
0.00528659793814433	0.000412371134020619	13.42	0.6	-0.42	0.01	0.51	0.14	0.06	0.18	2.86	1.86	0	1.1	0.1	0	-14
0.00443298969072165	0.000371134020618557	11.33	0.58	-0.41	0	0.41	0.1	0.05	0.16	2.16	1.8	0	0.95	0.05	0	-18
0.00364948453608247	0.000309278350515464	9.34	0.49	-0.41	-0.01	0.32	0.09	0.05	0.15	1.52	1.78	0	0.8	0.05	0	-20
0.0028701030927835	0.000185567010309278	7.35	0.39	-0.42	-0.02	0.24	0.08	0.04	0.14	0.82	1.78	0	0.55	0.1	0	-22
0.00204536082474227	0.000123711340206186	5.35	0.39	-0.42	-0.09	0.17	0.05	0.05	0.11	0.2	1.72	0	0.35	0.05	0	-27
0.00127010309278351	8.24742268041237e-05	3.36	0.28	-0.42	-0.1	0.08	0.04	0.04	0.1	-0.2	1.5	0	0.2	0	0	-33
0.000457731958762887	0	1.28	0.17	-0.42	-0.1	-0.03	0.01	0.04	0.07	-0.26	0.78	0	0	0	0	-34
-0.000276288659793814	-6.18556701030928e-05	-0.62	0.05	-0.39	-0.1	-0.08	-0.01	0.04	0.05	-0.28	0.14	0	-0.15	0	0	-35
-0.000969072164948454	-0.000123711340206186	-2.5	-0.15	-0.32	-0.1	-0.1	-0.03	0.01	0.04	-0.36	-0.34	0	-0.35	-0.05	0	-44
-0.00171134020618557	-0.000206185567010309	-4.5	-0.35	-0.22	-0.15	-0.16	-0.04	0.06	0.05	-0.64	-0.62	0	-0.55	-0.05	0	-59
-0.00252371134020619	-0.000268041237113402	-6.58	-0.46	-0.12	-0.2	-0.29	-0.05	0.03	0.06	-1.06	-0.96	0	-0.7	-0.05	0	-81
-0.00325773195876289	-0.000329896907216495	-8.58	-0.68	-0.04	-0.22	-0.38	-0.06	-0.04	0.06	-1.54	-1.32	0	-0.9	-0.1	0	-102
-0.00394226804123711	-0.000391752577319588	-10.34	-0.78	-0.01	-0.22	-0.46	-0.08	-0.12	0.07	-2.02	-1.72	0	-1.1	-0.15	0	-126
-0.00465979381443299	-0.000474226804123711	-12.28	-0.98	-0.01	-0.22	-0.52	-0.1	-0.11	0.1	-2.54	-2.2	0	-1.2	-0.05	0	-148
-0.00538969072164948	-0.000494845360824742	-14.07	-1	0.03	-0.21	-0.54	-0.14	-0.1	0.11	-3	-2.72	0	-1.3	-0.1	0	-166
-0.00609072164948454	-0.000597938144329897	-15.87	-1.1	0.09	-0.21	-0.56	-0.16	-0.06	0.11	-3.52	-3.26	0	-1.6	-0.15	0	-182
-0.00683711340206185	-0.000639175257731959	-17.77	-1.19	0.1	-0.2	-0.55	-0.2	0.02	0.1	-4.02	-3.78	0	-1.75	-0.2	0	-198
-0.00751752577319588	-0.000721649484536082	-19.56	-1.33	0.09	-0.22	-0.54	-0.21	0.07	0.13	-4.52	-4.3	0	-1.95	-0.2	0	-211
-0.0082680412371134	-0.000742268041237113	-21.37	-1.32	0.09	-0.24	-0.54	-0.22	0.14	0.14	-4.94	-4.78	0	-2	-0.2	0	-217
-0.00896494845360825	-0.000824742268041237	-23.16	-1.42	0.09	-0.32	-0.51	-0.23	0.25	0.14	-5.36	-5.24	0	-2.2	-0.2	0	-225
-0.00962886597938144	-0.000845360824742268	-24.87	-1.52	0.08	-0.31	-0.48	-0.23	0.32	0.15	-5.76	-5.7	0	-2.3	-0.25	0	-229
-0.0103422680412371	-0.000927835051546392	-26.59	-1.51	0.08	-0.31	-0.45	-0.23	0.4	0.15	-6.12	-6.12	0	-2.5	-0.25	0	-234
-0.0110350515463918	-0.00101030927835052	-28.39	-1.63	0.08	-0.31	-0.45	-0.24	0.44	0.16	-6.5	-6.56	0	-2.7	-0.25	0	-235
-0.0117360824742268	-0.00105154639175258	-30.2	-1.74	0.09	-0.32	-0.43	-0.23	0.5	0.16	-6.84	-7.02	0	-2.85	-0.3	0	-241
-0.0124082474226804	-0.0011340206185567	-31.91	-1.82	0.09	-0.3	-0.41	-0.23	0.53	0.17	-7.2	-7.4	0	-3.05	-0.3	0	-243
-0.0131917525773196	-0.00117525773195876	-33.82	-1.83	0.09	-0.3	-0.4	-0.22	0.59	0.14	-7.56	-7.94	0	-3.15	-0.3	0	-242
-0.0138927835051546	-0.00125773195876289	-35.63	-1.94	0.08	-0.41	-0.38	-0.2	0.64	0.15	-7.9	-8.7	0	-3.3	-0.25	0	-235
-0.0146103092783505	-0.00129896907216495	-37.44	-2.01	0.09	-0.41	-0.37	-0.19	0.67	0.15	-8.28	-8.98	0	-3.5	-0.35	0	-239
-0.0147917525773196	-0.00129896907216495	-38.01	-2.14	0.08	-0.41	-0.34	-0.19	0.71	0.14	-8.38	-9.06	0	-3.45	-0.3	0	-229
-0.0139711340206186	-0.00123711340206186	-35.93	-2.05	0.08	-0.43	-0.38	-0.19	0.67	0.13	-8.12	-8.72	0	-3.3	-0.3	0	-212
-0.0131010309278351	-0.0011340206185567	-33.82	-2.05	0.09	-0.41	-0.43	-0.18	0.6	0.12	-7.8	-8.36	0	-3.05	-0.3	0	-197
-0.0123175257731959	-0.00107216494845361	-31.82	-1.95	0.09	-0.41	-0.47	-0.16	0.52	0.13	-7.5	-8	0	-2.85	-0.25	0	-182
-0.0109979381443299	-0.000969072164948454	-28.5	-1.83	0.08	-0.41	-0.55	-0.14	0.39	0.12	-6.94	-7.34	0	-2.6	-0.25	0	-159
-0.0101443298969072	-0.000907216494845361	-26.31	-1.71	0.08	-0.4	-0.59	-0.13	0.28	0.12	-6.56	-6.88	0	-2.45	-0.25	0	-144
-0.00936494845360825	-0.000845360824742268	-24.32	-1.61	0.08	-0.39	-0.64	-0.11	0.2	0.12	-6.2	-6.4	0	-2.3	-0.25	0	-129
-0.0085360824742268	-0.000783505154639175	-22.22	-1.52	0.09	-0.41	-0.69	-0.11	0.08	0.12	-5.78	-5.88	0	-2.05	-0.15	0	-116
-0.00775670103092783	-0.000701030927835052	-20.22	-1.41	-0.01	-0.41	-0.72	-0.11	-0.01	0.12	-5.36	-5.36	0	-1.9	-0.2	0	-99
-0.00698144329896907	-0.00065979381443299	-18.25	-1.32	-0.01	-0.39	-0.73	-0.13	-0.08	0.11	-4.9	-4.84	0	-1.8	-0.2	0	-84
-0.00618144329896907	-0.000618556701030928	-16.18	-1.19	0.02	-0.37	-0.74	-0.13	-0.11	0.1	-4.44	-4.3	0	-1.65	-0.15	0	-68
-0.00515876288659794	-0.000494845360824742	-13.5	-0.99	-0.1	-0.31	-0.71	-0.14	-0.14	0.09	-3.78	-3.62	0	-1.35	-0.15	0	-46
-0.00434639175257732	-0.000412371134020619	-11.33	-0.79	-0.11	-0.32	-0.68	-0.15	-0.16	0.06	-3.2	-3.04	0	-1.15	-0.15	0	-28
-0.00348865979381443	-0.000329896907216495	-9.14	-0.68	-0.21	-0.32	-0.62	-0.17	-0.16	0.03	-2.64	-2.5	0	-0.95	-0.15	0	-10
-0.00274226804123711	-0.000288659793814433	-7.24	-0.59	-0.22	-0.23	-0.52	-0.17	-0.14	-0.01	-2.18	-2.08	0	-0.75	-0.05	0	2
-0.00224742268041237	-0.000247422680412371	-5.91	-0.46	-0.21	-0.1	-0.48	-0.17	-0.17	-0.03	-1.82	-1.74	0	-0.7	-0.1	0	9
-0.00148865979381443	-0.000164948453608247	-3.93	-0.32	-0.2	-0.08	-0.41	-0.18	-0.12	-0.03	-1.12	-1.18	0	-0.45	-0.05	0	17
-0.00065979381443299	-0.000123711340206186	-1.94	-0.34	-0.22	0.21	-0.31	-0.16	-0.1	-0.04	-0.6	-0.86	0	-0.3	0	0	25
0.000148453608247423	-6.18556701030928e-05	0.14	-0.22	-0.31	0.42	-0.22	-0.16	-0.09	-0.04	-0.08	-0.74	0	-0.15	0	0	31
0.000890721649484536	2.06185567010309e-05	2.04	-0.12	-0.32	0.53	-0.17	-0.15	-0.09	-0.02	0.32	-0.52	0	0.1	0.05	0	36
0.00171546391752577	8.24742268041237e-05	4.03	-0.13	-0.32	0.73	-0.13	-0.14	-0.09	0	0.64	-0.28	0	0.2	0	0	42
0.00244123711340206	0.000144329896907216	5.9	-0.02	-0.32	0.8	-0.07	-0.12	-0.08	0.01	1	-0.06	0	0.4	0.05	0	46
0.00324948453608247	0.00022680412371134	7.96	0.08	-0.31	0.82	-0.03	-0.11	-0.08	0	1.4	0.18	0	0.6	0.05	0	53
0.00406185567010309	0.000288659793814433	9.92	0.07	-0.32	0.93	0.04	-0.08	-0.07	0.01	1.74	0.44	0	0.8	0.1	0	58
0.0048659793814433	0.000329896907216495	11.99	0.19	-0.32	1.03	0.09	-0.06	-0.05	0.02	2.08	0.72	0	0.95	0.15	0	67
0.00560412371134021	0.00043298969072165	13.89	0.3	-0.31	1.02	0.14	-0.05	0	0.04	2.44	0.96	0	1.2	0.15	0	74
0.00642886597938144	0.000494845360824742	15.88	0.29	-0.31	1.01	0.19	-0.03	-0.01	0.04	2.76	1.22	0	1.35	0.15	0	84
0.00717525773195876	0.000556701030927835	17.79	0.39	-0.31	1	0.25	-0.01	-0.03	0.03	3.08	1.52	0	1.55	0.2	0	90
0.00799587628865979	0.000597938144329897	19.78	0.39	-0.33	1.1	0.31	0.02	-0.03	0.04	3.4	1.82	0	1.7	0.25	0	100
0.00874639175257732	0.000680412371134021	21.69	0.48	-0.32	1.15	0.37	0.04	0	0.06	3.66	2.12	0	1.95	0.3	0	111
0.00956288659793814	0.000762886597938144	23.69	0.5	-0.32	1.12	0.42	0.06	0.02	0.06	3.94	2.42	0	2.15	0.3	0	124
0.0103876288659794	0.000845360824742268	25.67	0.48	-0.43	1.1	0.47	0.09	0.03	0.06	4.22	2.66	0	2.35	0.3	0	140
0.0111422680412371	0.000907216494845361	27.6	0.58	-0.42	1.11	0.53	0.12	0.04	0.06	4.48	2.9	0	2.55	0.35	0	158
0.011880412371134	0.000948453608247423	29.41	0.6	-0.41	1.11	0.58	0.12	0.04	0.06	4.74	3.14	0	2.65	0.35	0	177
0.0126556701030928	0.00101030927835052	31.32	0.63	-0.42	1.15	0.63	0.18	0.05	0.05	4.96	3.36	0	2.85	0.4	0	196
0.0132783505154639	0.00107216494845361	32.93	0.73	-0.41	1.22	0.68	0.19	0.05	0.06	5.18	3.54	0	3	0.4	0	218
0.0140371134020619	0.0011340206185567	34.75	0.71	-0.42	1.21	0.74	0.21	0.06	0.04	5.4	3.74	0	3.15	0.4	0	240
0.0147917525773196	0.00117525773195876	36.57	0.7	-0.42	1.21	0.79	0.22	0.06	0.04	5.62	3.96	0	3.35	0.5	0	264
0.0154515463917526	0.00125773195876289	38.28	0.81	-0.52	1.21	0.85	0.23	0.07	0.03	5.8	4.2	0	3.55	0.5	0	284
0.0161237113402062	0.00129896907216495	39.9	0.8	-0.52	1.21	0.89	0.26	0.09	0.02	5.96	4.48	0	3.65	0.5	0	298
0.0167958762886598	0.00136082474226804	41.54	0.81	-0.52	1.21	0.94	0.27	0.08	0.02	6.12	4.8	0	3.85	0.55	0	309
0.0177360824742268	0.00142268041237113	43.93	0.92	-0.62	1.22	1.01	0.29	0.1	0.02	6.34	5.26	0	4	0.55	0	322
0.018519587628866	0.00154639175257732	45.93	1.02	-0.72	1.27	1.06	0.3	0.1	0.01	6.5	5.66	0	4.35	0.6	0	331
0.0191917525773196	0.00160824742268041	47.57	1.03	-0.72	1.34	1.1	0.32	0.11	0	6.6	5.98	0	4.55	0.65	0	340
0.0201319587628866	0.00167010309278351	49.97	1.15	-0.83	1.32	1.13	0.32	0.1	-0.03	6.82	6.4	0	4.7	0.65	0	354
0.0207670103092784	0.0017319587628866	51.6	1.24	-1.03	1.33	1.22	0.34	0.12	-0.05	7	6.68	0	4.85	0.65	0	363
0.0214432989690722	0.00177319587628866	53.24	1.24	-1.03	1.32	1.25	0.35	0.13	-0.07	7.16	6.94	0	5	0.7	0	369
0.0220742268041237	0.00183505154639175	54.88	1.35	-1.12	1.33	1.29	0.36	0.1	-0.09	7.34	7.18	0	5.15	0.7	0	377
0.0227505154639175	0.00189690721649485	56.51	1.34	-1.23	1.32	1.34	0.42	0.13	-0.11	7.52	7.42	0	5.35	0.75	0	385
0.023360824742268	0.002	58.07	1.42	-1.23	1.32	1.37	0.43	0.17	-0.13	7.66	7.72	0	5.55	0.7	0	392
0.0239835051546392	0.00202061855670103	59.69	1.53	-1.33	1.32	1.41	0.43	0.17	-0.15	7.78	8.04	0	5.7	0.8	0	398
0.0247010309278351	0.00210309278350515	61.43	1.53	-1.33	1.32	1.47	0.44	0.17	-0.17	7.96	8.32	0	5.9	0.8	0	407
0.0253237113402062	0.00210309278350515	63.07	1.66	-1.43	1.33	1.5	0.46	0.18	-0.18	8.12	8.6	0	5.95	0.85	0	414
0.0260041237113402	0.00218556701030928	64.71	1.65	-1.53	1.33	1.57	0.48	0.18	-0.23	8.3	8.84	0	6.1	0.8	0	421
0.0266845360824742	0.0022680412371134	66.45	1.74	-1.63	1.33	1.6	0.48	0.17	-0.26	8.48	9.06	0	6.35	0.85	0	433
0.027319587628866	0.00228865979381443	68	1.75	-1.67	1.32	1.64	0.49	0.18	-0.27	8.64	9.32	0	6.45	0.9	0	437
0.0279134020618557	0.00235051546391753	69.56	1.87	-1.74	1.34	1.69	0.51	0.18	-0.29	8.82	9.54	0	6.6	0.9	0	444
0.0284742268041237	0.00241237113402062	70.91	1.86	-1.83	1.34	1.72	0.5	0.18	-0.31	8.96	9.76	0	6.8	0.95	0	451
0.0291051546391753	0.00243298969072165	72.56	1.98	-1.85	1.34	1.76	0.52	0.18	-0.33	9.16	10.02	0	6.9	1	0	456
0.0297154639175258	0.00249484536082474	74.04	1.98	-1.94	1.34	1.8	0.53	0.19	-0.35	9.3	10.3	0	7.05	1	0	464
0.0305896907216495	0.00255670103092784	76.26	2.08	-2.08	1.32	1.85	0.53	0.18	-0.38	9.52	10.68	0	7.2	1	0	470
0.0312288659793814	0.00263917525773196	77.81	2.08	-2.17	1.33	1.9	0.53	0.2	-0.39	9.64	10.96	0	7.4	1	0	473
0.0317896907216495	0.00268041237113402	79.26	2.17	-2.18	1.32	1.92	0.52	0.18	-0.42	9.8	11.26	0	7.55	1.05	0	481
0.0324742268041237	0.00274226804123711	80.93	2.18	-2.28	1.3	2	0.53	0.18	-0.45	9.92	11.58	0	7.75	1.1	0	485
0.033080412371134	0.00278350515463918	82.5	2.28	-2.37	1.31	2.05	0.53	0.18	-0.46	10.06	11.88	0	7.85	1.1	0	488
0.033719587628866	0.00284536082474227	84.06	2.29	-2.33	1.33	2.1	0.53	0.19	-0.5	10.18	12.18	0	8	1.1	0	494
0.0343628865979381	0.00292783505154639	85.62	2.29	-2.49	1.33	2.14	0.57	0.18	-0.5	10.32	12.46	0	8.2	1.1	0	500
0.0343711340206186	0.00292783505154639	85.72	2.37	-2.48	1.32	2.11	0.55	0.17	-0.51	10.32	12.5	0	8.2	1.1	0	492
0.0343463917525773	0.00288659793814433	85.72	2.43	-2.55	1.35	2.14	0.58	0.17	-0.53	10.32	12.6	0	8.15	1.15	0	457
0.0343134020618557	0.00290721649484536	85.71	2.5	-2.58	1.36	2.15	0.59	0.16	-0.53	10.32	12.58	0	8.2	1.15	0	453
0.0347092783505155	0.00296907216494845	86.67	2.5	-2.58	1.36	2.18	0.59	0.16	-0.54	10.42	12.74	0	8.3	1.1	0	474
0.0353237113402062	0.00298969072164948	88.18	2.52	-2.57	1.36	2.23	0.59	0.16	-0.55	10.58	13	0	8.4	1.15	0	496
0.0359505154639175	0.00307216494845361	89.7	2.52	-2.58	1.37	2.27	0.59	0.16	-0.56	10.72	13.32	0	8.6	1.15	0	507
0.0365773195876289	0.00311340206185567	91.21	2.51	-2.69	1.38	2.31	0.6	0.16	-0.57	10.84	13.64	0	8.8	1.25	0	513
0.0372082474226804	0.0031340206185567	92.73	2.5	-2.68	1.38	2.36	0.6	0.16	-0.58	10.98	13.98	0	8.9	1.3	0	517
0.0377484536082474	0.00317525773195876	94.16	2.62	-2.78	1.42	2.4	0.61	0.16	-0.59	11.08	14.3	0	8.95	1.25	0	522
0.038379381443299	0.00325773195876289	95.67	2.6	-2.79	1.41	2.45	0.62	0.16	-0.63	11.16	14.7	0	9.15	1.25	0	521
0.0388494845360825	0.00325773195876289	96.81	2.6	-2.89	1.42	2.52	0.63	0.17	-0.66	11.22	15.08	0	9.25	1.35	0	512
0.0390680412371134	0.00331958762886598	97.39	2.65	-2.89	1.42	2.55	0.64	0.17	-0.66	11.26	15.24	0	9.35	1.3	0	516
0.0393979381443299	0.00334020618556701	98.24	2.7	-2.89	1.41	2.58	0.64	0.17	-0.65	11.26	15.46	0	9.4	1.3	0	520
0.0397814432989691	0.00336082474226804	99.18	2.71	-2.88	1.41	2.62	0.65	0.17	-0.66	11.3	15.78	0	9.45	1.3	0	519
0.0405443298969072	0.00342268041237113	101.08	2.76	-2.89	1.42	2.69	0.65	0.16	-0.66	11.34	16.44	0	9.65	1.35	0	515
0.0415298969072165	0.00350515463917526	103.53	2.82	-2.89	1.42	2.9	0.67	0.17	-0.67	11.36	17.32	0	9.85	1.35	0	507
0.0421855670103093	0.00354639175257732	105.23	2.93	-2.99	1.43	4.09	0.68	0.18	-0.68	11.36	18.04	0	10	1.4	0	494
0.042820618556701	0.00360824742268041	106.76	2.92	-3	1.43	4.14	0.68	0.18	-0.68	11.36	18.64	0	10.2	1.45	0	491
0.0434061855670103	0.00364948453608248	108.18	2.92	-2.99	1.42	4.2	0.69	0.18	-0.68	11.36	19.16	0	10.3	1.45	0	491
0.0440288659793814	0.00371134020618557	109.8	3.03	-3	1.41	4.25	0.69	0.17	-0.68	11.36	19.76	0	10.5	1.5	0	492
0.0446103092783505	0.00375257731958763	111.22	3.04	-2.99	1.42	4.31	0.7	0.17	-0.67	11.36	20.28	0	10.6	1.5	0	490
0.0451835051546392	0.00383505154639175	112.83	3.26	-3.1	1.33	4.43	0.81	0.17	-0.49	11.06	22.02	0	10.85	1.55	0	351
0.0457773195876289	0.00385567010309278	114.35	3.34	-3.09	1.33	4.45	0.81	0.17	-0.47	11.06	22.56	0	10.9	1.55	0	358
0.0468371134020619	0.00397938144329897	116.91	3.33	-3.1	1.33	4.53	0.81	0.17	-0.44	11.08	23.5	0	11.25	1.6	0	362
0.0474969072164948	0.00397938144329897	118.94	3.76	-2.99	1.22	4.76	0.62	0.2	-0.14	10.3	25.72	0	11.35	1.7	0	202
0.0477443298969072	0.00402061855670103	119.57	3.79	-2.99	1.2	4.75	0.62	0.2	-0.13	10.32	25.96	0	11.4	1.65	0	215
0.0484618556701031	0.00410309278350515	121.28	3.76	-2.99	1.22	4.77	0.62	0.21	-0.09	10.3	26.62	0	11.6	1.65	0	220
0.0489690721649485	0.00418556701030928	122.62	3.87	-3	1.21	4.82	0.62	0.21	-0.06	10.3	27.22	0	11.8	1.65	0	219
0.0497525773195876	0.00420618556701031	124.51	3.86	-2.99	1.22	4.9	0.62	0.19	-0.03	10.28	27.98	0	11.85	1.65	0	220
0.050659793814433	0.00428865979381443	126.81	3.96	-3	1.22	4.99	0.62	0.21	0.03	10.26	28.94	0	12.15	1.75	0	218
0.0513567010309278	0.0043298969072165	128.52	3.98	-2.99	1.22	5.07	0.62	0.21	0.06	10.26	29.64	0	12.2	1.7	0	216
0.0521360824742268	0.00441237113402062	130.41	3.98	-2.96	1.23	5.16	0.59	0.21	0.1	10.26	30.4	0	12.45	1.75	0	214
0.0528494845360825	0.00449484536082474	132.25	4.09	-3	1.22	5.23	0.62	0.22	0.14	10.22	31.1	0	12.65	1.75	0	214
0.0535628865979381	0.0045360824742268	133.99	4.1	-2.99	1.22	5.33	0.62	0.21	0.17	10.22	31.84	0	12.8	1.8	0	215
0.0542927835051547	0.0045979381443299	135.86	4.2	-2.99	1.21	5.4	0.62	0.22	0.21	10.22	32.56	0	12.95	1.8	0	212
0.0551216494845361	0.00465979381443299	137.87	4.2	-2.98	1.23	5.48	0.61	0.22	0.26	10.18	33.3	0	13.1	1.8	0	213
0.0557938144329897	0.00474226804123711	139.51	4.21	-3	1.22	5.56	0.61	0.22	0.28	10.16	33.94	0	13.35	1.85	0	212
0.0564948453608247	0.00482474226804124	141.3	4.3	-2.99	1.23	5.63	0.62	0.22	0.33	10.14	34.58	0	13.55	1.85	0	213
0.0572865979381443	0.0048659793814433	143.22	4.3	-2.98	1.24	5.72	0.62	0.21	0.36	10.12	35.34	0	13.7	1.9	0	210
0.0579917525773196	0.00494845360824742	145.04	4.41	-2.99	1.22	5.81	0.62	0.2	0.39	10.12	35.98	0	13.9	1.9	0	212
0.0592577319587629	0.00501030927835052	148.19	4.49	-2.99	1.23	5.95	0.61	0.21	0.46	10.1	37.14	0	14.15	2	0	211
0.0600536082474227	0.00507216494845361	150.12	4.49	-2.99	1.22	6.03	0.63	0.21	0.49	10.12	37.82	0	14.4	2.1	0	213
0.0608247422680412	0.00517525773195876	152.04	4.54	-2.99	1.23	6.12	0.67	0.21	0.53	10.1	38.54	0	14.6	2.05	0	211
0.0610556701030928	0.00517525773195876	152.72	4.66	-2.99	1.23	6.16	0.67	0.21	0.56	10.06	38.74	0	14.55	2	0	208
0.0601443298969072	0.00509278350515464	150.51	4.66	-2.98	1.22	6.12	0.66	0.22	0.58	9.84	38.36	0	14.3	1.95	0	168
0.0593319587628866	0.00503092783505155	148.49	4.61	-2.99	1.22	6.08	0.66	0.21	0.59	9.64	37.94	0	14.2	2	0	150
0.0585443298969072	0.00496907216494845	146.57	4.6	-2.88	1.23	6.03	0.66	0.2	0.61	9.4	37.48	0	13.95	1.9	0	139
0.0577154639175258	0.00488659793814433	144.57	4.61	-2.89	1.19	5.95	0.66	0.2	0.61	9.18	36.98	0	13.75	1.9	0	129
0.0568865979381443	0.00480412371134021	142.55	4.6	-2.9	1.12	5.87	0.66	0.2	0.63	9	36.48	0	13.55	1.9	0	125
0.0561030927835052	0.00476288659793814	140.55	4.5	-2.89	1.12	5.78	0.65	0.19	0.64	8.86	35.92	0	13.4	1.85	0	118
0.0553072164948454	0.00470103092783505	138.63	4.51	-2.89	1.13	5.7	0.65	0.17	0.64	8.76	35.4	0	13.2	1.8	0	114
0.0543216494845361	0.0045979381443299	136.24	4.51	-2.87	1.12	5.59	0.65	0.18	0.67	8.64	34.68	0	13	1.85	0	107
0.053620618556701	0.00451546391752577	134.43	4.4	-2.79	1.12	5.5	0.64	0.17	0.67	8.54	34.1	0	12.7	1.75	0	103
0.0527546391752577	0.00447422680412371	132.33	4.4	-2.78	1.12	5.4	0.64	0.16	0.68	8.44	33.56	0	12.6	1.75	0	100
0.0519298969072165	0.00439175257731959	130.34	4.41	-2.78	1.11	5.31	0.63	0.15	0.7	8.36	32.98	0	12.4	1.75	0	92
0.0510309278350515	0.00430927835051546	128.03	4.28	-2.79	1.1	5.2	0.63	0.15	0.7	8.26	32.3	0	12.15	1.7	0	86
0.0501690721649485	0.0042680412371134	125.96	4.3	-2.78	1.1	5.1	0.64	0.14	0.71	8.16	31.74	0	12	1.65	0	81
0.0493484536082474	0.00414432989690722	123.95	4.28	-2.77	1.03	5	0.62	0.13	0.73	8.02	31.24	0	11.7	1.65	0	78
0.0486061855670103	0.00412371134020619	122.05	4.18	-2.69	1.01	4.92	0.62	0.12	0.73	7.94	30.64	0	11.6	1.6	0	74
0.047740206185567	0.004	119.96	4.19	-2.68	1.02	4.81	0.61	0.12	0.72	7.86	30.08	0	11.35	1.65	0	68
0.0470309278350515	0.00393814432989691	118.24	4.19	-2.68	1.05	4.74	0.61	0.11	0.74	7.76	29.62	0	11.15	1.6	0	68
0.0462639175257732	0.00393814432989691	116.27	4.08	-2.69	1.05	4.63	0.59	0.1	0.73	7.7	29	0	11.05	1.5	0	64
0.0453360824742268	0.00383505154639175	114.01	4.07	-2.67	1.01	4.51	0.59	0.09	0.73	7.62	28.38	0	10.8	1.5	0	58
0.0445030927835052	0.0037319587628866	111.99	4.07	-2.57	1.02	4.42	0.58	0.09	0.73	7.54	27.8	0	10.55	1.5	0	55
0.043719587628866	0.00369072164948454	109.99	3.97	-2.58	1.01	4.32	0.57	0.09	0.73	7.46	27.24	0	10.4	1.45	0	54
0.0428989690721649	0.00360824742268041	108	3.97	-2.58	0.92	4.23	0.56	0.08	0.73	7.3	26.68	0	10.2	1.45	0	48
0.0420783505154639	0.00354639175257732	105.98	3.94	-2.58	0.9	4.13	0.55	0.06	0.72	7.2	26.16	0	10	1.4	0	44
0.0412577319587629	0.00344329896907216	103.92	3.87	-2.45	0.93	4.04	0.55	0.08	0.72	7.06	25.62	0	9.75	1.4	0	43
0.0403958762886598	0.00342268041237113	101.84	3.88	-2.47	0.92	3.95	0.53	0.07	0.72	6.88	25.16	0	9.6	1.3	0	38
0.0395876288659794	0.00331958762886598	99.76	3.76	-2.48	0.91	3.85	0.53	0.07	0.73	6.7	24.64	0	9.4	1.35	0	35
0.0387587628865979	0.00325773195876289	97.76	3.77	-2.43	0.89	3.76	0.53	0.07	0.72	6.6	24.1	0	9.2	1.3	0	32
0.0379546391752577	0.00317525773195876	95.69	3.65	-2.37	0.8	3.67	0.51	0.06	0.71	6.46	23.52	0	9	1.3	0	29
0.0370886597938144	0.00311340206185567	93.6	3.66	-2.37	0.8	3.58	0.51	0.06	0.71	6.44	22.82	0	8.8	1.25	0	28
0.0368123711340206	0.00309278350515464	92.93	3.66	-2.34	0.82	3.54	0.51	0.06	0.71	6.42	22.58	0	8.75	1.25	0	27
0.0357278350515464	0.00303092783505155	90.2	3.56	-2.32	0.82	3.42	0.49	0.05	0.7	6.4	21.8	0	8.55	1.2	0	23
0.0349360824742268	0.00290721649484536	88.19	3.47	-2.26	0.82	3.33	0.49	0.05	0.7	6.38	21.16	0	8.2	1.15	0	22
0.0340453608247423	0.00284536082474227	86.01	3.45	-2.24	0.82	3.23	0.47	0.04	0.69	6.34	20.48	0	8.05	1.15	0	20
0.0332453608247423	0.00276288659793814	83.97	3.35	-2.24	0.85	3.15	0.46	0.04	0.7	6.3	19.88	0	7.85	1.15	0	18
0.0323340206185567	0.00270103092783505	81.75	3.34	-2.18	0.82	3.04	0.44	0.04	0.69	6.2	19.24	0	7.7	1.15	0	13
0.0314762886597938	0.00263917525773196	79.58	3.25	-2.17	0.71	2.94	0.42	0.04	0.7	5.92	18.86	0	7.45	1.05	0	9
0.0306639175257732	0.00255670103092784	77.57	3.21	-2.09	0.72	2.86	0.4	0.03	0.71	5.46	18.72	0	7.25	1.05	0	8
0.029839175257732	0.00251546391752577	75.48	3.12	-2.07	0.61	2.73	0.39	0.01	0.73	4.94	18.6	0	7.1	1	0	4
0.0290185567010309	0.00243298969072165	73.39	3.02	-1.97	0.6	2.64	0.36	0.03	0.72	4.42	18.5	0	6.85	0.95	0	2
0.0282886597938144	0.00235051546391753	71.59	2.99	-1.84	0.53	2.59	0.34	0.02	0.74	4.02	18.42	0	6.7	1	0	1
0.0274515463917526	0.0022680412371134	69.49	2.92	-1.76	0.42	2.5	0.32	0.02	0.74	3.46	18.36	0	6.45	0.95	0	-1
0.0266309278350516	0.00222680412371134	67.4	2.82	-1.63	0.43	2.43	0.3	0.01	0.76	2.88	18.32	0	6.3	0.9	0	-2
0.0258556701030928	0.00218556701030928	65.4	2.7	-1.54	0.44	2.36	0.27	0	0.78	2.34	18.28	0	6.15	0.85	0	-4
0.0249072164948454	0.00208247422680412	63.1	2.7	-1.43	0.41	2.28	0.24	0.01	0.83	2	17.96	0	5.9	0.85	0	-6
0.0240453608247423	0.00202061855670103	60.92	2.61	-1.33	0.41	2.21	0.21	-0.01	0.85	1.84	17.44	0	5.7	0.8	0	-9
0.0231752577319588	0.00191752577319588	58.71	2.51	-1.33	0.31	2.13	0.18	-0.01	0.9	1.7	17	0	5.45	0.8	0	-10
0.0224	0.00183505154639175	56.72	2.4	-1.12	0.31	2.07	0.17	-0.01	0.95	1.56	16.56	0	5.2	0.75	0	-12
0.0215752577319588	0.00177319587628866	54.62	2.3	-1.03	0.32	1.97	0.15	-0.01	0.99	1.52	16	0	5.05	0.75	0	-14
0.0207876288659794	0.00169072164948454	52.6	2.19	-0.93	0.33	1.89	0.13	-0.01	1.03	1.48	15.48	0	4.8	0.7	0	-14
0.0199298969072165	0.00160824742268041	50.4	2.07	-0.83	0.32	1.82	-0.01	-0.01	1.05	1.44	14.88	0	4.55	0.65	0	-16
0.0190639175257732	0.00158762886597938	48.2	1.97	-0.81	0.32	1.72	-0.02	-0.01	1.08	1.38	14.32	0	4.5	0.65	0	-18
0.0182309278350515	0.00150515463917526	46.08	1.87	-0.72	0.22	1.66	-0.04	-0.02	1.07	1.32	13.74	0	4.25	0.6	0	-18
0.017439175257732	0.0014020618556701	44.06	1.77	-0.62	0.21	1.57	-0.06	-0.02	1.08	1.24	13.18	0	4	0.6	0	-22
0.0166556701030928	0.00138144329896907	42.05	1.66	-0.6	0.21	1.51	-0.07	-0.01	1.08	1.14	12.66	0	3.9	0.55	0	-25
0.0157896907216495	0.00127835051546392	39.94	1.65	-0.53	0.22	1.4	-0.09	-0.01	1.06	1	12.12	0	3.65	0.55	0	-28
0.014919587628866	0.00121649484536082	37.72	1.54	-0.52	0.15	1.31	-0.11	-0.02	1.05	0.82	11.52	0	3.45	0.5	0	-31
0.014140206185567	0.00117525773195876	35.71	1.42	-0.42	0.09	1.24	-0.11	-0.06	1.03	0.68	11.04	0	3.35	0.5	0	-34
0.0133484536082474	0.00109278350515464	33.68	1.31	-0.43	0.08	1.17	-0.12	-0.05	1.02	0.52	10.5	0	3.1	0.45	0	-37
0.0125938144329897	0.00105154639175258	31.76	1.22	-0.33	0.09	1.1	-0.13	-0.06	1.01	0.38	9.96	0	2.95	0.4	0	-42
0.0118432989690722	0.000969072164948454	29.84	1.12	-0.32	0.09	1.01	-0.14	-0.06	0.99	0.2	9.36	0	2.7	0.35	0	-46
0.0110515463917526	0.00088659793814433	27.81	1.01	-0.22	-0.01	0.93	-0.15	-0.05	0.98	0.1	8.78	0	2.55	0.4	0	-50
0.0102969072164948	0.000845360824742268	25.87	0.9	-0.22	-0.01	0.83	-0.16	-0.06	0.97	-0.04	8.18	0	2.4	0.35	0	-52
0.00949278350515464	0.000762886597938144	23.84	0.82	-0.22	0.01	0.74	-0.16	-0.07	0.96	-0.18	7.56	0	2.15	0.3	0	-57
0.00874226804123711	0.000701030927835052	21.91	0.71	-0.12	0.02	0.59	-0.18	-0.09	0.94	-0.34	6.96	0	1.95	0.25	0	-61
0.00797938144329897	0.000639175257731959	19.95	0.6	-0.13	-0.11	0.47	-0.19	-0.19	0.9	-0.5	6.34	0	1.8	0.25	0	-63
0.00722886597938144	0.000577319587628866	18.02	0.49	-0.12	-0.1	0.33	-0.21	-0.25	0.89	-0.66	5.7	0	1.6	0.2	0	-66
0.0064659793814433	0.000515463917525773	16.06	0.38	-0.12	-0.1	0.18	-0.22	-0.31	0.85	-0.84	5.14	0	1.4	0.15	0	-71
0.0056701030927835	0.00045360824742268	14.02	0.27	-0.13	-0.1	0.01	-0.23	-0.36	0.83	-1.08	4.5	0	1.25	0.15	0	-74
0.00479587628865979	0.000412371134020619	11.8	0.17	-0.03	-0.2	-0.16	-0.25	-0.43	0.8	-1.34	3.82	0	1.05	0.05	0	-78
0.00409072164948454	0.000309278350515464	9.98	0.06	-0.02	-0.2	-0.27	-0.26	-0.47	0.76	-1.56	3.26	0	0.9	0.15	0	-81
0.00408247422680412	0.000329896907216495	9.98	0.08	-0.02	-0.19	-0.28	-0.26	-0.48	0.75	-1.48	3.3	0	0.9	0.1	0	-73
0.00408659793814433	0.000329896907216495	9.98	0.07	-0.03	-0.2	-0.29	-0.24	-0.48	0.73	-1.52	3.3	0	0.9	0.1	0	-73
0.00354639175257732	0.000268041237113402	8.57	-0.03	-0.02	-0.19	-0.34	-0.27	-0.49	0.72	-1.68	2.78	0	0.75	0.1	0	-84
0.00277113402061856	0.00022680412371134	6.58	-0.14	-0.01	-0.2	-0.39	-0.28	-0.55	0.7	-1.88	2.1	0	0.6	0.05	0	-87
0.00196701030927835	0.000144329896907216	4.49	-0.28	-0.02	-0.22	-0.44	-0.31	-0.54	0.65	-2.06	1.4	0	0.4	0.05	0	-92
0.00119175257731959	8.24742268041237e-05	2.51	-0.38	-0.02	-0.32	-0.47	-0.31	-0.49	0.59	-2.28	0.7	0	0.25	0.05	0	-97
0.000490721649484536	2.06185567010309e-05	0.7	-0.49	0.08	-0.32	-0.55	-0.33	-0.45	0.56	-2.5	0.08	0	0.1	0.05	0	-99
-0.000255670103092783	-4.12371134020619e-05	-1.19	-0.57	0.09	-0.32	-0.54	-0.34	-0.38	0.52	-2.64	-0.58	0	-0.1	0	0	-102
-0.000997938144329897	-0.000103092783505155	-2.99	-0.57	0.1	-0.32	-0.55	-0.35	-0.33	0.46	-2.84	-1.2	0	-0.3	-0.05	0	-106
-0.0017319587628866	-0.000164948453608247	-4.88	-0.68	0.08	-0.31	-0.55	-0.36	-0.26	0.42	-3.1	-1.84	0	-0.45	-0.05	0	-109
-0.00259381443298969	-0.000247422680412371	-7.17	-0.88	0.09	-0.3	-0.55	-0.36	-0.17	0.37	-3.42	-2.62	0	-0.65	-0.05	0	-117
-0.00337319587628866	-0.000329896907216495	-9.06	-0.88	0.08	-0.29	-0.55	-0.36	-0.08	0.32	-3.74	-3.2	0	-0.9	-0.1	0	-122
-0.00410721649484536	-0.000371134020618557	-10.95	-0.99	0.08	-0.3	-0.55	-0.37	0	0.3	-4.08	-3.82	0	-1.05	-0.15	0	-129
-0.00484948453608247	-0.00043298969072165	-12.84	-1.08	0.18	-0.3	-0.53	-0.45	0.08	0.27	-4.4	-4.36	0	-1.2	-0.15	0	-133
-0.00558350515463918	-0.000494845360824742	-14.74	-1.2	0.18	-0.31	-0.51	-0.45	0.16	0.23	-4.7	-4.96	0	-1.35	-0.15	0	-136
-0.00635876288659794	-0.000597938144329897	-16.72	-1.3	0.18	-0.3	-0.5	-0.44	0.29	0.18	-5.04	-5.56	0	-1.6	-0.15	0	-143
-0.00710927835051546	-0.000618556701030928	-18.64	-1.4	0.18	-0.28	-0.43	-0.43	0.39	0.15	-5.32	-6.1	0	-1.7	-0.2	0	-145
-0.0079340206185567	-0.000721649484536082	-20.73	-1.49	0.18	-0.29	-0.39	-0.43	0.49	0.14	-5.64	-6.66	0	-1.95	-0.2	0	-150
-0.00867216494845361	-0.000762886597938144	-22.63	-1.6	0.18	-0.29	-0.36	-0.45	0.56	0.12	-5.94	-7.14	0	-2.1	-0.25	0	-156
-0.00941855670103093	-0.000845360824742268	-24.54	-1.7	0.19	-0.31	-0.32	-0.42	0.64	0.11	-6.22	-7.62	0	-2.3	-0.25	0	-162
-0.0101154639175258	-0.000907216494845361	-26.35	-1.82	0.28	-0.38	-0.31	-0.42	0.69	0.09	-6.54	-8.04	0	-2.45	-0.25	0	-167
-0.0108577319587629	-0.000989690721649484	-28.25	-1.92	0.28	-0.38	-0.3	-0.41	0.76	0.1	-6.82	-8.46	0	-2.65	-0.25	0	-171
-0.0116329896907216	-0.00101030927835052	-30.25	-2.04	0.29	-0.41	-0.29	-0.4	0.8	0.07	-7.1	-8.9	0	-2.75	-0.3	0	-177
-0.0124164948453608	-0.00105154639175258	-32.25	-2.14	0.3	-0.4	-0.29	-0.4	0.83	0.06	-7.44	-9.34	0	-2.9	-0.35	0	-182
-0.0132371134020619	-0.0011340206185567	-34.35	-2.25	0.28	-0.41	-0.29	-0.37	0.88	0.05	-7.74	-9.78	0	-3.15	-0.4	0	-188
-0.0139917525773196	-0.00121649484536082	-36.28	-2.35	0.28	-0.41	-0.28	-0.37	0.92	0.05	-8.04	-10.14	0	-3.3	-0.35	0	-194
-0.0147216494845361	-0.00125773195876289	-38.18	-2.48	0.28	-0.42	-0.29	-0.36	0.94	0.07	-8.36	-10.54	0	-3.4	-0.35	0	-199
-0.015039175257732	-0.00125773195876289	-38.95	-2.48	0.28	-0.43	-0.29	-0.35	0.94	0.07	-8.44	-10.68	0	-3.45	-0.4	0	-197
-0.0143752577319588	-0.00123711340206186	-37.32	-2.46	0.28	-0.42	-0.27	-0.34	0.94	0.06	-8.18	-10.44	0	-3.35	-0.35	0	-180
-0.0133525773195876	-0.0011340206185567	-34.74	-2.36	0.27	-0.43	-0.31	-0.34	0.88	0.04	-7.84	-10.04	0	-3.05	-0.3	0	-163
-0.0125030927835052	-0.00109278350515464	-32.53	-2.21	0.28	-0.43	-0.34	-0.34	0.8	0.04	-7.52	-9.66	0	-2.9	-0.25	0	-147
-0.0116329896907216	-0.00105154639175258	-30.34	-2.13	0.29	-0.42	-0.38	-0.34	0.73	0.02	-7.22	-9.3	0	-2.75	-0.2	0	-135
-0.0105896907216495	-0.000969072164948454	-27.64	-1.96	0.18	-0.43	-0.43	-0.37	0.63	0.01	-6.84	-8.78	0	-2.5	-0.15	0	-119
-0.00974845360824742	-0.000845360824742268	-25.48	-1.84	0.19	-0.43	-0.48	-0.4	0.55	0	-6.54	-8.34	0	-2.3	-0.25	0	-108
-0.00890309278350515	-0.000783505154639175	-23.3	-1.71	0.08	-0.39	-0.51	-0.43	0.45	0	-6.18	-7.84	0	-2.15	-0.25	0	-98
-0.008	-0.000742268041237113	-21.01	-1.61	0.08	-0.4	-0.55	-0.47	0.34	-0.01	-5.82	-7.3	0	-2	-0.2	0	-89
-0.00717938144329897	-0.000639175257731959	-18.92	-1.51	0.09	-0.41	-0.58	-0.52	0.25	-0.02	-5.48	-6.72	0	-1.75	-0.2	0	-78
-0.00636288659793814	-0.000597938144329897	-16.83	-1.4	-0.02	-0.41	-0.61	-0.57	0.07	-0.05	-5.12	-6.14	0	-1.6	-0.15	0	-73
-0.00554226804123711	-0.000515463917525773	-14.74	-1.3	-0.12	-0.41	-0.64	-0.63	-0.03	-0.06	-4.76	-5.52	0	-1.35	-0.1	0	-64
-0.00460618556701031	-0.000412371134020619	-12.37	-1.2	-0.22	-0.4	-0.66	-0.71	-0.14	-0.14	-4.3	-4.88	0	-1.15	-0.15	0	-55
-0.0037979381443299	-0.000391752577319588	-10.19	-0.98	-0.32	-0.28	-0.65	-0.78	-0.19	-0.2	-3.82	-4.28	0	-1	-0.05	0	-45
-0.00228041237113402	-0.00022680412371134	-6.19	-0.66	-0.62	-0.29	-0.64	-0.93	-0.3	-0.42	-2.94	-3.16	0	-0.6	-0.05	0	-28
-0.000845360824742268	-0.000103092783505155	-2.51	-0.46	-1.02	-0.19	-0.56	-1.14	-0.33	-0.71	-2.16	-2.34	0	-0.25	0	0	-12
0.000321649484536083	2.06185567010309e-05	0.52	-0.26	-1.12	-0.11	-0.47	-1.15	-0.32	-0.78	-1.46	-1.48	0	0.05	0	0	-2
0.0023340206185567	0.000185567010309278	5.83	0.17	-1.13	0.1	-0.34	-0.98	-0.33	-0.77	-0.46	-0.02	0	0.55	0.1	0	8
0.00477113402061856	0.000391752577319588	12.17	0.6	-1.12	0.21	-0.1	-0.86	-0.33	-0.71	-0.04	2.06	0	1.1	0.15	0	13
0.00691134020618557	0.000515463917525773	17.67	0.91	-1.13	0.4	0.12	-0.68	-0.26	-0.52	0.14	3.64	0	1.5	0.25	0	14
0.00944329896907216	0.000701030927835052	24.04	1.14	-1.13	0.62	0.39	-0.37	-0.22	-0.18	0.3	5.62	0	2.1	0.4	0	18
0.0102268041237113	0.000824742268041237	26.03	1.23	-1.13	0.73	0.46	-0.32	-0.21	-0.14	0.42	6.12	0	2.4	0.4	0	20
0.0110556701030928	0.00088659793814433	28.12	1.31	-1.13	0.73	0.56	-0.29	-0.21	-0.14	0.62	6.56	0	2.6	0.45	0	23
0.0119422680412371	0.000927835051546392	30.4	1.44	-1.13	0.82	0.66	-0.27	-0.19	-0.15	0.92	7.02	0	2.7	0.45	0	25
0.0142886597938144	0.00115463917525773	36.3	1.65	-1.13	0.94	0.92	-0.22	-0.15	-0.14	1.62	8.28	0	3.35	0.55	0	31
0.0151546391752577	0.00121649484536082	38.4	1.65	-1.13	0.92	1.03	-0.18	-0.14	-0.12	1.86	8.72	0	3.55	0.6	0	36
0.0163340206185567	0.00134020618556701	41.36	1.75	-1.23	1	1.16	-0.17	-0.14	-0.09	2.32	9.22	0	3.85	0.6	0	40
0.0187670103092784	0.00152577319587629	47.47	1.96	-1.23	1.02	1.39	-0.05	-0.13	-0.03	3.44	10.22	0	4.4	0.7	0	49
0.0195752577319588	0.00160824742268041	49.48	2.01	-1.23	1.03	1.51	-0.03	-0.12	-0.01	3.72	10.64	0	4.6	0.7	0	54
0.0204082474226804	0.00167010309278351	51.58	2.09	-1.23	1.04	1.61	0	-0.11	0.02	4.04	11.06	0	4.8	0.75	0	58
0.0212453608247423	0.00175257731958763	53.7	2.18	-1.27	1.02	1.68	0.02	-0.08	0.03	4.28	11.5	0	5	0.75	0	63
0.0221649484536082	0.00181443298969072	55.99	2.24	-1.33	1.08	1.78	0.04	-0.07	0.07	4.52	12.08	0	5.2	0.8	0	65
0.0232536082474227	0.00193814432989691	58.68	2.29	-1.33	1.15	1.9	0.09	-0.06	0.09	4.62	12.88	0	5.5	0.8	0	70
0.0238515463917526	0.00197938144329897	60.21	2.37	-1.35	1.13	1.96	0.09	-0.07	0.11	4.72	13.38	0	5.65	0.85	0	71
0.0248701030927835	0.00204123711340206	62.8	2.49	-1.34	1.16	2.09	0.12	-0.07	0.13	4.86	14.18	0	5.85	0.9	0	75
0.0257855670103093	0.00210309278350515	65.02	2.49	-1.34	1.15	2.19	0.14	-0.06	0.16	5	14.84	0	6.05	0.95	0	79
0.0268948453608247	0.00222680412371134	67.82	2.6	-1.33	1.14	2.32	0.19	-0.06	0.19	5.16	15.68	0	6.35	0.95	0	83
0.0277278350515464	0.00228865979381443	69.94	2.7	-1.33	1.13	2.41	0.2	-0.06	0.22	5.22	16.42	0	6.55	1	0	85
0.0286061855670103	0.00239175257731959	72.06	2.69	-1.42	1.14	2.51	0.22	-0.06	0.24	5.24	17.14	0	6.8	1	0	89
0.029360824742268	0.00243298969072165	74	2.8	-1.46	1.12	2.58	0.24	-0.05	0.25	5.26	17.82	0	6.95	1.05	0	89
0.0303917525773196	0.00251546391752577	76.62	2.92	-1.43	1.12	2.7	0.26	-0.01	0.29	5.3	18.68	0	7.25	1.15	0	92
0.0311587628865979	0.0025979381443299	78.47	2.91	-1.43	1.13	2.81	0.29	-0.01	0.31	5.34	19.38	0	7.4	1.1	0	95
0.0319422680412371	0.00272164948453608	80.49	3.03	-1.43	1.12	2.92	0.28	0	0.34	5.38	20.1	0	7.6	1	0	97
0.0327051546391753	0.00274226804123711	82.35	3.04	-1.43	1.12	3.01	0.3	0	0.37	5.42	20.74	0	7.75	1.1	0	98
0.0336659793814433	0.00280412371134021	84.77	3.13	-1.42	1.14	3.11	0.31	0.01	0.39	5.44	21.58	0	8	1.2	0	102
0.0344288659793814	0.00290721649484536	86.63	3.14	-1.43	1.12	3.19	0.32	0	0.42	5.48	22.2	0	8.2	1.15	0	104
0.0351835051546392	0.00288659793814433	88.56	3.24	-1.53	1.15	3.28	0.34	0.01	0.45	5.5	22.88	0	8.3	1.3	0	106
0.0359505154639175	0.00301030927835052	90.42	3.24	-1.53	1.14	3.37	0.38	-0.02	0.45	5.52	23.52	0	8.55	1.25	0	109
0.0367216494845361	0.00307216494845361	92.39	3.34	-1.53	1.13	3.47	0.38	0	0.49	5.54	24.18	0	8.7	1.25	0	111
0.0375216494845361	0.00315463917525773	94.34	3.35	-1.54	1.13	3.56	0.39	0.01	0.51	5.58	24.84	0	8.95	1.3	0	113
0.0384453608247423	0.00323711340206186	96.69	3.46	-1.53	1.12	3.67	0.4	0.01	0.53	5.62	25.66	0	9.15	1.3	0	115
0.0392164948453608	0.00327835051546392	98.54	3.44	-1.53	1.14	3.75	0.41	0	0.55	5.64	26.3	0	9.35	1.4	0	118
0.0391670103092784	0.00334020618556701	98.54	3.56	-1.53	1.12	3.79	0.42	0.01	0.59	5.62	26.56	0	9.45	1.35	0	114
0.0391752577319588	0.00331958762886598	98.55	3.55	-1.54	1.13	3.79	0.42	0.01	0.59	5.66	26.62	0	9.4	1.35	0	112
0.0400371134020619	0.0034020618556701	100.65	3.56	-1.63	1.13	3.89	0.42	0.01	0.59	5.7	27.34	0	9.65	1.4	0	120
0.0408164948453608	0.00350515463917526	102.62	3.64	-1.66	1.13	3.98	0.43	0.01	0.61	5.74	27.96	0	9.85	1.35	0	125
0.0415835051546392	0.00348453608247423	104.5	3.66	-1.66	1.12	4.1	0.44	0.01	0.63	5.78	28.62	0	9.9	1.45	0	125
0.0424082474226804	0.00360824742268041	106.5	3.66	-1.66	1.1	4.18	0.43	0.01	0.65	5.82	29.24	0	10.25	1.5	0	130
0.0431505154639175	0.00364948453608247	108.41	3.77	-1.66	1.09	4.27	0.44	0.04	0.68	5.84	29.92	0	10.4	1.55	0	132
0.0438927835051546	0.00377319587628866	110.21	3.77	-1.67	1.11	4.35	0.43	0.05	0.7	5.88	30.54	0	10.65	1.5	0	135
0.0446432989690722	0.00383505154639175	112.02	3.76	-1.77	1.08	4.43	0.45	0.04	0.71	5.9	31.14	0	10.85	1.55	0	139
0.0455340206185567	0.00387628865979381	114.29	3.87	-1.76	1.1	4.54	0.5	0.04	0.75	5.96	31.9	0	10.95	1.55	0	141
0.0463587628865979	0.00395876288659794	116.29	3.87	-1.77	1.1	4.65	0.5	0.05	0.78	5.98	32.54	0	11.15	1.55	0	145
0.047059793814433	0.00402061855670103	118.07	3.95	-1.77	1.1	4.72	0.5	0.04	0.81	6.02	33.14	0	11.35	1.6	0	147
0.0478721649484536	0.00406185567010309	120.08	3.99	-1.76	1.11	4.83	0.51	0.05	0.83	6.06	33.82	0	11.5	1.65	0	151
0.0486309278350515	0.00412371134020619	121.9	3.97	-1.76	1.11	4.9	0.52	0.05	0.85	6.08	34.4	0	11.65	1.65	0	152
0.0494144329896907	0.00422680412371134	123.92	4.09	-1.82	1.12	4.99	0.53	0.05	0.87	6.12	35.1	0	11.9	1.65	0	155
0.0502268041237113	0.0042680412371134	125.89	4.09	-1.87	1.12	5.07	0.53	0.04	0.88	6.14	35.72	0	12.05	1.7	0	158
0.0510515463917526	0.00435051546391753	127.89	4.09	-1.86	1.11	5.19	0.53	0.04	0.91	6.18	36.36	0	12.35	1.8	0	161
0.0517979381443299	0.00441237113402062	129.8	4.19	-1.86	1.11	5.28	0.53	0.04	0.93	6.22	37	0	12.45	1.75	0	164
0.0525855670103093	0.00451546391752577	131.7	4.18	-1.88	1.1	5.36	0.54	0.04	0.96	6.22	37.64	0	12.75	1.8	0	167
0.053579381443299	0.00457731958762887	134.18	4.25	-1.87	1.1	5.47	0.54	0.04	1	6.26	38.46	0	12.95	1.85	0	173
0.0544742268041237	0.00463917525773196	136.39	4.29	-1.92	1.1	5.57	0.54	0.04	1.02	6.3	39.2	0	13.15	1.9	0	174
0.0552123711340206	0.00470103092783505	138.19	4.3	-1.97	1.11	5.68	0.58	0.04	1.05	6.32	39.78	0	13.3	1.9	0	176
0.0560082474226804	0.00476288659793814	140.21	4.39	-1.98	1.12	5.77	0.59	0.04	1.07	6.34	40.46	0	13.5	1.95	0	179
0.0567587628865979	0.00482474226804124	142.03	4.39	-1.96	1.13	5.85	0.59	0.03	1.09	6.38	41.06	0	13.65	1.95	0	182
0.0577773195876289	0.00488659793814433	144.51	4.4	-1.98	1.12	5.96	0.59	0.04	1.13	6.4	41.92	0	13.9	2.05	0	184
0.0585319587628866	0.00494845360824742	146.43	4.49	-1.98	1.13	6.04	0.6	0.07	1.15	6.44	42.56	0	14.05	2.05	0	185
0.0595175257731959	0.00503092783505155	148.83	4.5	-1.97	1.14	6.17	0.61	0.07	1.19	6.46	43.4	0	14.25	2.05	0	189
0.0601855670103093	0.00511340206185567	150.56	4.61	-2.07	1.12	6.24	0.61	0.07	1.23	6.5	44.06	0	14.5	2.1	0	191
0.0609773195876289	0.00519587628865979	152.49	4.62	-2.07	1.11	6.34	0.61	0.06	1.25	6.52	44.8	0	14.7	2.1	0	193
0.0616865979381443	0.00525773195876289	154.21	4.62	-2.07	1.11	6.41	0.61	0.07	1.27	6.56	45.5	0	14.85	2.1	0	197
0.0624123711340206	0.00534020618556701	156.05	4.7	-2.09	1.11	6.52	0.6	0.07	1.29	6.56	46.18	0	15.15	2.2	0	201
0.0632	0.0054020618556701	157.98	4.72	-2.07	1.1	6.61	0.64	0.07	1.32	6.62	46.92	0	15.25	2.15	0	201
0.0640288659793814	0.00542268041237113	159.99	4.72	-2.06	1.12	6.69	0.64	0.07	1.34	6.64	47.66	0	15.4	2.25	0	205
0.0647381443298969	0.00552577319587629	161.79	4.8	-2.07	1.12	6.76	0.65	0.07	1.36	6.66	48.32	0	15.6	2.2	0	207
0.0654927835051546	0.00558762886597938	163.65	4.83	-2.08	1.12	6.85	0.65	0.07	1.39	6.68	48.98	0	15.8	2.25	0	211
0.0662639175257732	0.00564948453608247	165.52	4.83	-2.17	1.12	6.93	0.65	0.07	1.42	6.7	49.7	0	15.95	2.25	0	212
0.0669855670103093	0.00569072164948454	167.37	4.93	-2.15	1.1	7.01	0.64	0.08	1.45	6.72	50.38	0	16.15	2.35	0	215
0.0677030927835052	0.00575257731958763	169.1	4.92	-2.18	1.09	7.09	0.65	0.07	1.46	6.72	51.32	0	16.3	2.35	0	217
0.0685030927835052	0.00587628865979382	171.03	4.91	-2.18	1.09	7.17	0.68	0.07	1.48	6.76	52.06	0	16.6	2.35	0	220
0.069179381443299	0.00593814432989691	172.79	5.03	-2.17	1.1	7.24	0.68	0.07	1.53	6.78	52.64	0	16.75	2.35	0	219
0.0700659793814433	0.006	174.94	5.03	-2.17	1.1	7.34	0.69	0.06	1.54	6.8	53.38	0	16.95	2.4	0	223
0.0711422680412371	0.00608247422680412	177.66	5.14	-2.17	1.12	7.44	0.7	0.05	1.58	6.84	54.28	0	17.2	2.45	0	226
0.0720701030927835	0.00614432989690722	179.9	5.13	-2.18	1.12	7.53	0.72	0.04	1.61	6.86	55.06	0	17.4	2.5	0	227
0.0727711340206185	0.0062680412371134	181.65	5.18	-2.27	1.12	7.6	0.72	0.04	1.63	6.82	55.64	0	17.7	2.5	0	230
0.0739175257731959	0.00635051546391753	184.48	5.23	-2.28	1.11	7.73	0.73	0.02	1.68	6.92	56.18	0	17.95	2.55	0	234
0.0747216494845361	0.00641237113402062	186.44	5.24	-2.29	1.1	7.79	0.73	0	1.7	6.92	56.18	0	18.1	2.55	0	237
0.0756123711340206	0.00647422680412371	188.7	5.34	-2.28	1.11	7.88	0.74	0	1.73	6.96	56.2	0	18.3	2.6	0	238
0.0763835051546392	0.0065360824742268	190.56	5.33	-2.27	1.13	7.96	0.77	-0.02	1.77	6.98	56.18	0	18.5	2.65	0	239
0.0767381443298969	0.0065360824742268	191.54	5.45	-2.27	1.1	7.97	0.77	-0.06	1.77	6.98	56.18	0	18.55	2.7	0	232
0.076701030927835	0.00655670103092783	191.54	5.54	-2.28	1.14	7.96	0.78	-0.1	1.78	6.96	84.78	0	18.55	2.65	0	224
0.0768123711340206	0.00657731958762887	191.83	5.56	-2.28	1.12	7.95	0.79	-0.1	1.78	6.96	84.78	0	18.6	2.65	0	227
0.0777154639175258	0.00665979381443299	194.02	5.56	-2.28	1.12	8	0.78	-0.1	1.79	7.02	84.78	0	18.8	2.65	0	235
0.0785690721649484	0.00672164948453608	196.09	5.56	-2.34	1.11	8.13	0.78	-0.1	1.82	7.02	84.76	0	19.05	2.75	0	238
0.0793154639175258	0.00676288659793814	197.91	5.57	-2.34	1.12	8.23	0.78	-0.1	1.86	7.06	84.78	0	19.15	2.75	0	243
0.0816247422680412	0.00703092783505155	203.61	5.67	-2.38	1.12	8.49	0.8	-0.1	1.93	7.14	84.8	0	19.85	2.8	0	251
0.0849773195876289	0.00727835051546392	211.95	5.88	-2.37	1.11	8.83	0.85	-0.13	2.07	7.22	84.78	0	20.55	2.9	0	260
0.0882927835051546	0.00750515463917526	220.19	6.08	-2.39	1.14	9.18	0.88	-0.2	2.2	7.3	84.78	0	21.3	3.1	0	267
0.0898515463917526	0.00764948453608247	223.97	6.08	-2.39	1.12	9.31	0.9	-0.21	2.25	7.34	84.74	0	21.65	3.1	0	271
0.0907876288659794	0.0077319587628866	226.35	6.19	-2.39	1.11	9.39	0.94	-0.23	2.3	7.34	84.76	0	21.9	3.15	0	272
0.0922721649484536	0.00785567010309278	230.05	6.29	-2.49	1.12	9.54	0.94	-0.25	2.36	7.38	84.78	0	22.25	3.2	0	272
0.0934391752577319	0.00795876288659794	232.89	6.3	-2.49	1.14	9.67	0.96	-0.29	2.41	7.6	84.78	0	22.55	3.25	0	274
0.0955628865979381	0.00816494845360825	238.21	6.47	-2.48	1.13	9.86	0.97	-0.32	2.49	7.66	84.78	0	23.05	3.25	0	279
0.0968164948453608	0.00824742268041237	241.29	6.51	-2.48	1.12	9.98	0.97	-0.35	2.55	7.66	84.76	0	23.4	3.4	0	283
0.0970721649484536	0.00822680412371134	242.02	6.62	-2.48	1.17	9.91	0.99	-0.44	2.58	7.6	84.78	0	23.25	3.3	0	265
0.0962474226804124	0.00818556701030928	240.02	6.62	-2.48	1.14	9.91	0.99	-0.44	2.59	7.58	84.76	0	23.1	3.25	0	250
0.0953113402061856	0.00806185567010309	237.75	6.62	-2.48	1.13	9.86	0.99	-0.44	2.58	7.58	84.78	0	22.85	3.3	0	240
0.0941731958762887	0.008	234.99	6.62	-2.47	1.16	9.75	0.99	-0.43	2.58	7.54	84.78	0	22.55	3.15	0	230
0.0931257731958763	0.00789690721649485	232.34	6.51	-2.48	1.15	9.62	0.99	-0.43	2.56	7.52	84.78	0	22.3	3.15	0	221
0.0916164948453608	0.00777319587628866	228.68	6.51	-2.49	1.14	9.46	0.99	-0.44	2.53	7.5	84.8	0	21.95	3.1	0	209
0.0904247422680412	0.00767010309278351	225.69	6.41	-2.48	1.15	9.33	0.99	-0.43	2.49	7.48	84.76	0	21.75	3.15	0	200
0.0878144329896907	0.00748453608247423	219.35	6.4	-2.48	1.12	8.98	0.99	-0.44	2.41	7.44	84.78	0	21.1	2.95	0	186
0.0850432989690722	0.00725773195876289	212.53	6.3	-2.48	1.13	8.61	0.99	-0.44	2.32	7.36	84.78	0	20.45	2.85	0	170
0.0829814432989691	0.00705154639175258	207.43	6.2	-2.49	1.12	8.35	0.99	-0.44	2.24	7.34	84.76	0	20	2.9	0	160
0.0818639175257732	0.00696907216494845	204.72	6.2	-2.49	1.12	8.19	1	-0.44	2.19	7.3	84.78	0	19.7	2.8	0	151
0.0809443298969072	0.00684536082474227	202.48	6.19	-2.49	1.11	8.05	0.98	-0.44	2.16	7.28	84.76	0	19.5	2.9	0	147
0.0791463917525773	0.00676288659793815	198.02	6.09	-2.48	1.11	7.78	0.99	-0.44	2.11	7.24	84.76	0	19.05	2.65	0	140
0.0782432989690722	0.00661855670103093	195.83	6.09	-2.48	1.12	7.65	0.99	-0.44	2.08	7.22	84.8	0	18.8	2.75	0	136
0.0768412371134021	0.00657731958762887	192.32	5.98	-2.48	1.11	7.45	0.98	-0.45	2.03	7.2	84.76	0	18.55	2.6	0	131
0.0745484536082474	0.00635051546391753	186.66	5.88	-2.48	1.11	7.17	0.98	-0.46	1.95	7.14	84.78	0	17.95	2.55	0	121
0.0722474226804124	0.00614432989690722	180.97	5.77	-2.48	1.12	6.88	0.99	-0.45	1.87	7.1	84.78	0	17.3	2.4	0	110
0.0699216494845361	0.00593814432989691	175.21	5.65	-2.38	1.12	6.55	1	-0.46	1.8	7.04	84.8	0	16.75	2.35	0	102
0.0674845360824742	0.00571134020618557	169.2	5.55	-2.38	1.12	6.26	0.99	-0.45	1.72	6.98	84.78	0	16.1	2.25	0	90
0.0648701030927835	0.00552577319587629	162.76	5.45	-2.28	1.13	5.91	0.99	-0.46	1.64	6.92	84.78	0	15.55	2.15	0	81
0.0627752577319588	0.00529896907216495	157.57	5.34	-2.28	1.11	5.66	0.99	-0.46	1.58	6.88	84.78	0	15	2.15	0	70
0.059439175257732	0.00501030927835052	149.28	5.14	-2.17	1.11	5.23	0.96	-0.51	1.47	6.8	84.78	0	14.1	1.95	0	60
0.0566061855670103	0.00478350515463918	142.22	4.95	-2.05	1.1	4.92	0.97	-0.51	1.38	6.72	84.78	0	13.5	1.9	0	51
0.0537567010309278	0.0045360824742268	135.19	4.83	-1.96	1.12	4.61	0.95	-0.52	1.28	6.64	84.76	0	12.85	1.85	0	42
0.0525443298969072	0.00443298969072165	132.13	4.71	-1.97	1.11	4.41	0.92	-0.51	1.23	6.64	84.78	0	12.45	1.7	0	39
0.0525896907216495	0.00441237113402062	132.13	4.6	-1.98	1.11	4.42	0.93	-0.51	1.23	6.62	84.78	0	12.45	1.75	0	44
0.0525443298969072	0.00435051546391753	132.03	4.61	-1.97	1.12	4.42	0.93	-0.51	1.23	6.62	84.78	0	12.4	1.85	0	41
0.0504288659793814	0.00422680412371134	126.79	4.5	-1.87	1.09	4.17	0.9	-0.52	1.17	6.56	84.74	0	11.9	1.65	0	31
0.0483134020618557	0.00397938144329897	121.45	4.29	-1.87	1.02	3.96	0.88	-0.51	1.1	6.52	84.78	0	11.35	1.7	0	21
0.0453855670103093	0.0037319587628866	114.2	4.14	-1.77	1.01	3.59	0.81	-0.51	1.01	6.4	84.78	0	10.7	1.65	0	12
0.0438515463917526	0.00360824742268041	110.31	3.97	-1.73	1.01	3.43	0.76	-0.55	0.97	6.36	84.78	0	10.3	1.55	0	10
0.0421360824742268	0.00348453608247423	106.04	3.86	-1.67	1.02	3.25	0.71	-0.56	0.93	6.32	84.78	0	9.95	1.5	0	7
0.037059793814433	0.00305154639175258	93.32	3.45	-1.53	0.82	2.8	0.53	-0.55	0.8	6.2	84.78	0	8.7	1.3	0	4
0.0346268041237113	0.00282474226804124	87.17	3.2	-1.57	0.78	2.51	0.36	-0.56	0.73	6.12	84.78	0	8.1	1.25	0	0
0.0343051546391753	0.00284536082474227	86.32	3.13	-1.46	0.7	2.5	0.34	-0.58	0.71	6.12	84.78	0	8.1	1.2	0	5
