4.94845360824742e-05	5	0	0
0.000602061855670103	37	6.18556701030928e-05	0
0.00144742268041237	57	0.000123711340206186	0
0.0022680412371134	81	0.000185567010309278	0
0.00297319587628866	102	0.000247422680412371	0
0.00345979381443299	113	0.000288659793814433	0
0.00380618556701031	119	0.000329896907216495	0
0.00458556701030928	140	0.000391752577319588	0
0.00532783505154639	158	0.00045360824742268	0
0.00614020618556701	173	0.000494845360824742	0
0.00682886597938144	186	0.000597938144329897	0
0.00763298969072165	198	0.000597938144329897	0
0.00811958762886598	207	0.000639175257731959	0
0.00869690721649484	211	0.000742268041237113	0
0.00945567010309278	221	0.000783505154639175	0
0.0101855670103093	236	0.000824742268041237	0
0.0110061855670103	245	0.000927835051546392	0
0.0116783505154639	255	0.000969072164948454	0
0.0124329896907216	266	0.00103092783505155	0
0.0131340206185567	273	0.00111340206185567	0
0.013839175257732	283	0.00121649484536082	0
0.0145443298969072	293	0.00123711340206186	0
0.0152123711340206	302	0.00127835051546392	0
0.0167958762886598	309	0.00136082474226804	0
0.0177360824742268	322	0.00142268041237113	0
0.018519587628866	331	0.00154639175257732	0
0.0191917525773196	340	0.00160824742268041	0
0.0201319587628866	354	0.00167010309278351	0
0.0207670103092784	363	0.0017319587628866	0
0.0214432989690722	369	0.00177319587628866	0
0.0220742268041237	377	0.00183505154639175	0
0.0227505154639175	385	0.00189690721649485	0
0.023360824742268	392	0.002	0
0.0239835051546392	398	0.00202061855670103	0
0.0247010309278351	407	0.00210309278350515	0
0.0253237113402062	414	0.00210309278350515	0
0.0260041237113402	421	0.00218556701030928	0
0.0266845360824742	433	0.0022680412371134	0
0.027319587628866	437	0.00228865979381443	0
0.0279134020618557	444	0.00235051546391753	0
0.0284742268041237	451	0.00241237113402062	0
0.0291051546391753	456	0.00243298969072165	0
0.0297154639175258	464	0.00249484536082474	0
0.0305896907216495	470	0.00255670103092784	0
0.0312288659793814	473	0.00263917525773196	0
0.0317896907216495	481	0.00268041237113402	0
0.0324742268041237	485	0.00274226804123711	0
0.033080412371134	488	0.00278350515463918	0
0.033719587628866	494	0.00284536082474227	0
0.0343628865979381	500	0.00292783505154639	0
0.0359505154639175	507	0.00307216494845361	0
0.0365773195876289	513	0.00311340206185567	0
0.0372082474226804	517	0.0031340206185567	0
0.0377484536082474	522	0.00317525773195876	0
