4.94845360824742e-05	5
0.000602061855670103	37
0.00144742268041237	57
0.0022680412371134	81
0.00297319587628866	102
0.00345979381443299	113
0.00380618556701031	119
0.00458556701030928	140
0.00532783505154639	158
0.00614020618556701	173
0.00682886597938144	186
0.00763298969072165	198
0.00811958762886598	207
0.00869690721649484	211
0.00945567010309278	221
0.0101855670103093	236
0.0110061855670103	245
0.0116783505154639	255
0.0124329896907216	266
0.0131340206185567	273
0.013839175257732	283
0.0145443298969072	293
0.0152123711340206	302
0.0167958762886598	309
0.0177360824742268	322
0.018519587628866	331
0.0191917525773196	340
0.0201319587628866	354
0.0207670103092784	363
0.0214432989690722	369
0.0220742268041237	377
0.0227505154639175	385
0.023360824742268	392
0.0239835051546392	398
0.0247010309278351	407
0.0253237113402062	414
0.0260041237113402	421
0.0266845360824742	433
0.027319587628866	437
0.0279134020618557	444
0.0284742268041237	451
0.0291051546391753	456
0.0297154639175258	464
0.0305896907216495	470
0.0312288659793814	473
0.0317896907216495	481
0.0324742268041237	485
0.033080412371134	488
0.033719587628866	494
0.0343628865979381	500
0.0359505154639175	507
0.0365773195876289	513
0.0372082474226804	517
0.0377484536082474	522
