## NFILE T1 T2 CB1 CB2 P1 P2 RWALL1 RWALL2 XMAX1 XMAX2 GMAX1 GMAX2 YMAX1 YMAX2 CEMAX1 CEMAX2
 1    0.10596E+01    0.45658E+00    0.50000E-01    0.77545E-01    0.17682E+01    0.11877E+01    0.97022E+01    0.65171E+01    0.20002E+03    0.30644E+02    0.72734E+00    0.12258E+00    0.21437E+03    0.74455E+02    0.42160E+02    0.19468E+02
 2    0.75304E+00    0.32641E+00    0.10000E+00    0.15020E+00    0.35365E+01    0.23005E+01    0.19404E+02    0.12623E+02    0.14773E+02    0.20001E+03    0.53720E-01    0.80004E+00    0.57692E+02    0.24888E+03    0.17928E+03    0.22360E+02
 3    0.61699E+00    0.26845E+00    0.15000E+00    0.22053E+00    0.53047E+01    0.33777E+01    0.29107E+02    0.18534E+02    0.13483E+02    0.53203E+01    0.49030E-01    0.21281E-01    0.58607E+02    0.21625E+02    0.45781E+03    0.56252E+02
 4    0.53576E+00    0.23376E+00    0.20000E+00    0.28929E+00    0.70729E+01    0.44309E+01    0.38809E+02    0.24312E+02    0.20002E+03    0.43812E+01    0.72734E+00    0.17525E-01    0.13223E+03    0.24001E+02    0.25347E+03    0.49629E+02
 5    0.43915E+00    0.19234E+00    0.30000E+00    0.42400E+00    0.10609E+02    0.64942E+01    0.58213E+02    0.35633E+02    0.93885E+01    0.33057E+01    0.34140E-01    0.13223E-01    0.46741E+02    0.25174E+02    0.49808E+03    0.85120E+02
 6    0.38152E+00    0.16758E+00    0.40000E+00    0.55503E+00    0.14146E+02    0.85012E+01    0.77618E+02    0.46646E+02    0.41849E+01    0.40214E+01    0.15218E-01    0.16086E-01    0.37460E+02    0.26543E+02    0.32470E+03    0.12067E+03
 7    0.34211E+00    0.15060E+00    0.50000E+00    0.68371E+00    0.17682E+02    0.10472E+02    0.97022E+02    0.57460E+02    0.25411E+01    0.49302E+01    0.92402E-02    0.19721E-01    0.38776E+02    0.30094E+02    0.19336E+03    0.17816E+03
 8    0.31297E+00    0.13802E+00    0.60000E+00    0.81055E+00    0.21219E+02    0.12415E+02    0.11643E+03    0.68120E+02    0.24480E+01    0.30244E+01    0.89017E-02    0.12098E-01    0.39023E+02    0.29661E+02    0.19348E+03    0.15743E+03
 9    0.29029E+00    0.12821E+00    0.70000E+00    0.93590E+00    0.24755E+02    0.14335E+02    0.13583E+03    0.78655E+02    0.23431E+01    0.30853E+01    0.85203E-02    0.12341E-01    0.35826E+02    0.27171E+02    0.20101E+03    0.12970E+03
10    0.27199E+00    0.12028E+00    0.80000E+00    0.10600E+01    0.28292E+02    0.16236E+02    0.15524E+03    0.89084E+02    0.19876E+01    0.18621E+01    0.72276E-02    0.74483E-02    0.29848E+02    0.25917E+02    0.16146E+03    0.74093E+02
11    0.25680E+00    0.11368E+00    0.90000E+00    0.11830E+01    0.31828E+02    0.18120E+02    0.17464E+03    0.99424E+02    0.17130E+01    0.15294E+01    0.62292E-02    0.61176E-02    0.25984E+02    0.22973E+02    0.14195E+03    0.64409E+02
12    0.24394E+00    0.10809E+00    0.10000E+01    0.13051E+01    0.35365E+02    0.19990E+02    0.19404E+03    0.10969E+03    0.17284E+01    0.14831E+01    0.62851E-02    0.59325E-02    0.24094E+02    0.20270E+02    0.12033E+03    0.53313E+02
